"","cumsumT","E_Scbltylag","E_EnerLevlag","A_Cmpnlag","A_Rspctlag","N_Deprlag","N_Anxtylag","N_EmoVollag","C_Prdctvlag","C_Rspnbllag","E_Scblty","E_EnerLev","A_Cmpn","A_Rspct","N_Depr","N_Anxty","N_EmoVol","C_Prdctv","C_Rspnbl"
"cumsumT",0.9514,0.0129,0.0323,0.1254,0.2424,-0.1125,-0.0799,-0.0959,0.1834,0.1791,0,0,0,0,0,0,0,0,0
"E_Scbltylag",0.0129,0.9947,0.3459,0.1312,0.2216,-0.3247,-0.2999,-0.2327,-0.201,-0.1686,0,0,0,0,0,0,0,0,0
"E_EnerLevlag",0.0323,0.3459,0.9993,0.0049,0.1417,-0.1045,-0.214,8e-04,0.2481,-0.0832,0,0,0,0,0,0,0,0,0
"A_Cmpnlag",0.1254,0.1312,0.0049,0.9632,0.1522,-0.1345,0.0785,-0.2035,0.2886,0.1531,0,0,0,0,0,0,0,0,0
"A_Rspctlag",0.2424,0.2216,0.1417,0.1522,0.999,-0.2748,-0.0713,-0.1924,-0.0556,-0.0294,0,0,0,0,0,0,0,0,0
"N_Deprlag",-0.1125,-0.3247,-0.1045,-0.1345,-0.2748,0.917,0.1571,0.3645,-0.0689,-0.1352,0,0,0,0,0,0,0,0,0
"N_Anxtylag",-0.0799,-0.2999,-0.214,0.0785,-0.0713,0.1571,0.9978,0.0865,0.1628,0.0724,0,0,0,0,0,0,0,0,0
"N_EmoVollag",-0.0959,-0.2327,8e-04,-0.2035,-0.1924,0.3645,0.0865,0.993,-0.0756,-0.062,0,0,0,0,0,0,0,0,0
"C_Prdctvlag",0.1834,-0.201,0.2481,0.2886,-0.0556,-0.0689,0.1628,-0.0756,1,0.3311,0,0,0,0,0,0,0,0,0
"C_Rspnbllag",0.1791,-0.1686,-0.0832,0.1531,-0.0294,-0.1352,0.0724,-0.062,0.3311,0.9915,0,0,0,0,0,0,0,0,0
"E_Scblty",0,0,0,0,0,0,0,0,0,0,0.8843,0,0,0,0,0,0,0,0
"E_EnerLev",0,0,0,0,0,0,0,0,0,0,0,0.7583,0,0,0,0,0,0,0
"A_Cmpn",0,0,0,0,0,0,0,0,0,0,0,0,0.9546,0,0,0,0,0,0
"A_Rspct",0,0,0,0,0,0,0,0,0,0,0,0,0,0.786,0,0,0,0,0
"N_Depr",0,0,0,0,0,0,0,0,0,0,0,0,0,0,0.893,0,0,0,0
"N_Anxty",0,0,0,0,0,0,0,0,0,0,0,0,0,0,0,0.8011,0,0,0
"N_EmoVol",0,0,0,0,0,0,0,0,0,0,0,0,0,0,0,0,0.8774,0,0
"C_Prdctv",0,0,0,0,0,0,0,0,0,0,0,0,0,0,0,0,0,0.6369,0
"C_Rspnbl",0,0,0,0,0,0,0,0,0,0,0,0,0,0,0,0,0,0,0.8226
