"","cumsumT","E_Scbltylag","E_EnerLevlag","A_Cmpnlag","A_Rspctlag","N_Deprlag","N_Anxtylag","N_EmoVollag","C_Prdctvlag","C_Rspnbllag","E_Scblty","E_EnerLev","A_Cmpn","A_Rspct","N_Depr","N_Anxty","N_EmoVol","C_Prdctv","C_Rspnbl"
"cumsumT",1,0.0132,0.0331,0.131,0.2487,-0.1204,-0.082,-0.0987,0.188,0.1844,0,0,0,0,0,0,0,0,0
"E_Scbltylag",0.0132,1,0.3469,0.1341,0.2223,-0.34,-0.301,-0.2341,-0.2015,-0.1697,0,0,0,0,0,0,0,0,0
"E_EnerLevlag",0.0331,0.3469,1,0.0049,0.1418,-0.1091,-0.2144,8e-04,0.2482,-0.0835,0,0,0,0,0,0,0,0,0
"A_Cmpnlag",0.131,0.1341,0.0049,1,0.1551,-0.1431,0.0801,-0.2081,0.2941,0.1567,0,0,0,0,0,0,0,0,0
"A_Rspctlag",0.2487,0.2223,0.1418,0.1551,1,-0.2871,-0.0714,-0.1931,-0.0556,-0.0295,0,0,0,0,0,0,0,0,0
"N_Deprlag",-0.1204,-0.34,-0.1091,-0.1431,-0.2871,1,0.1642,0.382,-0.0719,-0.1418,0,0,0,0,0,0,0,0,0
"N_Anxtylag",-0.082,-0.301,-0.2144,0.0801,-0.0714,0.1642,1,0.0869,0.163,0.0728,0,0,0,0,0,0,0,0,0
"N_EmoVollag",-0.0987,-0.2341,8e-04,-0.2081,-0.1931,0.382,0.0869,1,-0.0759,-0.0625,0,0,0,0,0,0,0,0,0
"C_Prdctvlag",0.188,-0.2015,0.2482,0.2941,-0.0556,-0.0719,0.163,-0.0759,1,0.3325,0,0,0,0,0,0,0,0,0
"C_Rspnbllag",0.1844,-0.1697,-0.0835,0.1567,-0.0295,-0.1418,0.0728,-0.0625,0.3325,1,0,0,0,0,0,0,0,0,0
"E_Scblty",0,0,0,0,0,0,0,0,0,0,0.885,0,0,0,0,0,0,0,0
"E_EnerLev",0,0,0,0,0,0,0,0,0,0,0,0.7902,0,0,0,0,0,0,0
"A_Cmpn",0,0,0,0,0,0,0,0,0,0,0,0,0.9781,0,0,0,0,0,0
"A_Rspct",0,0,0,0,0,0,0,0,0,0,0,0,0,0.881,0,0,0,0,0
"N_Depr",0,0,0,0,0,0,0,0,0,0,0,0,0,0,0.8966,0,0,0,0
"N_Anxty",0,0,0,0,0,0,0,0,0,0,0,0,0,0,0,0.8161,0,0,0
"N_EmoVol",0,0,0,0,0,0,0,0,0,0,0,0,0,0,0,0,0.8836,0,0
"C_Prdctv",0,0,0,0,0,0,0,0,0,0,0,0,0,0,0,0,0,0.5909,0
"C_Rspnbl",0,0,0,0,0,0,0,0,0,0,0,0,0,0,0,0,0,0,0.8427
