"","cumsumT","E_Scbltylag","E_EnerLevlag","A_Cmpnlag","A_Rspctlag","N_Deprlag","N_Anxtylag","N_EmoVollag","C_Prdctvlag","C_Rspnbllag","E_Scblty","E_EnerLev","A_Cmpn","A_Rspct","N_Depr","N_Anxty","N_EmoVol","C_Prdctv","C_Rspnbl"
"cumsumT",0.9519,0.152,0.2588,0.0099,0.0292,-0.2314,-0.0475,-0.2481,-9e-04,-0.019,0,0,0,0,0,0,0,0,0
"E_Scbltylag",0.152,0.9907,0.1749,0.1459,0.0134,-0.1351,0.0021,0.2314,0.1335,0.0133,0,0,0,0,0,0,0,0,0
"E_EnerLevlag",0.2588,0.1749,0.9971,0.2769,0.2246,8e-04,0.0128,-0.2184,0.1007,0.0409,0,0,0,0,0,0,0,0,0
"A_Cmpnlag",0.0099,0.1459,0.2769,0.9999,0.298,-0.2334,-0.0897,-0.2801,0.0665,-0.0159,0,0,0,0,0,0,0,0,0
"A_Rspctlag",0.0292,0.0134,0.2246,0.298,0.9219,-0.0911,-0.2493,-0.3075,0.0521,0.2549,0,0,0,0,0,0,0,0,0
"N_Deprlag",-0.2314,-0.1351,8e-04,-0.2334,-0.0911,0.9985,0.2694,0.1219,-0.0734,1e-04,0,0,0,0,0,0,0,0,0
"N_Anxtylag",-0.0475,0.0021,0.0128,-0.0897,-0.2493,0.2694,0.9995,0.2526,-0.1136,-0.1044,0,0,0,0,0,0,0,0,0
"N_EmoVollag",-0.2481,0.2314,-0.2184,-0.2801,-0.3075,0.1219,0.2526,0.9936,-0.0991,-0.2592,0,0,0,0,0,0,0,0,0
"C_Prdctvlag",-9e-04,0.1335,0.1007,0.0665,0.0521,-0.0734,-0.1136,-0.0991,0.9995,0.2547,0,0,0,0,0,0,0,0,0
"C_Rspnbllag",-0.019,0.0133,0.0409,-0.0159,0.2549,1e-04,-0.1044,-0.2592,0.2547,0.9992,0,0,0,0,0,0,0,0,0
"E_Scblty",0,0,0,0,0,0,0,0,0,0,0.9741,0,0,0,0,0,0,0,0
"E_EnerLev",0,0,0,0,0,0,0,0,0,0,0,0.8828,0,0,0,0,0,0,0
"A_Cmpn",0,0,0,0,0,0,0,0,0,0,0,0,0.799,0,0,0,0,0,0
"A_Rspct",0,0,0,0,0,0,0,0,0,0,0,0,0,0.6517,0,0,0,0,0
"N_Depr",0,0,0,0,0,0,0,0,0,0,0,0,0,0,0.802,0,0,0,0
"N_Anxty",0,0,0,0,0,0,0,0,0,0,0,0,0,0,0,0.9961,0,0,0
"N_EmoVol",0,0,0,0,0,0,0,0,0,0,0,0,0,0,0,0,0.8298,0,0
"C_Prdctv",0,0,0,0,0,0,0,0,0,0,0,0,0,0,0,0,0,0.8466,0
"C_Rspnbl",0,0,0,0,0,0,0,0,0,0,0,0,0,0,0,0,0,0,0.9199
