"","cumsumT","E_Scbltylag","E_EnerLevlag","A_Cmpnlag","A_Rspctlag","N_Deprlag","N_Anxtylag","N_EmoVollag","C_Prdctvlag","C_Rspnbllag","E_Scblty","E_EnerLev","A_Cmpn","A_Rspct","N_Depr","N_Anxty","N_EmoVol","C_Prdctv","C_Rspnbl"
"cumsumT",0.9462,0.1565,0.1228,0.0466,0.1258,0.1218,-0.2006,-0.2513,0.3867,0.0387,0,0,0,0,0,0,0,0,0
"E_Scbltylag",0.1565,0.9821,0.3006,0.0031,0.1966,-0.3545,-0.0563,-0.2856,0.2675,-0.0918,0,0,0,0,0,0,0,0,0
"E_EnerLevlag",0.1228,0.3006,0.9996,0.1474,0.1234,-0.303,-0.0941,-0.098,0.1698,0.0308,0,0,0,0,0,0,0,0,0
"A_Cmpnlag",0.0466,0.0031,0.1474,0.9807,0.23,-0.1376,-0.3573,-0.282,0.1136,0.4224,0,0,0,0,0,0,0,0,0
"A_Rspctlag",0.1258,0.1966,0.1234,0.23,0.9409,-0.2621,-0.2108,-0.2468,0.1382,0.0306,0,0,0,0,0,0,0,0,0
"N_Deprlag",0.1218,-0.3545,-0.303,-0.1376,-0.2621,0.9911,0.368,0.4373,-0.0087,-0.0558,0,0,0,0,0,0,0,0,0
"N_Anxtylag",-0.2006,-0.0563,-0.0941,-0.3573,-0.2108,0.368,0.9349,0.5356,-0.0445,-0.1714,0,0,0,0,0,0,0,0,0
"N_EmoVollag",-0.2513,-0.2856,-0.098,-0.282,-0.2468,0.4373,0.5356,0.9878,-0.2978,0.0088,0,0,0,0,0,0,0,0,0
"C_Prdctvlag",0.3867,0.2675,0.1698,0.1136,0.1382,-0.0087,-0.0445,-0.2978,0.9887,0.2505,0,0,0,0,0,0,0,0,0
"C_Rspnbllag",0.0387,-0.0918,0.0308,0.4224,0.0306,-0.0558,-0.1714,0.0088,0.2505,0.9967,0,0,0,0,0,0,0,0,0
"E_Scblty",0,0,0,0,0,0,0,0,0,0,0.84,0,0,0,0,0,0,0,0
"E_EnerLev",0,0,0,0,0,0,0,0,0,0,0,0.8677,0,0,0,0,0,0,0
"A_Cmpn",0,0,0,0,0,0,0,0,0,0,0,0,0.8427,0,0,0,0,0,0
"A_Rspct",0,0,0,0,0,0,0,0,0,0,0,0,0,0.9256,0,0,0,0,0
"N_Depr",0,0,0,0,0,0,0,0,0,0,0,0,0,0,0.6095,0,0,0,0
"N_Anxty",0,0,0,0,0,0,0,0,0,0,0,0,0,0,0,0.6393,0,0,0
"N_EmoVol",0,0,0,0,0,0,0,0,0,0,0,0,0,0,0,0,0.8316,0,0
"C_Prdctv",0,0,0,0,0,0,0,0,0,0,0,0,0,0,0,0,0,0.7825,0
"C_Rspnbl",0,0,0,0,0,0,0,0,0,0,0,0,0,0,0,0,0,0,0.7491
