"","cumsumT","E_Scbltylag","E_EnerLevlag","A_Cmpnlag","A_Rspctlag","N_Deprlag","N_Anxtylag","N_EmoVollag","C_Prdctvlag","C_Rspnbllag","E_Scblty","E_EnerLev","A_Cmpn","A_Rspct","N_Depr","N_Anxty","N_EmoVol","C_Prdctv","C_Rspnbl"
"cumsumT",0.9288,0.0399,-0.0195,-0.1596,0.0336,-0.019,-0.2743,-0.271,0.004,0.1709,0,0,0,0,0,0,0,0,0
"E_Scbltylag",0.0399,0.9994,0.6804,0.5069,0.0145,-0.5148,-0.4015,0.0934,0.3598,0.3587,0,0,0,0,0,0,0,0,0
"E_EnerLevlag",-0.0195,0.6804,0.9943,0.5369,-0.0368,-0.4953,-0.3861,-0.0658,0.4983,0.4239,0,0,0,0,0,0,0,0,0
"A_Cmpnlag",-0.1596,0.5069,0.5369,0.9517,0.1482,-0.336,-0.3404,0.0215,0.43,0.2143,0,0,0,0,0,0,0,0,0
"A_Rspctlag",0.0336,0.0145,-0.0368,0.1482,0.9673,-0.2115,-0.3653,-0.2518,-0.0186,0.1863,0,0,0,0,0,0,0,0,0
"N_Deprlag",-0.019,-0.5148,-0.4953,-0.336,-0.2115,0.9743,0.6488,0.5808,-0.4993,-0.3835,0,0,0,0,0,0,0,0,0
"N_Anxtylag",-0.2743,-0.4015,-0.3861,-0.3404,-0.3653,0.6488,0.9372,0.3459,-0.2355,-0.3659,0,0,0,0,0,0,0,0,0
"N_EmoVollag",-0.271,0.0934,-0.0658,0.0215,-0.2518,0.5808,0.3459,0.9837,-0.4366,-0.3355,0,0,0,0,0,0,0,0,0
"C_Prdctvlag",0.004,0.3598,0.4983,0.43,-0.0186,-0.4993,-0.2355,-0.4366,0.9945,0.4958,0,0,0,0,0,0,0,0,0
"C_Rspnbllag",0.1709,0.3587,0.4239,0.2143,0.1863,-0.3835,-0.3659,-0.3355,0.4958,0.997,0,0,0,0,0,0,0,0,0
"E_Scblty",0,0,0,0,0,0,0,0,0,0,0.4581,0,0,0,0,0,0,0,0
"E_EnerLev",0,0,0,0,0,0,0,0,0,0,0,0.5943,0,0,0,0,0,0,0
"A_Cmpn",0,0,0,0,0,0,0,0,0,0,0,0,0.6991,0,0,0,0,0,0
"A_Rspct",0,0,0,0,0,0,0,0,0,0,0,0,0,0.753,0,0,0,0,0
"N_Depr",0,0,0,0,0,0,0,0,0,0,0,0,0,0,0.5159,0,0,0,0
"N_Anxty",0,0,0,0,0,0,0,0,0,0,0,0,0,0,0,0.58,0,0,0
"N_EmoVol",0,0,0,0,0,0,0,0,0,0,0,0,0,0,0,0,0.262,0,0
"C_Prdctv",0,0,0,0,0,0,0,0,0,0,0,0,0,0,0,0,0,0.2677,0
"C_Rspnbl",0,0,0,0,0,0,0,0,0,0,0,0,0,0,0,0,0,0,0.8713
