"","cumsumT","E_Scbltylag","E_EnerLevlag","A_Cmpnlag","A_Rspctlag","N_Deprlag","N_Anxtylag","N_EmoVollag","C_Prdctvlag","C_Rspnbllag","E_Scblty","E_EnerLev","A_Cmpn","A_Rspct","N_Depr","N_Anxty","N_EmoVol","C_Prdctv","C_Rspnbl"
"cumsumT",0.9415,-0.0381,0.1509,-0.1291,-0.1395,-0.1227,0.1117,0.0232,0.054,-0.2318,0,0,0,0,0,0,0,0,0
"E_Scbltylag",-0.0381,0.9966,0.5513,0.1649,-0.1389,-0.0459,0.1976,0.1358,0.1458,0.2994,0,0,0,0,0,0,0,0,0
"E_EnerLevlag",0.1509,0.5513,0.9994,0.1211,-0.0035,-0.1541,0.0605,0.2158,0.1832,-0.0502,0,0,0,0,0,0,0,0,0
"A_Cmpnlag",-0.1291,0.1649,0.1211,0.9934,0.4179,-0.2954,-0.3211,-0.267,-0.0892,0.1902,0,0,0,0,0,0,0,0,0
"A_Rspctlag",-0.1395,-0.1389,-0.0035,0.4179,0.9988,-0.3619,-0.3101,-0.5816,0.1263,-0.0074,0,0,0,0,0,0,0,0,0
"N_Deprlag",-0.1227,-0.0459,-0.1541,-0.2954,-0.3619,0.9867,0.2643,0.4613,-0.594,-0.0467,0,0,0,0,0,0,0,0,0
"N_Anxtylag",0.1117,0.1976,0.0605,-0.3211,-0.3101,0.2643,0.9972,0.4733,0.174,-0.1688,0,0,0,0,0,0,0,0,0
"N_EmoVollag",0.0232,0.1358,0.2158,-0.267,-0.5816,0.4613,0.4733,0.9765,-0.2038,-0.3319,0,0,0,0,0,0,0,0,0
"C_Prdctvlag",0.054,0.1458,0.1832,-0.0892,0.1263,-0.594,0.174,-0.2038,0.9946,-0.0407,0,0,0,0,0,0,0,0,0
"C_Rspnbllag",-0.2318,0.2994,-0.0502,0.1902,-0.0074,-0.0467,-0.1688,-0.3319,-0.0407,0.9999,0,0,0,0,0,0,0,0,0
"E_Scblty",0,0,0,0,0,0,0,0,0,0,0.8833,0,0,0,0,0,0,0,0
"E_EnerLev",0,0,0,0,0,0,0,0,0,0,0,0.6776,0,0,0,0,0,0,0
"A_Cmpn",0,0,0,0,0,0,0,0,0,0,0,0,0.7915,0,0,0,0,0,0
"A_Rspct",0,0,0,0,0,0,0,0,0,0,0,0,0,0.577,0,0,0,0,0
"N_Depr",0,0,0,0,0,0,0,0,0,0,0,0,0,0,0.8763,0,0,0,0
"N_Anxty",0,0,0,0,0,0,0,0,0,0,0,0,0,0,0,0.7526,0,0,0
"N_EmoVol",0,0,0,0,0,0,0,0,0,0,0,0,0,0,0,0,0.5153,0,0
"C_Prdctv",0,0,0,0,0,0,0,0,0,0,0,0,0,0,0,0,0,0.4892,0
"C_Rspnbl",0,0,0,0,0,0,0,0,0,0,0,0,0,0,0,0,0,0,0.9587
