"","cumsumT","E_Scbltylag","E_EnerLevlag","A_Cmpnlag","A_Rspctlag","N_Deprlag","N_Anxtylag","N_EmoVollag","C_Prdctvlag","C_Rspnbllag","E_Scblty","E_EnerLev","A_Cmpn","A_Rspct","N_Depr","N_Anxty","N_EmoVol","C_Prdctv","C_Rspnbl"
"cumsumT",0.9476,-0.2542,-0.2495,0.0635,-0.2541,0.2289,0.2197,0.3004,-0.0729,-0.1673,0,0,0,0,0,0,0,0,0
"E_Scbltylag",-0.2542,0.9865,0.5343,0.1287,0.5496,-0.2611,-0.1047,-0.2454,0.2373,0.2772,0,0,0,0,0,0,0,0,0
"E_EnerLevlag",-0.2495,0.5343,0.9967,0.344,0.2964,-0.3183,-0.2245,-0.3295,0.3866,0.4344,0,0,0,0,0,0,0,0,0
"A_Cmpnlag",0.0635,0.1287,0.344,0.9974,0.3564,-0.2733,-0.2037,-0.1983,0.3985,0.4889,0,0,0,0,0,0,0,0,0
"A_Rspctlag",-0.2541,0.5496,0.2964,0.3564,0.9998,-0.3225,-0.0893,-0.3328,0.2639,0.2958,0,0,0,0,0,0,0,0,0
"N_Deprlag",0.2289,-0.2611,-0.3183,-0.2733,-0.3225,0.9872,0.3702,0.6239,-0.3953,-0.4355,0,0,0,0,0,0,0,0,0
"N_Anxtylag",0.2197,-0.1047,-0.2245,-0.2037,-0.0893,0.3702,0.9502,0.4232,-0.0976,-0.3263,0,0,0,0,0,0,0,0,0
"N_EmoVollag",0.3004,-0.2454,-0.3295,-0.1983,-0.3328,0.6239,0.4232,0.987,-0.5022,-0.4401,0,0,0,0,0,0,0,0,0
"C_Prdctvlag",-0.0729,0.2373,0.3866,0.3985,0.2639,-0.3953,-0.0976,-0.5022,0.9989,0.4877,0,0,0,0,0,0,0,0,0
"C_Rspnbllag",-0.1673,0.2772,0.4344,0.4889,0.2958,-0.4355,-0.3263,-0.4401,0.4877,0.974,0,0,0,0,0,0,0,0,0
"E_Scblty",0,0,0,0,0,0,0,0,0,0,0.9911,0,0,0,0,0,0,0,0
"E_EnerLev",0,0,0,0,0,0,0,0,0,0,0,0.6073,0,0,0,0,0,0,0
"A_Cmpn",0,0,0,0,0,0,0,0,0,0,0,0,0.7522,0,0,0,0,0,0
"A_Rspct",0,0,0,0,0,0,0,0,0,0,0,0,0,0.6824,0,0,0,0,0
"N_Depr",0,0,0,0,0,0,0,0,0,0,0,0,0,0,0.8195,0,0,0,0
"N_Anxty",0,0,0,0,0,0,0,0,0,0,0,0,0,0,0,0.7904,0,0,0
"N_EmoVol",0,0,0,0,0,0,0,0,0,0,0,0,0,0,0,0,0.5738,0,0
"C_Prdctv",0,0,0,0,0,0,0,0,0,0,0,0,0,0,0,0,0,0.622,0
"C_Rspnbl",0,0,0,0,0,0,0,0,0,0,0,0,0,0,0,0,0,0,0.6573
