"","cumsumT","E_Scbltylag","E_EnerLevlag","A_Cmpnlag","A_Rspctlag","N_Deprlag","N_Anxtylag","N_EmoVollag","C_Prdctvlag","C_Rspnbllag","E_Scblty","E_EnerLev","A_Cmpn","A_Rspct","N_Depr","N_Anxty","N_EmoVol","C_Prdctv","C_Rspnbl"
"cumsumT",0.9442,0.1668,0.1135,0.1091,0.1412,-0.2542,-0.0867,-0.053,0.2076,0.1703,0,0,0,0,0,0,0,0,0
"E_Scbltylag",0.1668,0.958,0.2421,0.0627,0.0835,-0.1742,-0.128,-0.1735,0.2332,0.1632,0,0,0,0,0,0,0,0,0
"E_EnerLevlag",0.1135,0.2421,0.9951,0.5002,0.5501,-0.5339,-0.4335,-0.5367,0.3509,0.4028,0,0,0,0,0,0,0,0,0
"A_Cmpnlag",0.1091,0.0627,0.5002,0.9968,0.6652,-0.5534,-0.3062,-0.6542,0.2092,0.3425,0,0,0,0,0,0,0,0,0
"A_Rspctlag",0.1412,0.0835,0.5501,0.6652,0.9993,-0.5863,-0.4487,-0.6546,0.3232,0.3783,0,0,0,0,0,0,0,0,0
"N_Deprlag",-0.2542,-0.1742,-0.5339,-0.5534,-0.5863,0.999,0.5039,0.6865,-0.3408,-0.4104,0,0,0,0,0,0,0,0,0
"N_Anxtylag",-0.0867,-0.128,-0.4335,-0.3062,-0.4487,0.5039,0.9925,0.4989,-0.2987,-0.1912,0,0,0,0,0,0,0,0,0
"N_EmoVollag",-0.053,-0.1735,-0.5367,-0.6542,-0.6546,0.6865,0.4989,0.9904,-0.209,-0.3339,0,0,0,0,0,0,0,0,0
"C_Prdctvlag",0.2076,0.2332,0.3509,0.2092,0.3232,-0.3408,-0.2987,-0.209,0.9834,0.599,0,0,0,0,0,0,0,0,0
"C_Rspnbllag",0.1703,0.1632,0.4028,0.3425,0.3783,-0.4104,-0.1912,-0.3339,0.599,0.9962,0,0,0,0,0,0,0,0,0
"E_Scblty",0,0,0,0,0,0,0,0,0,0,0.9748,0,0,0,0,0,0,0,0
"E_EnerLev",0,0,0,0,0,0,0,0,0,0,0,0.6736,0,0,0,0,0,0,0
"A_Cmpn",0,0,0,0,0,0,0,0,0,0,0,0,0.556,0,0,0,0,0,0
"A_Rspct",0,0,0,0,0,0,0,0,0,0,0,0,0,0.5419,0,0,0,0,0
"N_Depr",0,0,0,0,0,0,0,0,0,0,0,0,0,0,0.5024,0,0,0,0
"N_Anxty",0,0,0,0,0,0,0,0,0,0,0,0,0,0,0,0.6874,0,0,0
"N_EmoVol",0,0,0,0,0,0,0,0,0,0,0,0,0,0,0,0,0.5271,0,0
"C_Prdctv",0,0,0,0,0,0,0,0,0,0,0,0,0,0,0,0,0,0.9678,0
"C_Rspnbl",0,0,0,0,0,0,0,0,0,0,0,0,0,0,0,0,0,0,0.6255
