"","cumsumT","E_Scbltylag","E_EnerLevlag","A_Cmpnlag","A_Rspctlag","N_Deprlag","N_Anxtylag","N_EmoVollag","C_Prdctvlag","C_Rspnbllag","E_Scblty","E_EnerLev","A_Cmpn","A_Rspct","N_Depr","N_Anxty","N_EmoVol","C_Prdctv","C_Rspnbl"
"cumsumT",0.9464,-0.1519,-0.1081,-0.0196,-0.0696,0.1725,0.1516,-0.048,0.1717,0.0796,0,0,0,0,0,0,0,0,0
"E_Scbltylag",-0.1519,0.9666,0.3927,0.1301,0.4345,-0.4933,-0.492,-0.3852,0.3455,0.2919,0,0,0,0,0,0,0,0,0
"E_EnerLevlag",-0.1081,0.3927,0.9975,0.0509,0.1683,-0.4295,-0.1163,-0.0848,0.1252,0.4917,0,0,0,0,0,0,0,0,0
"A_Cmpnlag",-0.0196,0.1301,0.0509,0.9105,0.0242,-0.3797,-0.2224,-0.1424,0.2152,0.1817,0,0,0,0,0,0,0,0,0
"A_Rspctlag",-0.0696,0.4345,0.1683,0.0242,0.9963,-0.4084,-0.2332,-0.395,0.041,0.209,0,0,0,0,0,0,0,0,0
"N_Deprlag",0.1725,-0.4933,-0.4295,-0.3797,-0.4084,0.996,0.6718,0.5018,-0.3876,-0.4364,0,0,0,0,0,0,0,0,0
"N_Anxtylag",0.1516,-0.492,-0.1163,-0.2224,-0.2332,0.6718,0.9932,0.6516,-0.6004,-0.2445,0,0,0,0,0,0,0,0,0
"N_EmoVollag",-0.048,-0.3852,-0.0848,-0.1424,-0.395,0.5018,0.6516,0.9989,-0.5196,-0.4005,0,0,0,0,0,0,0,0,0
"C_Prdctvlag",0.1717,0.3455,0.1252,0.2152,0.041,-0.3876,-0.6004,-0.5196,0.9937,0.211,0,0,0,0,0,0,0,0,0
"C_Rspnbllag",0.0796,0.2919,0.4917,0.1817,0.209,-0.4364,-0.2445,-0.4005,0.211,0.9988,0,0,0,0,0,0,0,0,0
"E_Scblty",0,0,0,0,0,0,0,0,0,0,0.6768,0,0,0,0,0,0,0,0
"E_EnerLev",0,0,0,0,0,0,0,0,0,0,0,0.6408,0,0,0,0,0,0,0
"A_Cmpn",0,0,0,0,0,0,0,0,0,0,0,0,0.8454,0,0,0,0,0,0
"A_Rspct",0,0,0,0,0,0,0,0,0,0,0,0,0,0.7923,0,0,0,0,0
"N_Depr",0,0,0,0,0,0,0,0,0,0,0,0,0,0,0.7532,0,0,0,0
"N_Anxty",0,0,0,0,0,0,0,0,0,0,0,0,0,0,0,0.5154,0,0,0
"N_EmoVol",0,0,0,0,0,0,0,0,0,0,0,0,0,0,0,0,0.5584,0,0
"C_Prdctv",0,0,0,0,0,0,0,0,0,0,0,0,0,0,0,0,0,0.5439,0
"C_Rspnbl",0,0,0,0,0,0,0,0,0,0,0,0,0,0,0,0,0,0,0.9938
