"","cumsumT","E_Scbltylag","E_EnerLevlag","A_Cmpnlag","A_Rspctlag","N_Deprlag","N_Anxtylag","N_EmoVollag","C_Prdctvlag","C_Rspnbllag","E_Scblty","E_EnerLev","A_Cmpn","A_Rspct","N_Depr","N_Anxty","N_EmoVol","C_Prdctv","C_Rspnbl"
"cumsumT",0.9451,-0.0112,-0.1233,-0.2411,-0.3841,0.6316,0.201,0.3054,-0.2978,-0.2855,0,0,0,0,0,0,0,0,0
"E_Scbltylag",-0.0112,0.9293,0.3066,0.1005,0.0104,-0.2024,-0.099,-0.1957,0.0378,-0.2014,0,0,0,0,0,0,0,0,0
"E_EnerLevlag",-0.1233,0.3066,0.981,-0.1533,0.1088,-0.2754,0.03,-0.1064,0.2334,-0.0982,0,0,0,0,0,0,0,0,0
"A_Cmpnlag",-0.2411,0.1005,-0.1533,0.9994,0.3693,-0.2538,-0.3012,-0.1386,-0.0802,0.5378,0,0,0,0,0,0,0,0,0
"A_Rspctlag",-0.3841,0.0104,0.1088,0.3693,0.9999,-0.3174,-0.1207,-0.0698,0.1956,0.074,0,0,0,0,0,0,0,0,0
"N_Deprlag",0.6316,-0.2024,-0.2754,-0.2538,-0.3174,0.9995,0.3354,0.387,-0.2684,-0.0849,0,0,0,0,0,0,0,0,0
"N_Anxtylag",0.201,-0.099,0.03,-0.3012,-0.1207,0.3354,0.9922,0.2382,0.2021,-0.2236,0,0,0,0,0,0,0,0,0
"N_EmoVollag",0.3054,-0.1957,-0.1064,-0.1386,-0.0698,0.387,0.2382,0.9983,-0.1932,0.1765,0,0,0,0,0,0,0,0,0
"C_Prdctvlag",-0.2978,0.0378,0.2334,-0.0802,0.1956,-0.2684,0.2021,-0.1932,0.949,-0.0104,0,0,0,0,0,0,0,0,0
"C_Rspnbllag",-0.2855,-0.2014,-0.0982,0.5378,0.074,-0.0849,-0.2236,0.1765,-0.0104,1,0,0,0,0,0,0,0,0,0
"E_Scblty",0,0,0,0,0,0,0,0,0,0,0.9849,0,0,0,0,0,0,0,0
"E_EnerLev",0,0,0,0,0,0,0,0,0,0,0,0.9955,0,0,0,0,0,0,0
"A_Cmpn",0,0,0,0,0,0,0,0,0,0,0,0,0.848,0,0,0,0,0,0
"A_Rspct",0,0,0,0,0,0,0,0,0,0,0,0,0,0.8017,0,0,0,0,0
"N_Depr",0,0,0,0,0,0,0,0,0,0,0,0,0,0,0.5799,0,0,0,0
"N_Anxty",0,0,0,0,0,0,0,0,0,0,0,0,0,0,0,0.8288,0,0,0
"N_EmoVol",0,0,0,0,0,0,0,0,0,0,0,0,0,0,0,0,0.8504,0,0
"C_Prdctv",0,0,0,0,0,0,0,0,0,0,0,0,0,0,0,0,0,0.9227,0
"C_Rspnbl",0,0,0,0,0,0,0,0,0,0,0,0,0,0,0,0,0,0,0.4661
