"","cumsumT","E_Scbltylag","E_EnerLevlag","A_Cmpnlag","A_Rspctlag","N_Deprlag","N_Anxtylag","N_EmoVollag","C_Prdctvlag","C_Rspnbllag","E_Scblty","E_EnerLev","A_Cmpn","A_Rspct","N_Depr","N_Anxty","N_EmoVol","C_Prdctv","C_Rspnbl"
"cumsumT",0.9361,-0.0111,0.2448,0.0168,-0.1912,0.0167,0.09,-0.0941,0.2834,0.3635,0,0,0,0,0,0,0,0,0
"E_Scbltylag",-0.0111,0.9646,0.5015,0.0677,0.2418,-0.1745,-0.1247,0.0182,0.1069,0.3512,0,0,0,0,0,0,0,0,0
"E_EnerLevlag",0.2448,0.5015,0.9811,0.1518,0.1096,-0.1788,-0.1092,-0.0046,0.3824,0.4815,0,0,0,0,0,0,0,0,0
"A_Cmpnlag",0.0168,0.0677,0.1518,0.9993,-0.0032,-0.073,-0.0181,-0.3536,0.0672,0.1262,0,0,0,0,0,0,0,0,0
"A_Rspctlag",-0.1912,0.2418,0.1096,-0.0032,0.9985,-0.0958,-0.0335,-0.1777,0.1842,0.162,0,0,0,0,0,0,0,0,0
"N_Deprlag",0.0167,-0.1745,-0.1788,-0.073,-0.0958,0.9789,0.4736,0.1726,-0.1665,-0.3601,0,0,0,0,0,0,0,0,0
"N_Anxtylag",0.09,-0.1247,-0.1092,-0.0181,-0.0335,0.4736,1,0.1195,-0.0759,-0.1591,0,0,0,0,0,0,0,0,0
"N_EmoVollag",-0.0941,0.0182,-0.0046,-0.3536,-0.1777,0.1726,0.1195,0.9691,0.0992,-0.1225,0,0,0,0,0,0,0,0,0
"C_Prdctvlag",0.2834,0.1069,0.3824,0.0672,0.1842,-0.1665,-0.0759,0.0992,0.9859,0.4524,0,0,0,0,0,0,0,0,0
"C_Rspnbllag",0.3635,0.3512,0.4815,0.1262,0.162,-0.3601,-0.1591,-0.1225,0.4524,0.997,0,0,0,0,0,0,0,0,0
"E_Scblty",0,0,0,0,0,0,0,0,0,0,0.6555,0,0,0,0,0,0,0,0
"E_EnerLev",0,0,0,0,0,0,0,0,0,0,0,0.9837,0,0,0,0,0,0,0
"A_Cmpn",0,0,0,0,0,0,0,0,0,0,0,0,0.6853,0,0,0,0,0,0
"A_Rspct",0,0,0,0,0,0,0,0,0,0,0,0,0,0.9843,0,0,0,0,0
"N_Depr",0,0,0,0,0,0,0,0,0,0,0,0,0,0,0.8207,0,0,0,0
"N_Anxty",0,0,0,0,0,0,0,0,0,0,0,0,0,0,0,0.671,0,0,0
"N_EmoVol",0,0,0,0,0,0,0,0,0,0,0,0,0,0,0,0,0.8557,0,0
"C_Prdctv",0,0,0,0,0,0,0,0,0,0,0,0,0,0,0,0,0,0.6823,0
"C_Rspnbl",0,0,0,0,0,0,0,0,0,0,0,0,0,0,0,0,0,0,0.7462
