"","cumsumT","E_Scbltylag","E_EnerLevlag","A_Cmpnlag","A_Rspctlag","N_Deprlag","N_Anxtylag","N_EmoVollag","C_Prdctvlag","C_Rspnbllag","E_Scblty","E_EnerLev","A_Cmpn","A_Rspct","N_Depr","N_Anxty","N_EmoVol","C_Prdctv","C_Rspnbl"
"cumsumT",0.9284,0.0765,0.0489,0.1422,0.2113,-0.1646,-0.0681,-0.1077,0.1932,0.1026,0,0,0,0,0,0,0,0,0
"E_Scbltylag",0.0765,0.994,0.5139,-0.1345,0.4841,-0.3503,-0.3707,-0.0649,0.2772,0.5641,0,0,0,0,0,0,0,0,0
"E_EnerLevlag",0.0489,0.5139,0.9966,0.0875,0.5312,-0.2888,-0.4568,-0.0668,0.2735,0.4134,0,0,0,0,0,0,0,0,0
"A_Cmpnlag",0.1422,-0.1345,0.0875,0.9862,0.1821,-0.3122,0.0663,-0.1406,0.0097,-0.1747,0,0,0,0,0,0,0,0,0
"A_Rspctlag",0.2113,0.4841,0.5312,0.1821,0.9381,-0.4032,-0.3343,-0.12,0.0903,0.4121,0,0,0,0,0,0,0,0,0
"N_Deprlag",-0.1646,-0.3503,-0.2888,-0.3122,-0.4032,0.9992,0.2862,0.4169,-0.0328,-0.2379,0,0,0,0,0,0,0,0,0
"N_Anxtylag",-0.0681,-0.3707,-0.4568,0.0663,-0.3343,0.2862,0.9994,0.1356,0.066,-0.6992,0,0,0,0,0,0,0,0,0
"N_EmoVollag",-0.1077,-0.0649,-0.0668,-0.1406,-0.12,0.4169,0.1356,0.8813,-0.2252,0.0645,0,0,0,0,0,0,0,0,0
"C_Prdctvlag",0.1932,0.2772,0.2735,0.0097,0.0903,-0.0328,0.066,-0.2252,0.9105,0.1481,0,0,0,0,0,0,0,0,0
"C_Rspnbllag",0.1026,0.5641,0.4134,-0.1747,0.4121,-0.2379,-0.6992,0.0645,0.1481,0.9982,0,0,0,0,0,0,0,0,0
"E_Scblty",0,0,0,0,0,0,0,0,0,0,0.6744,0,0,0,0,0,0,0,0
"E_EnerLev",0,0,0,0,0,0,0,0,0,0,0,0.5622,0,0,0,0,0,0,0
"A_Cmpn",0,0,0,0,0,0,0,0,0,0,0,0,0.7818,0,0,0,0,0,0
"A_Rspct",0,0,0,0,0,0,0,0,0,0,0,0,0,0.5416,0,0,0,0,0
"N_Depr",0,0,0,0,0,0,0,0,0,0,0,0,0,0,0.7762,0,0,0,0
"N_Anxty",0,0,0,0,0,0,0,0,0,0,0,0,0,0,0,0.99,0,0,0
"N_EmoVol",0,0,0,0,0,0,0,0,0,0,0,0,0,0,0,0,0.6866,0,0
"C_Prdctv",0,0,0,0,0,0,0,0,0,0,0,0,0,0,0,0,0,0.8556,0
"C_Rspnbl",0,0,0,0,0,0,0,0,0,0,0,0,0,0,0,0,0,0,0.3626
