"","cumsumT","E_Scbltylag","E_EnerLevlag","A_Cmpnlag","A_Rspctlag","N_Deprlag","N_Anxtylag","N_EmoVollag","C_Prdctvlag","C_Rspnbllag","E_Scblty","E_EnerLev","A_Cmpn","A_Rspct","N_Depr","N_Anxty","N_EmoVol","C_Prdctv","C_Rspnbl"
"cumsumT",1,0.0737,0.3912,-0.1465,0.0372,0.0613,-0.3054,0.3123,0.1831,0.0736,0,0,0,0,0,0,0,0,0
"E_Scbltylag",0.0737,1,0.264,0.1146,0.1428,-0.5701,-0.3064,-0.392,0.144,0.496,0,0,0,0,0,0,0,0,0
"E_EnerLevlag",0.3912,0.264,1,0.3798,0.4508,-0.3584,-0.459,-0.0157,-0.088,0.1338,0,0,0,0,0,0,0,0,0
"A_Cmpnlag",-0.1465,0.1146,0.3798,1,0.5641,-0.2002,-0.0049,0.0132,0.2212,0.2693,0,0,0,0,0,0,0,0,0
"A_Rspctlag",0.0372,0.1428,0.4508,0.5641,1,-0.0847,0.1468,-0.2602,0.2097,0.2822,0,0,0,0,0,0,0,0,0
"N_Deprlag",0.0613,-0.5701,-0.3584,-0.2002,-0.0847,1,0.2091,0.4429,0.1438,-0.3622,0,0,0,0,0,0,0,0,0
"N_Anxtylag",-0.3054,-0.3064,-0.459,-0.0049,0.1468,0.2091,1,-0.0649,0.2955,0.2196,0,0,0,0,0,0,0,0,0
"N_EmoVollag",0.3123,-0.392,-0.0157,0.0132,-0.2602,0.4429,-0.0649,1,-0.0081,-0.261,0,0,0,0,0,0,0,0,0
"C_Prdctvlag",0.1831,0.144,-0.088,0.2212,0.2097,0.1438,0.2955,-0.0081,1,0.6106,0,0,0,0,0,0,0,0,0
"C_Rspnbllag",0.0736,0.496,0.1338,0.2693,0.2822,-0.3622,0.2196,-0.261,0.6106,1,0,0,0,0,0,0,0,0,0
"E_Scblty",0,0,0,0,0,0,0,0,0,0,0.3303,0,0,0,0,0,0,0,0
"E_EnerLev",0,0,0,0,0,0,0,0,0,0,0,0.3561,0,0,0,0,0,0,0
"A_Cmpn",0,0,0,0,0,0,0,0,0,0,0,0,0.7277,0,0,0,0,0,0
"A_Rspct",0,0,0,0,0,0,0,0,0,0,0,0,0,0.9307,0,0,0,0,0
"N_Depr",0,0,0,0,0,0,0,0,0,0,0,0,0,0,0.5495,0,0,0,0
"N_Anxty",0,0,0,0,0,0,0,0,0,0,0,0,0,0,0,0.5242,0,0,0
"N_EmoVol",0,0,0,0,0,0,0,0,0,0,0,0,0,0,0,0,0.824,0,0
"C_Prdctv",0,0,0,0,0,0,0,0,0,0,0,0,0,0,0,0,0,0.4706,0
"C_Rspnbl",0,0,0,0,0,0,0,0,0,0,0,0,0,0,0,0,0,0,0.3136
