"","cumsumT","E_Scbltylag","E_EnerLevlag","A_Cmpnlag","A_Rspctlag","N_Deprlag","N_Anxtylag","N_EmoVollag","C_Prdctvlag","C_Rspnbllag","E_Scblty","E_EnerLev","A_Cmpn","A_Rspct","N_Depr","N_Anxty","N_EmoVol","C_Prdctv","C_Rspnbl"
"cumsumT",0.9267,-0.0501,-0.0229,0.0102,-0.0892,-0.3021,-0.0915,-0.0624,0.1359,-0.0717,0,0,0,0,0,0,0,0,0
"E_Scbltylag",-0.0501,0.9917,0.0933,0.0326,-0.2456,0.1011,0.0202,0.1421,-0.1111,-0.1844,0,0,0,0,0,0,0,0,0
"E_EnerLevlag",-0.0229,0.0933,0.9967,0.2323,-0.0702,0.0073,-0.0284,-0.0036,0.2248,0.4538,0,0,0,0,0,0,0,0,0
"A_Cmpnlag",0.0102,0.0326,0.2323,0.9992,0.157,0.0756,0.1475,0.1316,0.0269,0.4695,0,0,0,0,0,0,0,0,0
"A_Rspctlag",-0.0892,-0.2456,-0.0702,0.157,0.9975,0.0672,0.0647,0.0422,-0.1208,0.2053,0,0,0,0,0,0,0,0,0
"N_Deprlag",-0.3021,0.1011,0.0073,0.0756,0.0672,0.9993,0.5043,0.3981,-0.1642,-0.0464,0,0,0,0,0,0,0,0,0
"N_Anxtylag",-0.0915,0.0202,-0.0284,0.1475,0.0647,0.5043,0.9986,0.3387,-0.1443,0.0011,0,0,0,0,0,0,0,0,0
"N_EmoVollag",-0.0624,0.1421,-0.0036,0.1316,0.0422,0.3981,0.3387,0.999,-0.0525,-0.0504,0,0,0,0,0,0,0,0,0
"C_Prdctvlag",0.1359,-0.1111,0.2248,0.0269,-0.1208,-0.1642,-0.1443,-0.0525,0.9958,0.177,0,0,0,0,0,0,0,0,0
"C_Rspnbllag",-0.0717,-0.1844,0.4538,0.4695,0.2053,-0.0464,0.0011,-0.0504,0.177,0.9975,0,0,0,0,0,0,0,0,0
"E_Scblty",0,0,0,0,0,0,0,0,0,0,0.9289,0,0,0,0,0,0,0,0
"E_EnerLev",0,0,0,0,0,0,0,0,0,0,0,0.7202,0,0,0,0,0,0,0
"A_Cmpn",0,0,0,0,0,0,0,0,0,0,0,0,0.7781,0,0,0,0,0,0
"A_Rspct",0,0,0,0,0,0,0,0,0,0,0,0,0,0.9973,0,0,0,0,0
"N_Depr",0,0,0,0,0,0,0,0,0,0,0,0,0,0,0.7386,0,0,0,0
"N_Anxty",0,0,0,0,0,0,0,0,0,0,0,0,0,0,0,0.997,0,0,0
"N_EmoVol",0,0,0,0,0,0,0,0,0,0,0,0,0,0,0,0,0.9946,0,0
"C_Prdctv",0,0,0,0,0,0,0,0,0,0,0,0,0,0,0,0,0,0.9957,0
"C_Rspnbl",0,0,0,0,0,0,0,0,0,0,0,0,0,0,0,0,0,0,0.6246
