"","cumsumT","E_Scbltylag","E_EnerLevlag","A_Cmpnlag","A_Rspctlag","N_Deprlag","N_Anxtylag","N_EmoVollag","C_Prdctvlag","C_Rspnbllag","E_Scblty","E_EnerLev","A_Cmpn","A_Rspct","N_Depr","N_Anxty","N_EmoVol","C_Prdctv","C_Rspnbl"
"cumsumT",0.9586,-0.0736,-0.0771,-0.1391,-0.1605,0.0513,0.0614,0.1901,-0.2507,-0.1635,0,0,0,0,0,0,0,0,0
"E_Scbltylag",-0.0736,0.9966,0.3243,0.2517,0.355,-0.2816,-0.3593,-0.2589,0.2435,0.2056,0,0,0,0,0,0,0,0,0
"E_EnerLevlag",-0.0771,0.3243,0.999,0.3141,0.4816,-0.4031,-0.2644,-0.1179,0.3608,0.3502,0,0,0,0,0,0,0,0,0
"A_Cmpnlag",-0.1391,0.2517,0.3141,0.9991,0.4671,-0.3199,-0.258,-0.1614,0.1848,0.3031,0,0,0,0,0,0,0,0,0
"A_Rspctlag",-0.1605,0.355,0.4816,0.4671,0.9999,-0.4043,-0.2845,-0.2027,0.1784,0.2566,0,0,0,0,0,0,0,0,0
"N_Deprlag",0.0513,-0.2816,-0.4031,-0.3199,-0.4043,0.9945,0.7128,0.7137,-0.4408,-0.3794,0,0,0,0,0,0,0,0,0
"N_Anxtylag",0.0614,-0.3593,-0.2644,-0.258,-0.2845,0.7128,0.9802,0.6844,-0.2865,-0.387,0,0,0,0,0,0,0,0,0
"N_EmoVollag",0.1901,-0.2589,-0.1179,-0.1614,-0.2027,0.7137,0.6844,0.9957,-0.3005,-0.3685,0,0,0,0,0,0,0,0,0
"C_Prdctvlag",-0.2507,0.2435,0.3608,0.1848,0.1784,-0.4408,-0.2865,-0.3005,0.9999,0.3089,0,0,0,0,0,0,0,0,0
"C_Rspnbllag",-0.1635,0.2056,0.3502,0.3031,0.2566,-0.3794,-0.387,-0.3685,0.3089,0.989,0,0,0,0,0,0,0,0,0
"E_Scblty",0,0,0,0,0,0,0,0,0,0,0.8341,0,0,0,0,0,0,0,0
"E_EnerLev",0,0,0,0,0,0,0,0,0,0,0,0.7667,0,0,0,0,0,0,0
"A_Cmpn",0,0,0,0,0,0,0,0,0,0,0,0,0.9509,0,0,0,0,0,0
"A_Rspct",0,0,0,0,0,0,0,0,0,0,0,0,0,0.774,0,0,0,0,0
"N_Depr",0,0,0,0,0,0,0,0,0,0,0,0,0,0,0.6193,0,0,0,0
"N_Anxty",0,0,0,0,0,0,0,0,0,0,0,0,0,0,0,0.4576,0,0,0
"N_EmoVol",0,0,0,0,0,0,0,0,0,0,0,0,0,0,0,0,0.4202,0,0
"C_Prdctv",0,0,0,0,0,0,0,0,0,0,0,0,0,0,0,0,0,0.7318,0
"C_Rspnbl",0,0,0,0,0,0,0,0,0,0,0,0,0,0,0,0,0,0,0.7912
