"","cumsumT","E_Scbltylag","E_EnerLevlag","A_Cmpnlag","A_Rspctlag","N_Deprlag","N_Anxtylag","N_EmoVollag","C_Prdctvlag","C_Rspnbllag","E_Scblty","E_EnerLev","A_Cmpn","A_Rspct","N_Depr","N_Anxty","N_EmoVol","C_Prdctv","C_Rspnbl"
"cumsumT",0.9544,0.0721,0.1471,0.161,0.1203,-0.0407,0.476,0.1616,-0.1464,-0.069,0,0,0,0,0,0,0,0,0
"E_Scbltylag",0.0721,0.9948,0.3056,0.1826,0.1268,-0.0439,-0.1819,0.1241,0.1094,0.35,0,0,0,0,0,0,0,0,0
"E_EnerLevlag",0.1471,0.3056,0.9845,0.2518,0.2118,-0.1448,-0.0653,-0.2606,0.2719,0.3011,0,0,0,0,0,0,0,0,0
"A_Cmpnlag",0.161,0.1826,0.2518,0.9993,0.1656,0.026,-0.0775,-0.1079,-0.0241,0.1064,0,0,0,0,0,0,0,0,0
"A_Rspctlag",0.1203,0.1268,0.2118,0.1656,0.9993,0.023,-0.0718,-0.3209,0.1175,0.212,0,0,0,0,0,0,0,0,0
"N_Deprlag",-0.0407,-0.0439,-0.1448,0.026,0.023,0.9754,0.1194,0.1448,-0.0745,-0.0904,0,0,0,0,0,0,0,0,0
"N_Anxtylag",0.476,-0.1819,-0.0653,-0.0775,-0.0718,0.1194,0.9986,0.1106,-0.1541,-0.06,0,0,0,0,0,0,0,0,0
"N_EmoVollag",0.1616,0.1241,-0.2606,-0.1079,-0.3209,0.1448,0.1106,0.9837,-0.1822,-0.3001,0,0,0,0,0,0,0,0,0
"C_Prdctvlag",-0.1464,0.1094,0.2719,-0.0241,0.1175,-0.0745,-0.1541,-0.1822,0.9844,0.305,0,0,0,0,0,0,0,0,0
"C_Rspnbllag",-0.069,0.35,0.3011,0.1064,0.212,-0.0904,-0.06,-0.3001,0.305,0.9873,0,0,0,0,0,0,0,0,0
"E_Scblty",0,0,0,0,0,0,0,0,0,0,0.9733,0,0,0,0,0,0,0,0
"E_EnerLev",0,0,0,0,0,0,0,0,0,0,0,1.1281,0,0,0,0,0,0,0
"A_Cmpn",0,0,0,0,0,0,0,0,0,0,0,0,0.9939,0,0,0,0,0,0
"A_Rspct",0,0,0,0,0,0,0,0,0,0,0,0,0,0.8057,0,0,0,0,0
"N_Depr",0,0,0,0,0,0,0,0,0,0,0,0,0,0,0.9581,0,0,0,0
"N_Anxty",0,0,0,0,0,0,0,0,0,0,0,0,0,0,0,0.5733,0,0,0
"N_EmoVol",0,0,0,0,0,0,0,0,0,0,0,0,0,0,0,0,0.9887,0,0
"C_Prdctv",0,0,0,0,0,0,0,0,0,0,0,0,0,0,0,0,0,0.8623,0
"C_Rspnbl",0,0,0,0,0,0,0,0,0,0,0,0,0,0,0,0,0,0,1.3089
