"","cumsumT","E_Scbltylag","E_EnerLevlag","A_Cmpnlag","A_Rspctlag","N_Deprlag","N_Anxtylag","N_EmoVollag","C_Prdctvlag","C_Rspnbllag","E_Scblty","E_EnerLev","A_Cmpn","A_Rspct","N_Depr","N_Anxty","N_EmoVol","C_Prdctv","C_Rspnbl"
"cumsumT",0.9531,-0.0433,0.0908,-0.0031,-0.196,-0.0472,-0.0343,0.0396,-0.0906,-0.1162,0,0,0,0,0,0,0,0,0
"E_Scbltylag",-0.0433,0.9996,0.255,0.298,0.1735,-0.3237,-0.3172,-0.3424,0.3014,0.2771,0,0,0,0,0,0,0,0,0
"E_EnerLevlag",0.0908,0.255,0.9431,0.0981,0.1093,-0.2215,-0.2412,-0.2891,0.2939,0.363,0,0,0,0,0,0,0,0,0
"A_Cmpnlag",-0.0031,0.298,0.0981,0.9721,0.0628,-0.0558,0.1124,-0.0758,-0.1327,-0.0256,0,0,0,0,0,0,0,0,0
"A_Rspctlag",-0.196,0.1735,0.1093,0.0628,0.9832,-0.3819,-0.2266,-0.3847,0.2528,0.2651,0,0,0,0,0,0,0,0,0
"N_Deprlag",-0.0472,-0.3237,-0.2215,-0.0558,-0.3819,0.9964,0.4543,0.3302,-0.3326,-0.3866,0,0,0,0,0,0,0,0,0
"N_Anxtylag",-0.0343,-0.3172,-0.2412,0.1124,-0.2266,0.4543,0.9814,0.3885,-0.3044,-0.3391,0,0,0,0,0,0,0,0,0
"N_EmoVollag",0.0396,-0.3424,-0.2891,-0.0758,-0.3847,0.3302,0.3885,0.9997,-0.362,-0.3682,0,0,0,0,0,0,0,0,0
"C_Prdctvlag",-0.0906,0.3014,0.2939,-0.1327,0.2528,-0.3326,-0.3044,-0.362,0.9966,0.2985,0,0,0,0,0,0,0,0,0
"C_Rspnbllag",-0.1162,0.2771,0.363,-0.0256,0.2651,-0.3866,-0.3391,-0.3682,0.2985,0.9848,0,0,0,0,0,0,0,0,0
"E_Scblty",0,0,0,0,0,0,0,0,0,0,0.8306,0,0,0,0,0,0,0,0
"E_EnerLev",0,0,0,0,0,0,0,0,0,0,0,0.8329,0,0,0,0,0,0,0
"A_Cmpn",0,0,0,0,0,0,0,0,0,0,0,0,0.6928,0,0,0,0,0,0
"A_Rspct",0,0,0,0,0,0,0,0,0,0,0,0,0,0.6008,0,0,0,0,0
"N_Depr",0,0,0,0,0,0,0,0,0,0,0,0,0,0,0.8244,0,0,0,0
"N_Anxty",0,0,0,0,0,0,0,0,0,0,0,0,0,0,0,0.7627,0,0,0
"N_EmoVol",0,0,0,0,0,0,0,0,0,0,0,0,0,0,0,0,0.887,0,0
"C_Prdctv",0,0,0,0,0,0,0,0,0,0,0,0,0,0,0,0,0,0.8693,0
"C_Rspnbl",0,0,0,0,0,0,0,0,0,0,0,0,0,0,0,0,0,0,0.8296
