"","cumsumT","E_Scbltylag","E_EnerLevlag","A_Cmpnlag","A_Rspctlag","N_Deprlag","N_Anxtylag","N_EmoVollag","C_Prdctvlag","C_Rspnbllag","E_Scblty","E_EnerLev","A_Cmpn","A_Rspct","N_Depr","N_Anxty","N_EmoVol","C_Prdctv","C_Rspnbl"
"cumsumT",0.9457,-0.0277,0.1042,0.1101,0.1126,0.2203,-0.0426,0.2361,-0.1092,-0.0323,0,0,0,0,0,0,0,0,0
"E_Scbltylag",-0.0277,0.9583,0.1879,0.0546,0.0751,-0.0053,-0.1865,0.0452,0.0979,0.2525,0,0,0,0,0,0,0,0,0
"E_EnerLevlag",0.1042,0.1879,0.9914,0.1193,0.1504,-0.0431,0.091,-0.1736,0.3484,0.0415,0,0,0,0,0,0,0,0,0
"A_Cmpnlag",0.1101,0.0546,0.1193,0.9818,0.1733,-0.0664,-0.009,0.0552,0.0243,-0.037,0,0,0,0,0,0,0,0,0
"A_Rspctlag",0.1126,0.0751,0.1504,0.1733,0.983,0.0356,0.0413,0.051,-0.1831,0.2034,0,0,0,0,0,0,0,0,0
"N_Deprlag",0.2203,-0.0053,-0.0431,-0.0664,0.0356,0.9968,-0.1838,0.3678,0.0543,-0.2596,0,0,0,0,0,0,0,0,0
"N_Anxtylag",-0.0426,-0.1865,0.091,-0.009,0.0413,-0.1838,0.9756,0.0023,0.0103,-0.0573,0,0,0,0,0,0,0,0,0
"N_EmoVollag",0.2361,0.0452,-0.1736,0.0552,0.051,0.3678,0.0023,0.9142,-0.1435,-0.0782,0,0,0,0,0,0,0,0,0
"C_Prdctvlag",-0.1092,0.0979,0.3484,0.0243,-0.1831,0.0543,0.0103,-0.1435,0.9898,0.0486,0,0,0,0,0,0,0,0,0
"C_Rspnbllag",-0.0323,0.2525,0.0415,-0.037,0.2034,-0.2596,-0.0573,-0.0782,0.0486,0.9996,0,0,0,0,0,0,0,0,0
"E_Scblty",0,0,0,0,0,0,0,0,0,0,0.9775,0,0,0,0,0,0,0,0
"E_EnerLev",0,0,0,0,0,0,0,0,0,0,0,0.8532,0,0,0,0,0,0,0
"A_Cmpn",0,0,0,0,0,0,0,0,0,0,0,0,0.7732,0,0,0,0,0,0
"A_Rspct",0,0,0,0,0,0,0,0,0,0,0,0,0,0.9609,0,0,0,0,0
"N_Depr",0,0,0,0,0,0,0,0,0,0,0,0,0,0,0.8562,0,0,0,0
"N_Anxty",0,0,0,0,0,0,0,0,0,0,0,0,0,0,0,0.9756,0,0,0
"N_EmoVol",0,0,0,0,0,0,0,0,0,0,0,0,0,0,0,0,0.8963,0,0
"C_Prdctv",0,0,0,0,0,0,0,0,0,0,0,0,0,0,0,0,0,0.8029,0
"C_Rspnbl",0,0,0,0,0,0,0,0,0,0,0,0,0,0,0,0,0,0,0.8328
