"","cumsumT","E_Scbltylag","E_EnerLevlag","A_Cmpnlag","A_Rspctlag","N_Deprlag","N_Anxtylag","N_EmoVollag","C_Prdctvlag","C_Rspnbllag","E_Scblty","E_EnerLev","A_Cmpn","A_Rspct","N_Depr","N_Anxty","N_EmoVol","C_Prdctv","C_Rspnbl"
"cumsumT",0.9681,0.003,-0.1231,0.1937,0.0183,0.231,0.2206,-0.149,0.114,-0.0149,0,0,0,0,0,0,0,0,0
"E_Scbltylag",0.003,0.9312,0.3356,0.0247,0.0656,-0.1765,0.0133,-0.0226,0.0714,0.1794,0,0,0,0,0,0,0,0,0
"E_EnerLevlag",-0.1231,0.3356,0.9965,0.0789,0.1499,-0.2819,0.0099,-0.0133,0.1703,0.1972,0,0,0,0,0,0,0,0,0
"A_Cmpnlag",0.1937,0.0247,0.0789,0.9918,0.2021,-0.2038,0.0935,-0.0195,0.2188,0.1838,0,0,0,0,0,0,0,0,0
"A_Rspctlag",0.0183,0.0656,0.1499,0.2021,0.9998,-0.0324,-0.0261,-0.0322,0.3951,0.2833,0,0,0,0,0,0,0,0,0
"N_Deprlag",0.231,-0.1765,-0.2819,-0.2038,-0.0324,0.9947,0.2649,0.3225,-0.2745,-0.1782,0,0,0,0,0,0,0,0,0
"N_Anxtylag",0.2206,0.0133,0.0099,0.0935,-0.0261,0.2649,0.9975,0.1998,-0.005,-0.0477,0,0,0,0,0,0,0,0,0
"N_EmoVollag",-0.149,-0.0226,-0.0133,-0.0195,-0.0322,0.3225,0.1998,0.9608,-0.2082,-0.1543,0,0,0,0,0,0,0,0,0
"C_Prdctvlag",0.114,0.0714,0.1703,0.2188,0.3951,-0.2745,-0.005,-0.2082,0.9715,0.5166,0,0,0,0,0,0,0,0,0
"C_Rspnbllag",-0.0149,0.1794,0.1972,0.1838,0.2833,-0.1782,-0.0477,-0.1543,0.5166,0.9988,0,0,0,0,0,0,0,0,0
"E_Scblty",0,0,0,0,0,0,0,0,0,0,0.7479,0,0,0,0,0,0,0,0
"E_EnerLev",0,0,0,0,0,0,0,0,0,0,0,0.9456,0,0,0,0,0,0,0
"A_Cmpn",0,0,0,0,0,0,0,0,0,0,0,0,0.8271,0,0,0,0,0,0
"A_Rspct",0,0,0,0,0,0,0,0,0,0,0,0,0,0.8322,0,0,0,0,0
"N_Depr",0,0,0,0,0,0,0,0,0,0,0,0,0,0,0.8014,0,0,0,0
"N_Anxty",0,0,0,0,0,0,0,0,0,0,0,0,0,0,0,0.9229,0,0,0
"N_EmoVol",0,0,0,0,0,0,0,0,0,0,0,0,0,0,0,0,0.8394,0,0
"C_Prdctv",0,0,0,0,0,0,0,0,0,0,0,0,0,0,0,0,0,0.7261,0
"C_Rspnbl",0,0,0,0,0,0,0,0,0,0,0,0,0,0,0,0,0,0,0.9874
