"","cumsumT","E_Scbltylag","E_EnerLevlag","A_Cmpnlag","A_Rspctlag","N_Deprlag","N_Anxtylag","N_EmoVollag","C_Prdctvlag","C_Rspnbllag","E_Scblty","E_EnerLev","A_Cmpn","A_Rspct","N_Depr","N_Anxty","N_EmoVol","C_Prdctv","C_Rspnbl"
"cumsumT",0.958,0.0096,0.0204,-0.381,-0.0063,-0.0152,0.2075,0.2074,0.0285,0.1079,0,0,0,0,0,0,0,0,0
"E_Scbltylag",0.0096,0.9968,0.641,0.2756,0.0735,-0.3083,-0.3347,-0.2613,0.2167,0.1858,0,0,0,0,0,0,0,0,0
"E_EnerLevlag",0.0204,0.641,0.9998,0.4589,0.1143,-0.3114,-0.1315,-0.2234,0.072,0.2031,0,0,0,0,0,0,0,0,0
"A_Cmpnlag",-0.381,0.2756,0.4589,0.9681,0.467,-0.0794,-0.0255,-0.3351,-0.0049,0.1522,0,0,0,0,0,0,0,0,0
"A_Rspctlag",-0.0063,0.0735,0.1143,0.467,0.9523,-0.186,-0.0341,-0.215,-0.0986,0.1144,0,0,0,0,0,0,0,0,0
"N_Deprlag",-0.0152,-0.3083,-0.3114,-0.0794,-0.186,0.8387,0.3787,0.5129,-0.0256,-0.205,0,0,0,0,0,0,0,0,0
"N_Anxtylag",0.2075,-0.3347,-0.1315,-0.0255,-0.0341,0.3787,0.8823,0.2416,-0.064,-0.0314,0,0,0,0,0,0,0,0,0
"N_EmoVollag",0.2074,-0.2613,-0.2234,-0.3351,-0.215,0.5129,0.2416,0.9595,-0.0462,-0.2638,0,0,0,0,0,0,0,0,0
"C_Prdctvlag",0.0285,0.2167,0.072,-0.0049,-0.0986,-0.0256,-0.064,-0.0462,0.9843,0.4766,0,0,0,0,0,0,0,0,0
"C_Rspnbllag",0.1079,0.1858,0.2031,0.1522,0.1144,-0.205,-0.0314,-0.2638,0.4766,0.9919,0,0,0,0,0,0,0,0,0
"E_Scblty",0,0,0,0,0,0,0,0,0,0,0.3239,0,0,0,0,0,0,0,0
"E_EnerLev",0,0,0,0,0,0,0,0,0,0,0,0.5947,0,0,0,0,0,0,0
"A_Cmpn",0,0,0,0,0,0,0,0,0,0,0,0,0.7978,0,0,0,0,0,0
"A_Rspct",0,0,0,0,0,0,0,0,0,0,0,0,0,0.6064,0,0,0,0,0
"N_Depr",0,0,0,0,0,0,0,0,0,0,0,0,0,0,0.8165,0,0,0,0
"N_Anxty",0,0,0,0,0,0,0,0,0,0,0,0,0,0,0,0.6113,0,0,0
"N_EmoVol",0,0,0,0,0,0,0,0,0,0,0,0,0,0,0,0,0.55,0,0
"C_Prdctv",0,0,0,0,0,0,0,0,0,0,0,0,0,0,0,0,0,0.5595,0
"C_Rspnbl",0,0,0,0,0,0,0,0,0,0,0,0,0,0,0,0,0,0,0.9958
