"","cumsumT","E_Scbltylag","E_EnerLevlag","A_Cmpnlag","A_Rspctlag","N_Deprlag","N_Anxtylag","N_EmoVollag","C_Prdctvlag","C_Rspnbllag","E_Scblty","E_EnerLev","A_Cmpn","A_Rspct","N_Depr","N_Anxty","N_EmoVol","C_Prdctv","C_Rspnbl"
"cumsumT",0.9696,-0.2021,0.0234,-0.0873,0.1596,0.0699,0.0239,-0.1318,0.005,0.1551,0,0,0,0,0,0,0,0,0
"E_Scbltylag",-0.2021,0.9961,0.377,0.2727,-0.0738,-0.1645,-0.1525,0.1639,0.0632,0.0907,0,0,0,0,0,0,0,0,0
"E_EnerLevlag",0.0234,0.377,0.9739,0.2039,0.0046,-0.2432,-0.2077,0.0783,0.1946,0.122,0,0,0,0,0,0,0,0,0
"A_Cmpnlag",-0.0873,0.2727,0.2039,0.9999,0.2883,0.022,-0.1244,-0.0012,0.0291,-0.0904,0,0,0,0,0,0,0,0,0
"A_Rspctlag",0.1596,-0.0738,0.0046,0.2883,0.9868,0.0522,0.0959,-0.0237,0.1211,-0.1239,0,0,0,0,0,0,0,0,0
"N_Deprlag",0.0699,-0.1645,-0.2432,0.022,0.0522,0.9711,0.1721,0.4118,-0.2232,-0.0604,0,0,0,0,0,0,0,0,0
"N_Anxtylag",0.0239,-0.1525,-0.2077,-0.1244,0.0959,0.1721,0.9318,0.1476,-0.2165,-0.3547,0,0,0,0,0,0,0,0,0
"N_EmoVollag",-0.1318,0.1639,0.0783,-0.0012,-0.0237,0.4118,0.1476,0.9952,-0.133,-0.17,0,0,0,0,0,0,0,0,0
"C_Prdctvlag",0.005,0.0632,0.1946,0.0291,0.1211,-0.2232,-0.2165,-0.133,0.9974,0.3205,0,0,0,0,0,0,0,0,0
"C_Rspnbllag",0.1551,0.0907,0.122,-0.0904,-0.1239,-0.0604,-0.3547,-0.17,0.3205,0.9711,0,0,0,0,0,0,0,0,0
"E_Scblty",0,0,0,0,0,0,0,0,0,0,0.9877,0,0,0,0,0,0,0,0
"E_EnerLev",0,0,0,0,0,0,0,0,0,0,0,0.8298,0,0,0,0,0,0,0
"A_Cmpn",0,0,0,0,0,0,0,0,0,0,0,0,0.7944,0,0,0,0,0,0
"A_Rspct",0,0,0,0,0,0,0,0,0,0,0,0,0,0.9783,0,0,0,0,0
"N_Depr",0,0,0,0,0,0,0,0,0,0,0,0,0,0,0.8974,0,0,0,0
"N_Anxty",0,0,0,0,0,0,0,0,0,0,0,0,0,0,0,0.9344,0,0,0
"N_EmoVol",0,0,0,0,0,0,0,0,0,0,0,0,0,0,0,0,0.7634,0,0
"C_Prdctv",0,0,0,0,0,0,0,0,0,0,0,0,0,0,0,0,0,0.8755,0
"C_Rspnbl",0,0,0,0,0,0,0,0,0,0,0,0,0,0,0,0,0,0,0.8004
