"","cumsumT","E_Scbltylag","E_EnerLevlag","A_Cmpnlag","A_Rspctlag","N_Deprlag","N_Anxtylag","N_EmoVollag","C_Prdctvlag","C_Rspnbllag","E_Scblty","E_EnerLev","A_Cmpn","A_Rspct","N_Depr","N_Anxty","N_EmoVol","C_Prdctv","C_Rspnbl"
"cumsumT",0.9644,-0.0319,-0.118,0.1701,0.1798,0.1387,0.0188,0.0437,0.0285,0.1822,0,0,0,0,0,0,0,0,0
"E_Scbltylag",-0.0319,0.9945,0.4862,0.3258,0.1287,-0.249,-0.2841,-0.0991,0.2724,0.2839,0,0,0,0,0,0,0,0,0
"E_EnerLevlag",-0.118,0.4862,0.9983,0.1425,-0.0225,-0.2011,-0.1958,-0.1457,0.2139,0.2614,0,0,0,0,0,0,0,0,0
"A_Cmpnlag",0.1701,0.3258,0.1425,0.9999,0.351,0.028,-0.2712,-0.0348,0.1334,0.1777,0,0,0,0,0,0,0,0,0
"A_Rspctlag",0.1798,0.1287,-0.0225,0.351,0.9642,0.1007,-0.2098,-0.1414,0.1614,0.2677,0,0,0,0,0,0,0,0,0
"N_Deprlag",0.1387,-0.249,-0.2011,0.028,0.1007,0.9779,0.317,0.367,-0.1542,-0.1081,0,0,0,0,0,0,0,0,0
"N_Anxtylag",0.0188,-0.2841,-0.1958,-0.2712,-0.2098,0.317,0.9733,0.313,-0.2918,-0.2514,0,0,0,0,0,0,0,0,0
"N_EmoVollag",0.0437,-0.0991,-0.1457,-0.0348,-0.1414,0.367,0.313,0.9595,-0.1934,-0.0122,0,0,0,0,0,0,0,0,0
"C_Prdctvlag",0.0285,0.2724,0.2139,0.1334,0.1614,-0.1542,-0.2918,-0.1934,0.9982,0.3161,0,0,0,0,0,0,0,0,0
"C_Rspnbllag",0.1822,0.2839,0.2614,0.1777,0.2677,-0.1081,-0.2514,-0.0122,0.3161,0.996,0,0,0,0,0,0,0,0,0
"E_Scblty",0,0,0,0,0,0,0,0,0,0,0.8091,0,0,0,0,0,0,0,0
"E_EnerLev",0,0,0,0,0,0,0,0,0,0,0,0.5272,0,0,0,0,0,0,0
"A_Cmpn",0,0,0,0,0,0,0,0,0,0,0,0,0.8752,0,0,0,0,0,0
"A_Rspct",0,0,0,0,0,0,0,0,0,0,0,0,0,0.8585,0,0,0,0,0
"N_Depr",0,0,0,0,0,0,0,0,0,0,0,0,0,0,0.983,0,0,0,0
"N_Anxty",0,0,0,0,0,0,0,0,0,0,0,0,0,0,0,0.8864,0,0,0
"N_EmoVol",0,0,0,0,0,0,0,0,0,0,0,0,0,0,0,0,1.96,0,0
"C_Prdctv",0,0,0,0,0,0,0,0,0,0,0,0,0,0,0,0,0,0.9779,0
"C_Rspnbl",0,0,0,0,0,0,0,0,0,0,0,0,0,0,0,0,0,0,0.8226
