"","cumsumT","E_Scbltylag","E_EnerLevlag","A_Cmpnlag","A_Rspctlag","N_Deprlag","N_Anxtylag","N_EmoVollag","C_Prdctvlag","C_Rspnbllag","E_Scblty","E_EnerLev","A_Cmpn","A_Rspct","N_Depr","N_Anxty","N_EmoVol","C_Prdctv","C_Rspnbl"
"cumsumT",1,-0.0326,-0.1203,0.1732,0.1864,0.1428,0.0194,0.0454,0.029,0.1859,0,0,0,0,0,0,0,0,0
"E_Scbltylag",-0.0326,1,0.488,0.3268,0.1314,-0.2525,-0.2887,-0.1015,0.2734,0.2853,0,0,0,0,0,0,0,0,0
"E_EnerLevlag",-0.1203,0.488,1,0.1426,-0.0229,-0.2036,-0.1986,-0.1488,0.2143,0.2622,0,0,0,0,0,0,0,0,0
"A_Cmpnlag",0.1732,0.3268,0.1426,1,0.3575,0.0283,-0.2749,-0.0356,0.1335,0.1781,0,0,0,0,0,0,0,0,0
"A_Rspctlag",0.1864,0.1314,-0.0229,0.3575,1,0.1037,-0.2166,-0.147,0.1645,0.2731,0,0,0,0,0,0,0,0,0
"N_Deprlag",0.1428,-0.2525,-0.2036,0.0283,0.1037,1,0.3249,0.3788,-0.1561,-0.1096,0,0,0,0,0,0,0,0,0
"N_Anxtylag",0.0194,-0.2887,-0.1986,-0.2749,-0.2166,0.3249,1,0.3239,-0.296,-0.2554,0,0,0,0,0,0,0,0,0
"N_EmoVollag",0.0454,-0.1015,-0.1488,-0.0356,-0.147,0.3788,0.3239,1,-0.1977,-0.0125,0,0,0,0,0,0,0,0,0
"C_Prdctvlag",0.029,0.2734,0.2143,0.1335,0.1645,-0.1561,-0.296,-0.1977,1,0.3171,0,0,0,0,0,0,0,0,0
"C_Rspnbllag",0.1859,0.2853,0.2622,0.1781,0.2731,-0.1096,-0.2554,-0.0125,0.3171,1,0,0,0,0,0,0,0,0,0
"E_Scblty",0,0,0,0,0,0,0,0,0,0,0.816,0,0,0,0,0,0,0,0
"E_EnerLev",0,0,0,0,0,0,0,0,0,0,0,0.5201,0,0,0,0,0,0,0
"A_Cmpn",0,0,0,0,0,0,0,0,0,0,0,0,0.8767,0,0,0,0,0,0
"A_Rspct",0,0,0,0,0,0,0,0,0,0,0,0,0,0.8656,0,0,0,0,0
"N_Depr",0,0,0,0,0,0,0,0,0,0,0,0,0,0,1.0498,0,0,0,0
"N_Anxty",0,0,0,0,0,0,0,0,0,0,0,0,0,0,0,0.8852,0,0,0
"N_EmoVol",0,0,0,0,0,0,0,0,0,0,0,0,0,0,0,0,1.9284,0,0
"C_Prdctv",0,0,0,0,0,0,0,0,0,0,0,0,0,0,0,0,0,0.983,0
"C_Rspnbl",0,0,0,0,0,0,0,0,0,0,0,0,0,0,0,0,0,0,0.8197
