"","cumsumT","E_Scbltylag","E_EnerLevlag","A_Cmpnlag","A_Rspctlag","N_Deprlag","N_Anxtylag","N_EmoVollag","C_Prdctvlag","C_Rspnbllag","E_Scblty","E_EnerLev","A_Cmpn","A_Rspct","N_Depr","N_Anxty","N_EmoVol","C_Prdctv","C_Rspnbl"
"cumsumT",0.9667,-0.0752,0.1056,0.117,0.0239,-0.3046,0.0493,-0.0958,0.1327,0.058,0,0,0,0,0,0,0,0,0
"E_Scbltylag",-0.0752,0.992,0.5391,0.1526,-0.0796,-0.1086,-0.0416,0.0841,0.1789,0.0985,0,0,0,0,0,0,0,0,0
"E_EnerLevlag",0.1056,0.5391,0.9995,-0.0221,0.0345,-0.2885,-0.0387,-0.0334,0.1171,0.0835,0,0,0,0,0,0,0,0,0
"A_Cmpnlag",0.117,0.1526,-0.0221,0.9901,0.0657,-0.177,-0.0508,-0.1132,0.0028,0.0202,0,0,0,0,0,0,0,0,0
"A_Rspctlag",0.0239,-0.0796,0.0345,0.0657,0.9796,-0.2144,0.0161,-0.0703,0.0407,-0.0842,0,0,0,0,0,0,0,0,0
"N_Deprlag",-0.3046,-0.1086,-0.2885,-0.177,-0.2144,0.9998,0.2599,0.4606,-0.2117,-0.2586,0,0,0,0,0,0,0,0,0
"N_Anxtylag",0.0493,-0.0416,-0.0387,-0.0508,0.0161,0.2599,0.9997,0.3007,0.1342,-0.2004,0,0,0,0,0,0,0,0,0
"N_EmoVollag",-0.0958,0.0841,-0.0334,-0.1132,-0.0703,0.4606,0.3007,0.9999,-0.1607,-0.3002,0,0,0,0,0,0,0,0,0
"C_Prdctvlag",0.1327,0.1789,0.1171,0.0028,0.0407,-0.2117,0.1342,-0.1607,0.9953,0.5017,0,0,0,0,0,0,0,0,0
"C_Rspnbllag",0.058,0.0985,0.0835,0.0202,-0.0842,-0.2586,-0.2004,-0.3002,0.5017,0.9978,0,0,0,0,0,0,0,0,0
"E_Scblty",0,0,0,0,0,0,0,0,0,0,0.7055,0,0,0,0,0,0,0,0
"E_EnerLev",0,0,0,0,0,0,0,0,0,0,0,0.8947,0,0,0,0,0,0,0
"A_Cmpn",0,0,0,0,0,0,0,0,0,0,0,0,0.9579,0,0,0,0,0,0
"A_Rspct",0,0,0,0,0,0,0,0,0,0,0,0,0,0.8825,0,0,0,0,0
"N_Depr",0,0,0,0,0,0,0,0,0,0,0,0,0,0,0.7432,0,0,0,0
"N_Anxty",0,0,0,0,0,0,0,0,0,0,0,0,0,0,0,0.9066,0,0,0
"N_EmoVol",0,0,0,0,0,0,0,0,0,0,0,0,0,0,0,0,0.7223,0,0
"C_Prdctv",0,0,0,0,0,0,0,0,0,0,0,0,0,0,0,0,0,0.6794,0
"C_Rspnbl",0,0,0,0,0,0,0,0,0,0,0,0,0,0,0,0,0,0,0.8645
