"","cumsumT","E_Scbltylag","E_EnerLevlag","A_Cmpnlag","A_Rspctlag","N_Deprlag","N_Anxtylag","N_EmoVollag","C_Prdctvlag","C_Rspnbllag","E_Scblty","E_EnerLev","A_Cmpn","A_Rspct","N_Depr","N_Anxty","N_EmoVol","C_Prdctv","C_Rspnbl"
"cumsumT",0.954,-0.0051,0.0302,0.2285,0.1178,-0.1186,-0.1289,-0.1619,-0.0808,0.0725,0,0,0,0,0,0,0,0,0
"E_Scbltylag",-0.0051,0.9262,0.5718,0.3528,0.0573,-0.1755,-0.3612,-0.1575,0.273,0.2537,0,0,0,0,0,0,0,0,0
"E_EnerLevlag",0.0302,0.5718,0.9795,0.3554,0.2278,-0.4783,-0.363,-0.3216,0.4266,0.2764,0,0,0,0,0,0,0,0,0
"A_Cmpnlag",0.2285,0.3528,0.3554,0.9984,0.3244,-0.1649,-0.1717,-0.1909,0.2525,0.2402,0,0,0,0,0,0,0,0,0
"A_Rspctlag",0.1178,0.0573,0.2278,0.3244,0.9236,-0.3049,-0.0549,-0.2883,0.3026,0.3075,0,0,0,0,0,0,0,0,0
"N_Deprlag",-0.1186,-0.1755,-0.4783,-0.1649,-0.3049,0.993,0.4143,0.5942,-0.4364,-0.3307,0,0,0,0,0,0,0,0,0
"N_Anxtylag",-0.1289,-0.3612,-0.363,-0.1717,-0.0549,0.4143,0.9887,0.4439,-0.2837,-0.2177,0,0,0,0,0,0,0,0,0
"N_EmoVollag",-0.1619,-0.1575,-0.3216,-0.1909,-0.2883,0.5942,0.4439,0.9931,-0.3722,-0.2713,0,0,0,0,0,0,0,0,0
"C_Prdctvlag",-0.0808,0.273,0.4266,0.2525,0.3026,-0.4364,-0.2837,-0.3722,0.9867,0.3957,0,0,0,0,0,0,0,0,0
"C_Rspnbllag",0.0725,0.2537,0.2764,0.2402,0.3075,-0.3307,-0.2177,-0.2713,0.3957,0.9952,0,0,0,0,0,0,0,0,0
"E_Scblty",0,0,0,0,0,0,0,0,0,0,0.6166,0,0,0,0,0,0,0,0
"E_EnerLev",0,0,0,0,0,0,0,0,0,0,0,0.7422,0,0,0,0,0,0,0
"A_Cmpn",0,0,0,0,0,0,0,0,0,0,0,0,0.695,0,0,0,0,0,0
"A_Rspct",0,0,0,0,0,0,0,0,0,0,0,0,0,0.9739,0,0,0,0,0
"N_Depr",0,0,0,0,0,0,0,0,0,0,0,0,0,0,0.8823,0,0,0,0
"N_Anxty",0,0,0,0,0,0,0,0,0,0,0,0,0,0,0,0.8018,0,0,0
"N_EmoVol",0,0,0,0,0,0,0,0,0,0,0,0,0,0,0,0,0.6431,0,0
"C_Prdctv",0,0,0,0,0,0,0,0,0,0,0,0,0,0,0,0,0,0.7931,0
"C_Rspnbl",0,0,0,0,0,0,0,0,0,0,0,0,0,0,0,0,0,0,0.8148
