"","cumsumT","E_Scbltylag","E_EnerLevlag","A_Cmpnlag","A_Rspctlag","N_Deprlag","N_Anxtylag","N_EmoVollag","C_Prdctvlag","C_Rspnbllag","E_Scblty","E_EnerLev","A_Cmpn","A_Rspct","N_Depr","N_Anxty","N_EmoVol","C_Prdctv","C_Rspnbl"
"cumsumT",0.9651,-0.1212,0.0035,-0.3151,-0.0773,0.138,0.4252,0.0694,0.0918,0.1641,0,0,0,0,0,0,0,0,0
"E_Scbltylag",-0.1212,0.9992,0.2955,0.3672,0.3609,-0.3578,-0.0656,-0.2196,0.1125,0.0802,0,0,0,0,0,0,0,0,0
"E_EnerLevlag",0.0035,0.2955,0.9991,0.0993,0.2788,-0.4403,-0.0641,-0.3118,0.2666,0.3359,0,0,0,0,0,0,0,0,0
"A_Cmpnlag",-0.3151,0.3672,0.0993,0.9971,0.2383,-0.3633,-0.2355,-0.1608,-0.0254,-0.0061,0,0,0,0,0,0,0,0,0
"A_Rspctlag",-0.0773,0.3609,0.2788,0.2383,0.9991,-0.3744,-0.0941,-0.1458,0.1561,0.1452,0,0,0,0,0,0,0,0,0
"N_Deprlag",0.138,-0.3578,-0.4403,-0.3633,-0.3744,0.9943,0.3889,0.4628,-0.2174,-0.3626,0,0,0,0,0,0,0,0,0
"N_Anxtylag",0.4252,-0.0656,-0.0641,-0.2355,-0.0941,0.3889,0.9155,0.1365,-0.1661,-0.0429,0,0,0,0,0,0,0,0,0
"N_EmoVollag",0.0694,-0.2196,-0.3118,-0.1608,-0.1458,0.4628,0.1365,0.9341,-0.3447,-0.3181,0,0,0,0,0,0,0,0,0
"C_Prdctvlag",0.0918,0.1125,0.2666,-0.0254,0.1561,-0.2174,-0.1661,-0.3447,0.9984,0.4963,0,0,0,0,0,0,0,0,0
"C_Rspnbllag",0.1641,0.0802,0.3359,-0.0061,0.1452,-0.3626,-0.0429,-0.3181,0.4963,0.9061,0,0,0,0,0,0,0,0,0
"E_Scblty",0,0,0,0,0,0,0,0,0,0,0.7077,0,0,0,0,0,0,0,0
"E_EnerLev",0,0,0,0,0,0,0,0,0,0,0,0.8007,0,0,0,0,0,0,0
"A_Cmpn",0,0,0,0,0,0,0,0,0,0,0,0,0.7959,0,0,0,0,0,0
"A_Rspct",0,0,0,0,0,0,0,0,0,0,0,0,0,0.829,0,0,0,0,0
"N_Depr",0,0,0,0,0,0,0,0,0,0,0,0,0,0,0.7663,0,0,0,0
"N_Anxty",0,0,0,0,0,0,0,0,0,0,0,0,0,0,0,0.6209,0,0,0
"N_EmoVol",0,0,0,0,0,0,0,0,0,0,0,0,0,0,0,0,0.7877,0,0
"C_Prdctv",0,0,0,0,0,0,0,0,0,0,0,0,0,0,0,0,0,0.9837,0
"C_Rspnbl",0,0,0,0,0,0,0,0,0,0,0,0,0,0,0,0,0,0,0.7175
