"","cumsumT","E_Scbltylag","E_EnerLevlag","A_Cmpnlag","A_Rspctlag","N_Deprlag","N_Anxtylag","N_EmoVollag","C_Prdctvlag","C_Rspnbllag","E_Scblty","E_EnerLev","A_Cmpn","A_Rspct","N_Depr","N_Anxty","N_EmoVol","C_Prdctv","C_Rspnbl"
"cumsumT",1,0.0597,-0.0019,0.276,0.3032,0.0631,0.2353,0.0758,-0.0459,-0.131,0,0,0,0,0,0,0,0,0
"E_Scbltylag",0.0597,1,0.5862,0.3819,0.0394,-0.0507,-0.0592,-0.0877,0.3755,0.3054,0,0,0,0,0,0,0,0,0
"E_EnerLevlag",-0.0019,0.5862,1,0.3728,-0.127,-0.1833,-0.0725,-0.0788,0.3269,0.1656,0,0,0,0,0,0,0,0,0
"A_Cmpnlag",0.276,0.3819,0.3728,1,0.1646,-0.1129,-0.11,-0.0041,0.1089,0.0664,0,0,0,0,0,0,0,0,0
"A_Rspctlag",0.3032,0.0394,-0.127,0.1646,1,-0.1475,-0.0613,-0.0315,0.0653,-0.0075,0,0,0,0,0,0,0,0,0
"N_Deprlag",0.0631,-0.0507,-0.1833,-0.1129,-0.1475,1,0.5631,0.453,-0.2245,-0.149,0,0,0,0,0,0,0,0,0
"N_Anxtylag",0.2353,-0.0592,-0.0725,-0.11,-0.0613,0.5631,1,0.4686,-0.0591,-0.1677,0,0,0,0,0,0,0,0,0
"N_EmoVollag",0.0758,-0.0877,-0.0788,-0.0041,-0.0315,0.453,0.4686,1,-0.3283,-0.3379,0,0,0,0,0,0,0,0,0
"C_Prdctvlag",-0.0459,0.3755,0.3269,0.1089,0.0653,-0.2245,-0.0591,-0.3283,1,0.554,0,0,0,0,0,0,0,0,0
"C_Rspnbllag",-0.131,0.3054,0.1656,0.0664,-0.0075,-0.149,-0.1677,-0.3379,0.554,1,0,0,0,0,0,0,0,0,0
"E_Scblty",0,0,0,0,0,0,0,0,0,0,0.8638,0,0,0,0,0,0,0,0
"E_EnerLev",0,0,0,0,0,0,0,0,0,0,0,0.6527,0,0,0,0,0,0,0
"A_Cmpn",0,0,0,0,0,0,0,0,0,0,0,0,0.743,0,0,0,0,0,0
"A_Rspct",0,0,0,0,0,0,0,0,0,0,0,0,0,0.818,0,0,0,0,0
"N_Depr",0,0,0,0,0,0,0,0,0,0,0,0,0,0,0.6739,0,0,0,0
"N_Anxty",0,0,0,0,0,0,0,0,0,0,0,0,0,0,0,0.9772,0,0,0
"N_EmoVol",0,0,0,0,0,0,0,0,0,0,0,0,0,0,0,0,0.6865,0,0
"C_Prdctv",0,0,0,0,0,0,0,0,0,0,0,0,0,0,0,0,0,0.6942,0
"C_Rspnbl",0,0,0,0,0,0,0,0,0,0,0,0,0,0,0,0,0,0,0.9979
