"","cumsumT","E_Scbltylag","E_EnerLevlag","A_Cmpnlag","A_Rspctlag","N_Deprlag","N_Anxtylag","N_EmoVollag","C_Prdctvlag","C_Rspnbllag","E_Scblty","E_EnerLev","A_Cmpn","A_Rspct","N_Depr","N_Anxty","N_EmoVol","C_Prdctv","C_Rspnbl"
"cumsumT",0.9596,0.0582,-0.0018,0.2678,0.2957,0.0617,0.2295,0.0742,-0.0449,-0.1266,0,0,0,0,0,0,0,0,0
"E_Scbltylag",0.0582,0.9886,0.5815,0.3761,0.039,-0.0503,-0.0586,-0.0871,0.3731,0.2997,0,0,0,0,0,0,0,0,0
"E_EnerLevlag",-0.0018,0.5815,0.9955,0.3685,-0.1262,-0.1827,-0.072,-0.0786,0.326,0.1631,0,0,0,0,0,0,0,0,0
"A_Cmpnlag",0.2678,0.3761,0.3685,0.9814,0.1624,-0.1116,-0.1085,-0.004,0.1078,0.0649,0,0,0,0,0,0,0,0,0
"A_Rspctlag",0.2957,0.039,-0.1262,0.1624,0.9911,-0.1466,-0.0607,-0.0313,0.065,-0.0074,0,0,0,0,0,0,0,0,0
"N_Deprlag",0.0617,-0.0503,-0.1827,-0.1116,-0.1466,0.9972,0.5599,0.4521,-0.224,-0.1469,0,0,0,0,0,0,0,0,0
"N_Anxtylag",0.2295,-0.0586,-0.072,-0.1085,-0.0607,0.5599,0.9913,0.4663,-0.0588,-0.1648,0,0,0,0,0,0,0,0,0
"N_EmoVollag",0.0742,-0.0871,-0.0786,-0.004,-0.0313,0.4521,0.4663,0.999,-0.3279,-0.3334,0,0,0,0,0,0,0,0,0
"C_Prdctvlag",-0.0449,0.3731,0.326,0.1078,0.065,-0.224,-0.0588,-0.3279,0.9987,0.5465,0,0,0,0,0,0,0,0,0
"C_Rspnbllag",-0.1266,0.2997,0.1631,0.0649,-0.0074,-0.1469,-0.1648,-0.3334,0.5465,0.9743,0,0,0,0,0,0,0,0,0
"E_Scblty",0,0,0,0,0,0,0,0,0,0,0.8503,0,0,0,0,0,0,0,0
"E_EnerLev",0,0,0,0,0,0,0,0,0,0,0,0.6454,0,0,0,0,0,0,0
"A_Cmpn",0,0,0,0,0,0,0,0,0,0,0,0,0.7522,0,0,0,0,0,0
"A_Rspct",0,0,0,0,0,0,0,0,0,0,0,0,0,0.8177,0,0,0,0,0
"N_Depr",0,0,0,0,0,0,0,0,0,0,0,0,0,0,0.6715,0,0,0,0
"N_Anxty",0,0,0,0,0,0,0,0,0,0,0,0,0,0,0,0.9769,0,0,0
"N_EmoVol",0,0,0,0,0,0,0,0,0,0,0,0,0,0,0,0,0.6667,0,0
"C_Prdctv",0,0,0,0,0,0,0,0,0,0,0,0,0,0,0,0,0,0.6833,0
"C_Rspnbl",0,0,0,0,0,0,0,0,0,0,0,0,0,0,0,0,0,0,0.9963
