"","cumsumT","E_Scbltylag","E_EnerLevlag","A_Cmpnlag","A_Rspctlag","N_Deprlag","N_Anxtylag","N_EmoVollag","C_Prdctvlag","C_Rspnbllag","E_Scblty","E_EnerLev","A_Cmpn","A_Rspct","N_Depr","N_Anxty","N_EmoVol","C_Prdctv","C_Rspnbl"
"cumsumT",0.9354,0.0867,0.0354,0.1894,0.0477,0.0067,-0.0381,-0.0242,0.3216,0.0247,0,0,0,0,0,0,0,0,0
"E_Scbltylag",0.0867,0.9815,-0.0828,-0.1231,-0.3408,-0.0232,0.0965,0.0268,0.1158,0.2474,0,0,0,0,0,0,0,0,0
"E_EnerLevlag",0.0354,-0.0828,0.9674,0.1384,0.1701,0.3562,-0.0382,0.0451,0.0559,0.0782,0,0,0,0,0,0,0,0,0
"A_Cmpnlag",0.1894,-0.1231,0.1384,0.9912,0.0985,0.1024,0.055,0.1164,0.0562,0.1462,0,0,0,0,0,0,0,0,0
"A_Rspctlag",0.0477,-0.3408,0.1701,0.0985,0.9859,0.1219,0.0492,-0.3414,0.015,-0.0098,0,0,0,0,0,0,0,0,0
"N_Deprlag",0.0067,-0.0232,0.3562,0.1024,0.1219,0.92,-0.0666,0.2435,0.1345,0.1044,0,0,0,0,0,0,0,0,0
"N_Anxtylag",-0.0381,0.0965,-0.0382,0.055,0.0492,-0.0666,0.9954,0.1158,0.0916,0.0437,0,0,0,0,0,0,0,0,0
"N_EmoVollag",-0.0242,0.0268,0.0451,0.1164,-0.3414,0.2435,0.1158,0.9955,0.1664,-0.1572,0,0,0,0,0,0,0,0,0
"C_Prdctvlag",0.3216,0.1158,0.0559,0.0562,0.015,0.1345,0.0916,0.1664,0.9996,0.4612,0,0,0,0,0,0,0,0,0
"C_Rspnbllag",0.0247,0.2474,0.0782,0.1462,-0.0098,0.1044,0.0437,-0.1572,0.4612,0.982,0,0,0,0,0,0,0,0,0
"E_Scblty",0,0,0,0,0,0,0,0,0,0,0.9903,0,0,0,0,0,0,0,0
"E_EnerLev",0,0,0,0,0,0,0,0,0,0,0,0.6122,0,0,0,0,0,0,0
"A_Cmpn",0,0,0,0,0,0,0,0,0,0,0,0,0.9764,0,0,0,0,0,0
"A_Rspct",0,0,0,0,0,0,0,0,0,0,0,0,0,0.7655,0,0,0,0,0
"N_Depr",0,0,0,0,0,0,0,0,0,0,0,0,0,0,1.783,0,0,0,0
"N_Anxty",0,0,0,0,0,0,0,0,0,0,0,0,0,0,0,0.634,0,0,0
"N_EmoVol",0,0,0,0,0,0,0,0,0,0,0,0,0,0,0,0,0.5992,0,0
"C_Prdctv",0,0,0,0,0,0,0,0,0,0,0,0,0,0,0,0,0,0.4309,0
"C_Rspnbl",0,0,0,0,0,0,0,0,0,0,0,0,0,0,0,0,0,0,0.8907
