"","cumsumT","E_Scbltylag","E_EnerLevlag","A_Cmpnlag","A_Rspctlag","N_Deprlag","N_Anxtylag","N_EmoVollag","C_Prdctvlag","C_Rspnbllag","E_Scblty","E_EnerLev","A_Cmpn","A_Rspct","N_Depr","N_Anxty","N_EmoVol","C_Prdctv","C_Rspnbl"
"cumsumT",0.9434,-0.1741,-0.2894,-0.1516,0.0353,0.1846,0.1804,0.1913,-0.1595,0.0731,0,0,0,0,0,0,0,0,0
"E_Scbltylag",-0.1741,0.997,0.4821,0.0847,-0.0019,-0.6704,-0.4829,-0.5474,0.5148,0.1753,0,0,0,0,0,0,0,0,0
"E_EnerLevlag",-0.2894,0.4821,0.9922,0.3528,0.3592,-0.683,-0.6742,-0.6679,0.4418,0.472,0,0,0,0,0,0,0,0,0
"A_Cmpnlag",-0.1516,0.0847,0.3528,0.9936,0.3426,-0.2793,-0.1984,-0.2665,0.2913,0.1963,0,0,0,0,0,0,0,0,0
"A_Rspctlag",0.0353,-0.0019,0.3592,0.3426,0.9983,-0.1522,-0.0772,-0.2009,-0.0211,0.3767,0,0,0,0,0,0,0,0,0
"N_Deprlag",0.1846,-0.6704,-0.683,-0.2793,-0.1522,0.991,0.7143,0.7791,-0.6661,-0.3593,0,0,0,0,0,0,0,0,0
"N_Anxtylag",0.1804,-0.4829,-0.6742,-0.1984,-0.0772,0.7143,0.9978,0.7769,-0.3733,-0.2909,0,0,0,0,0,0,0,0,0
"N_EmoVollag",0.1913,-0.5474,-0.6679,-0.2665,-0.2009,0.7791,0.7769,0.9955,-0.5135,-0.3739,0,0,0,0,0,0,0,0,0
"C_Prdctvlag",-0.1595,0.5148,0.4418,0.2913,-0.0211,-0.6661,-0.3733,-0.5135,0.9911,0.3146,0,0,0,0,0,0,0,0,0
"C_Rspnbllag",0.0731,0.1753,0.472,0.1963,0.3767,-0.3593,-0.2909,-0.3739,0.3146,0.9676,0,0,0,0,0,0,0,0,0
"E_Scblty",0,0,0,0,0,0,0,0,0,0,0.4632,0,0,0,0,0,0,0,0
"E_EnerLev",0,0,0,0,0,0,0,0,0,0,0,0.364,0,0,0,0,0,0,0
"A_Cmpn",0,0,0,0,0,0,0,0,0,0,0,0,0.8536,0,0,0,0,0,0
"A_Rspct",0,0,0,0,0,0,0,0,0,0,0,0,0,0.8347,0,0,0,0,0
"N_Depr",0,0,0,0,0,0,0,0,0,0,0,0,0,0,0.3999,0,0,0,0
"N_Anxty",0,0,0,0,0,0,0,0,0,0,0,0,0,0,0,0.9991,0,0,0
"N_EmoVol",0,0,0,0,0,0,0,0,0,0,0,0,0,0,0,0,0.6865,0,0
"C_Prdctv",0,0,0,0,0,0,0,0,0,0,0,0,0,0,0,0,0,0.6158,0
"C_Rspnbl",0,0,0,0,0,0,0,0,0,0,0,0,0,0,0,0,0,0,0.694
