"","cumsumT","E_Scbltylag","E_EnerLevlag","A_Cmpnlag","A_Rspctlag","N_Deprlag","N_Anxtylag","N_EmoVollag","C_Prdctvlag","C_Rspnbllag","E_Scblty","E_EnerLev","A_Cmpn","A_Rspct","N_Depr","N_Anxty","N_EmoVol","C_Prdctv","C_Rspnbl"
"cumsumT",0.9712,-0.0301,0.0146,0.0883,-0.1804,0.0364,-0.1216,-0.0778,0.1695,0.1928,0,0,0,0,0,0,0,0,0
"E_Scbltylag",-0.0301,0.9685,0.2682,0.1079,0.0602,-0.1747,-0.1218,-0.1132,0.0539,0.1728,0,0,0,0,0,0,0,0,0
"E_EnerLevlag",0.0146,0.2682,0.993,0.1573,0.1216,0.0386,0.0557,-0.0697,0.1264,0.2145,0,0,0,0,0,0,0,0,0
"A_Cmpnlag",0.0883,0.1079,0.1573,0.9833,0.2008,0.098,-0.0588,-0.049,-0.1749,0.0653,0,0,0,0,0,0,0,0,0
"A_Rspctlag",-0.1804,0.0602,0.1216,0.2008,0.995,-0.0351,0.0473,-0.0056,0.0721,0.0689,0,0,0,0,0,0,0,0,0
"N_Deprlag",0.0364,-0.1747,0.0386,0.098,-0.0351,0.9953,0.1854,0.4379,-0.1187,-0.1254,0,0,0,0,0,0,0,0,0
"N_Anxtylag",-0.1216,-0.1218,0.0557,-0.0588,0.0473,0.1854,0.9969,0.2938,-0.0225,-0.0755,0,0,0,0,0,0,0,0,0
"N_EmoVollag",-0.0778,-0.1132,-0.0697,-0.049,-0.0056,0.4379,0.2938,0.9955,-0.0761,-0.2322,0,0,0,0,0,0,0,0,0
"C_Prdctvlag",0.1695,0.0539,0.1264,-0.1749,0.0721,-0.1187,-0.0225,-0.0761,0.9956,0.2288,0,0,0,0,0,0,0,0,0
"C_Rspnbllag",0.1928,0.1728,0.2145,0.0653,0.0689,-0.1254,-0.0755,-0.2322,0.2288,0.9994,0,0,0,0,0,0,0,0,0
"E_Scblty",0,0,0,0,0,0,0,0,0,0,0.9959,0,0,0,0,0,0,0,0
"E_EnerLev",0,0,0,0,0,0,0,0,0,0,0,0.9323,0,0,0,0,0,0,0
"A_Cmpn",0,0,0,0,0,0,0,0,0,0,0,0,0.9892,0,0,0,0,0,0
"A_Rspct",0,0,0,0,0,0,0,0,0,0,0,0,0,0.9677,0,0,0,0,0
"N_Depr",0,0,0,0,0,0,0,0,0,0,0,0,0,0,0.9939,0,0,0,0
"N_Anxty",0,0,0,0,0,0,0,0,0,0,0,0,0,0,0,0.9089,0,0,0
"N_EmoVol",0,0,0,0,0,0,0,0,0,0,0,0,0,0,0,0,0.7775,0,0
"C_Prdctv",0,0,0,0,0,0,0,0,0,0,0,0,0,0,0,0,0,0.9238,0
"C_Rspnbl",0,0,0,0,0,0,0,0,0,0,0,0,0,0,0,0,0,0,0.998
