"","cumsumT","E_Scbltylag","E_EnerLevlag","A_Cmpnlag","A_Rspctlag","N_Deprlag","N_Anxtylag","N_EmoVollag","C_Prdctvlag","C_Rspnbllag","E_Scblty","E_EnerLev","A_Cmpn","A_Rspct","N_Depr","N_Anxty","N_EmoVol","C_Prdctv","C_Rspnbl"
"cumsumT",1,0.0473,-0.014,0.1713,0.0297,-0.0143,0.2945,0.1277,-0.0768,0.1042,0,0,0,0,0,0,0,0,0
"E_Scbltylag",0.0473,1,0.2372,0.063,0.1275,-0.1545,-0.2498,-0.297,-0.2003,-0.0052,0,0,0,0,0,0,0,0,0
"E_EnerLevlag",-0.014,0.2372,1,0.2346,0.0838,-0.194,0.1156,-0.1751,-0.1853,0.0971,0,0,0,0,0,0,0,0,0
"A_Cmpnlag",0.1713,0.063,0.2346,1,0.2378,1e-04,0.1736,-0.1228,0.1323,-0.1376,0,0,0,0,0,0,0,0,0
"A_Rspctlag",0.0297,0.1275,0.0838,0.2378,1,0.0241,0.0368,-0.0668,0.1696,0.2349,0,0,0,0,0,0,0,0,0
"N_Deprlag",-0.0143,-0.1545,-0.194,1e-04,0.0241,1,0.1914,0.0997,0.2056,-0.194,0,0,0,0,0,0,0,0,0
"N_Anxtylag",0.2945,-0.2498,0.1156,0.1736,0.0368,0.1914,1,0.2773,0.2656,0.0056,0,0,0,0,0,0,0,0,0
"N_EmoVollag",0.1277,-0.297,-0.1751,-0.1228,-0.0668,0.0997,0.2773,1,0.1586,-0.1529,0,0,0,0,0,0,0,0,0
"C_Prdctvlag",-0.0768,-0.2003,-0.1853,0.1323,0.1696,0.2056,0.2656,0.1586,1,0.3172,0,0,0,0,0,0,0,0,0
"C_Rspnbllag",0.1042,-0.0052,0.0971,-0.1376,0.2349,-0.194,0.0056,-0.1529,0.3172,1,0,0,0,0,0,0,0,0,0
"E_Scblty",0,0,0,0,0,0,0,0,0,0,0.9706,0,0,0,0,0,0,0,0
"E_EnerLev",0,0,0,0,0,0,0,0,0,0,0,0.9999,0,0,0,0,0,0,0
"A_Cmpn",0,0,0,0,0,0,0,0,0,0,0,0,1.7491,0,0,0,0,0,0
"A_Rspct",0,0,0,0,0,0,0,0,0,0,0,0,0,1.0374,0,0,0,0,0
"N_Depr",0,0,0,0,0,0,0,0,0,0,0,0,0,0,0.9132,0,0,0,0
"N_Anxty",0,0,0,0,0,0,0,0,0,0,0,0,0,0,0,0.9052,0,0,0
"N_EmoVol",0,0,0,0,0,0,0,0,0,0,0,0,0,0,0,0,0.7651,0,0
"C_Prdctv",0,0,0,0,0,0,0,0,0,0,0,0,0,0,0,0,0,0.8004,0
"C_Rspnbl",0,0,0,0,0,0,0,0,0,0,0,0,0,0,0,0,0,0,0.8059
