"","cumsumT","E_Scbltylag","E_EnerLevlag","A_Cmpnlag","A_Rspctlag","N_Deprlag","N_Anxtylag","N_EmoVollag","C_Prdctvlag","C_Rspnbllag","E_Scblty","E_EnerLev","A_Cmpn","A_Rspct","N_Depr","N_Anxty","N_EmoVol","C_Prdctv","C_Rspnbl"
"cumsumT",0.9529,0.5542,0.5011,0.5192,0.3583,-0.2332,0.1193,-0.0087,0.2156,0.245,0,0,0,0,0,0,0,0,0
"E_Scbltylag",0.5542,0.9997,0.6014,0.2623,0.2244,-0.2741,-0.0078,0.0771,0.1747,0.2373,0,0,0,0,0,0,0,0,0
"E_EnerLevlag",0.5011,0.6014,0.9953,0.3017,0.2663,-0.1304,0.0776,0.138,0.1324,0.0778,0,0,0,0,0,0,0,0,0
"A_Cmpnlag",0.5192,0.2623,0.3017,0.9855,0.1485,0.0363,0.0479,0.017,-0.0547,0.0333,0,0,0,0,0,0,0,0,0
"A_Rspctlag",0.3583,0.2244,0.2663,0.1485,0.991,-0.1629,-0.0276,-0.0937,0.0656,0.2013,0,0,0,0,0,0,0,0,0
"N_Deprlag",-0.2332,-0.2741,-0.1304,0.0363,-0.1629,0.9988,-0.0959,0.3511,-0.1773,-0.2468,0,0,0,0,0,0,0,0,0
"N_Anxtylag",0.1193,-0.0078,0.0776,0.0479,-0.0276,-0.0959,0.9983,0.2265,0.1236,0.1506,0,0,0,0,0,0,0,0,0
"N_EmoVollag",-0.0087,0.0771,0.138,0.017,-0.0937,0.3511,0.2265,0.9991,0.0557,-0.0861,0,0,0,0,0,0,0,0,0
"C_Prdctvlag",0.2156,0.1747,0.1324,-0.0547,0.0656,-0.1773,0.1236,0.0557,0.9967,0.5686,0,0,0,0,0,0,0,0,0
"C_Rspnbllag",0.245,0.2373,0.0778,0.0333,0.2013,-0.2468,0.1506,-0.0861,0.5686,0.9997,0,0,0,0,0,0,0,0,0
"E_Scblty",0,0,0,0,0,0,0,0,0,0,0.6767,0,0,0,0,0,0,0,0
"E_EnerLev",0,0,0,0,0,0,0,0,0,0,0,0.6103,0,0,0,0,0,0,0
"A_Cmpn",0,0,0,0,0,0,0,0,0,0,0,0,0.6911,0,0,0,0,0,0
"A_Rspct",0,0,0,0,0,0,0,0,0,0,0,0,0,0.8494,0,0,0,0,0
"N_Depr",0,0,0,0,0,0,0,0,0,0,0,0,0,0,0.8465,0,0,0,0
"N_Anxty",0,0,0,0,0,0,0,0,0,0,0,0,0,0,0,0.995,0,0,0
"N_EmoVol",0,0,0,0,0,0,0,0,0,0,0,0,0,0,0,0,0.7814,0,0
"C_Prdctv",0,0,0,0,0,0,0,0,0,0,0,0,0,0,0,0,0,0.9647,0
"C_Rspnbl",0,0,0,0,0,0,0,0,0,0,0,0,0,0,0,0,0,0,0.4646
