"","cumsumT","E_Scbltylag","E_EnerLevlag","A_Cmpnlag","A_Rspctlag","N_Deprlag","N_Anxtylag","N_EmoVollag","C_Prdctvlag","C_Rspnbllag","E_Scblty","E_EnerLev","A_Cmpn","A_Rspct","N_Depr","N_Anxty","N_EmoVol","C_Prdctv","C_Rspnbl"
"cumsumT",0.9575,-0.0652,-0.0239,0.2736,0.0804,-0.263,-0.3123,-0.2958,0.242,0.2707,0,0,0,0,0,0,0,0,0
"E_Scbltylag",-0.0652,0.9727,0.3477,-0.0495,0.2383,-0.2523,-0.2264,-0.215,0.186,0.0335,0,0,0,0,0,0,0,0,0
"E_EnerLevlag",-0.0239,0.3477,0.9928,0.2785,0.3742,-0.4569,-0.3487,-0.3217,0.2288,0.1825,0,0,0,0,0,0,0,0,0
"A_Cmpnlag",0.2736,-0.0495,0.2785,0.9243,0.4808,-0.4111,-0.3374,-0.3158,0.1684,0.1797,0,0,0,0,0,0,0,0,0
"A_Rspctlag",0.0804,0.2383,0.3742,0.4808,0.9307,-0.2768,-0.2579,-0.2957,0.1173,0.3424,0,0,0,0,0,0,0,0,0
"N_Deprlag",-0.263,-0.2523,-0.4569,-0.4111,-0.2768,0.9788,0.6519,0.5919,-0.3343,-0.2552,0,0,0,0,0,0,0,0,0
"N_Anxtylag",-0.3123,-0.2264,-0.3487,-0.3374,-0.2579,0.6519,0.9711,0.5821,-0.312,-0.1106,0,0,0,0,0,0,0,0,0
"N_EmoVollag",-0.2958,-0.215,-0.3217,-0.3158,-0.2957,0.5919,0.5821,1,-0.3704,-0.2311,0,0,0,0,0,0,0,0,0
"C_Prdctvlag",0.242,0.186,0.2288,0.1684,0.1173,-0.3343,-0.312,-0.3704,0.9997,0.4664,0,0,0,0,0,0,0,0,0
"C_Rspnbllag",0.2707,0.0335,0.1825,0.1797,0.3424,-0.2552,-0.1106,-0.2311,0.4664,0.9545,0,0,0,0,0,0,0,0,0
"E_Scblty",0,0,0,0,0,0,0,0,0,0,0.9889,0,0,0,0,0,0,0,0
"E_EnerLev",0,0,0,0,0,0,0,0,0,0,0,0.7978,0,0,0,0,0,0,0
"A_Cmpn",0,0,0,0,0,0,0,0,0,0,0,0,0.7347,0,0,0,0,0,0
"A_Rspct",0,0,0,0,0,0,0,0,0,0,0,0,0,0.5958,0,0,0,0,0
"N_Depr",0,0,0,0,0,0,0,0,0,0,0,0,0,0,0.6728,0,0,0,0
"N_Anxty",0,0,0,0,0,0,0,0,0,0,0,0,0,0,0,2.2629,0,0,0
"N_EmoVol",0,0,0,0,0,0,0,0,0,0,0,0,0,0,0,0,0.7709,0,0
"C_Prdctv",0,0,0,0,0,0,0,0,0,0,0,0,0,0,0,0,0,0.7674,0
"C_Rspnbl",0,0,0,0,0,0,0,0,0,0,0,0,0,0,0,0,0,0,0.8173
