"","cumsumT","E_Scbltylag","E_EnerLevlag","A_Cmpnlag","A_Rspctlag","N_Deprlag","N_Anxtylag","N_EmoVollag","C_Prdctvlag","C_Rspnbllag","E_Scblty","E_EnerLev","A_Cmpn","A_Rspct","N_Depr","N_Anxty","N_EmoVol","C_Prdctv","C_Rspnbl"
"cumsumT",0.9581,0.1249,0.0452,-0.2627,-0.0942,-0.0907,-0.1525,-5e-04,-0.0733,-0.0723,0,0,0,0,0,0,0,0,0
"E_Scbltylag",0.1249,0.9652,0.4059,0.2322,0.0595,-0.3108,-0.2103,-0.2315,0.239,0.0209,0,0,0,0,0,0,0,0,0
"E_EnerLevlag",0.0452,0.4059,0.9914,0.3559,0.213,-0.427,-0.2989,-0.2344,0.301,0.1932,0,0,0,0,0,0,0,0,0
"A_Cmpnlag",-0.2627,0.2322,0.3559,0.9973,0.5201,-0.2062,-0.2248,-0.3557,0.1373,0.2294,0,0,0,0,0,0,0,0,0
"A_Rspctlag",-0.0942,0.0595,0.213,0.5201,0.992,-0.3182,-0.2908,-0.1922,0.0071,0.2936,0,0,0,0,0,0,0,0,0
"N_Deprlag",-0.0907,-0.3108,-0.427,-0.2062,-0.3182,0.9928,0.6918,0.5311,-0.1249,-0.3753,0,0,0,0,0,0,0,0,0
"N_Anxtylag",-0.1525,-0.2103,-0.2989,-0.2248,-0.2908,0.6918,0.9859,0.5133,-0.2283,-0.3352,0,0,0,0,0,0,0,0,0
"N_EmoVollag",-5e-04,-0.2315,-0.2344,-0.3557,-0.1922,0.5311,0.5133,0.9924,-0.139,-0.3696,0,0,0,0,0,0,0,0,0
"C_Prdctvlag",-0.0733,0.239,0.301,0.1373,0.0071,-0.1249,-0.2283,-0.139,1,0.3993,0,0,0,0,0,0,0,0,0
"C_Rspnbllag",-0.0723,0.0209,0.1932,0.2294,0.2936,-0.3753,-0.3352,-0.3696,0.3993,0.9987,0,0,0,0,0,0,0,0,0
"E_Scblty",0,0,0,0,0,0,0,0,0,0,0.7675,0,0,0,0,0,0,0,0
"E_EnerLev",0,0,0,0,0,0,0,0,0,0,0,0.7031,0,0,0,0,0,0,0
"A_Cmpn",0,0,0,0,0,0,0,0,0,0,0,0,0.8534,0,0,0,0,0,0
"A_Rspct",0,0,0,0,0,0,0,0,0,0,0,0,0,0.733,0,0,0,0,0
"N_Depr",0,0,0,0,0,0,0,0,0,0,0,0,0,0,0.5845,0,0,0,0
"N_Anxty",0,0,0,0,0,0,0,0,0,0,0,0,0,0,0,0.4804,0,0,0
"N_EmoVol",0,0,0,0,0,0,0,0,0,0,0,0,0,0,0,0,0.9797,0,0
"C_Prdctv",0,0,0,0,0,0,0,0,0,0,0,0,0,0,0,0,0,0.8363,0
"C_Rspnbl",0,0,0,0,0,0,0,0,0,0,0,0,0,0,0,0,0,0,0.7218
