"","cumsumT","E_Scbltylag","E_EnerLevlag","A_Cmpnlag","A_Rspctlag","N_Deprlag","N_Anxtylag","N_EmoVollag","C_Prdctvlag","C_Rspnbllag","E_Scblty","E_EnerLev","A_Cmpn","A_Rspct","N_Depr","N_Anxty","N_EmoVol","C_Prdctv","C_Rspnbl"
"cumsumT",0.9414,0.2957,-0.0501,-0.0434,-0.287,0.0273,-0.31,-0.1978,0.2869,0.0134,0,0,0,0,0,0,0,0,0
"E_Scbltylag",0.2957,0.9999,0.2138,0.2074,0.1042,-0.3136,-0.5067,-0.1508,0.234,0.3466,0,0,0,0,0,0,0,0,0
"E_EnerLevlag",-0.0501,0.2138,0.9999,0.1976,0.504,-0.6234,-0.5695,-0.5442,0.2231,0.5601,0,0,0,0,0,0,0,0,0
"A_Cmpnlag",-0.0434,0.2074,0.1976,0.8805,0.1457,-0.4526,-0.2546,-0.2053,-0.1032,0.0975,0,0,0,0,0,0,0,0,0
"A_Rspctlag",-0.287,0.1042,0.504,0.1457,0.999,-0.1866,-0.2694,-0.4077,0.1398,0.2537,0,0,0,0,0,0,0,0,0
"N_Deprlag",0.0273,-0.3136,-0.6234,-0.4526,-0.1866,0.9964,0.4843,0.5015,-0.1806,-0.3441,0,0,0,0,0,0,0,0,0
"N_Anxtylag",-0.31,-0.5067,-0.5695,-0.2546,-0.2694,0.4843,0.9995,0.5819,-0.3481,-0.4565,0,0,0,0,0,0,0,0,0
"N_EmoVollag",-0.1978,-0.1508,-0.5442,-0.2053,-0.4077,0.5015,0.5819,0.9955,-0.2148,-0.2295,0,0,0,0,0,0,0,0,0
"C_Prdctvlag",0.2869,0.234,0.2231,-0.1032,0.1398,-0.1806,-0.3481,-0.2148,0.9986,0.2805,0,0,0,0,0,0,0,0,0
"C_Rspnbllag",0.0134,0.3466,0.5601,0.0975,0.2537,-0.3441,-0.4565,-0.2295,0.2805,0.9971,0,0,0,0,0,0,0,0,0
"E_Scblty",0,0,0,0,0,0,0,0,0,0,0.6729,0,0,0,0,0,0,0,0
"E_EnerLev",0,0,0,0,0,0,0,0,0,0,0,0.7661,0,0,0,0,0,0,0
"A_Cmpn",0,0,0,0,0,0,0,0,0,0,0,0,0.7687,0,0,0,0,0,0
"A_Rspct",0,0,0,0,0,0,0,0,0,0,0,0,0,0.6482,0,0,0,0,0
"N_Depr",0,0,0,0,0,0,0,0,0,0,0,0,0,0,0.4273,0,0,0,0
"N_Anxty",0,0,0,0,0,0,0,0,0,0,0,0,0,0,0,0.5461,0,0,0
"N_EmoVol",0,0,0,0,0,0,0,0,0,0,0,0,0,0,0,0,0.4703,0,0
"C_Prdctv",0,0,0,0,0,0,0,0,0,0,0,0,0,0,0,0,0,0.7055,0
"C_Rspnbl",0,0,0,0,0,0,0,0,0,0,0,0,0,0,0,0,0,0,0.649
