"","cumsumT","E_Scbltylag","E_EnerLevlag","A_Cmpnlag","A_Rspctlag","N_Deprlag","N_Anxtylag","N_EmoVollag","C_Prdctvlag","C_Rspnbllag","E_Scblty","E_EnerLev","A_Cmpn","A_Rspct","N_Depr","N_Anxty","N_EmoVol","C_Prdctv","C_Rspnbl"
"cumsumT",0.973,0.0456,0.0457,0.0334,4e-04,-0.2409,-4e-04,-0.1086,0.1192,0.0561,0,0,0,0,0,0,0,0,0
"E_Scbltylag",0.0456,0.9475,0.3946,0.2872,0.1103,-0.2917,-0.3146,-0.1079,0.21,0.1176,0,0,0,0,0,0,0,0,0
"E_EnerLevlag",0.0457,0.3946,0.9723,0.2315,0.178,-0.2833,-0.3594,-0.258,0.1382,0.159,0,0,0,0,0,0,0,0,0
"A_Cmpnlag",0.0334,0.2872,0.2315,0.971,0.2527,-0.2907,-0.218,-0.1296,-0.0247,0.1824,0,0,0,0,0,0,0,0,0
"A_Rspctlag",4e-04,0.1103,0.178,0.2527,0.9995,-0.1682,-0.1302,-0.1801,0.158,0.2416,0,0,0,0,0,0,0,0,0
"N_Deprlag",-0.2409,-0.2917,-0.2833,-0.2907,-0.1682,0.9951,0.5133,0.3626,-0.1357,-0.0668,0,0,0,0,0,0,0,0,0
"N_Anxtylag",-4e-04,-0.3146,-0.3594,-0.218,-0.1302,0.5133,0.9967,0.2281,-0.1315,-0.1033,0,0,0,0,0,0,0,0,0
"N_EmoVollag",-0.1086,-0.1079,-0.258,-0.1296,-0.1801,0.3626,0.2281,0.997,-3e-04,-0.1569,0,0,0,0,0,0,0,0,0
"C_Prdctvlag",0.1192,0.21,0.1382,-0.0247,0.158,-0.1357,-0.1315,-3e-04,0.9894,0.2925,0,0,0,0,0,0,0,0,0
"C_Rspnbllag",0.0561,0.1176,0.159,0.1824,0.2416,-0.0668,-0.1033,-0.1569,0.2925,0.9978,0,0,0,0,0,0,0,0,0
"E_Scblty",0,0,0,0,0,0,0,0,0,0,0.7938,0,0,0,0,0,0,0,0
"E_EnerLev",0,0,0,0,0,0,0,0,0,0,0,0.8598,0,0,0,0,0,0,0
"A_Cmpn",0,0,0,0,0,0,0,0,0,0,0,0,0.8494,0,0,0,0,0,0
"A_Rspct",0,0,0,0,0,0,0,0,0,0,0,0,0,0.8594,0,0,0,0,0
"N_Depr",0,0,0,0,0,0,0,0,0,0,0,0,0,0,0.6552,0,0,0,0
"N_Anxty",0,0,0,0,0,0,0,0,0,0,0,0,0,0,0,0.9302,0,0,0
"N_EmoVol",0,0,0,0,0,0,0,0,0,0,0,0,0,0,0,0,0.8648,0,0
"C_Prdctv",0,0,0,0,0,0,0,0,0,0,0,0,0,0,0,0,0,0.9572,0
"C_Rspnbl",0,0,0,0,0,0,0,0,0,0,0,0,0,0,0,0,0,0,0.8038
