"","cumsumT","E_Scbltylag","E_EnerLevlag","A_Cmpnlag","A_Rspctlag","N_Deprlag","N_Anxtylag","N_EmoVollag","C_Prdctvlag","C_Rspnbllag","E_Scblty","E_EnerLev","A_Cmpn","A_Rspct","N_Depr","N_Anxty","N_EmoVol","C_Prdctv","C_Rspnbl"
"cumsumT",1,0.0475,0.0469,0.0344,4e-04,-0.2448,-4e-04,-0.1102,0.1215,0.057,0,0,0,0,0,0,0,0,0
"E_Scbltylag",0.0475,1,0.4111,0.2994,0.1134,-0.3005,-0.3237,-0.111,0.2169,0.121,0,0,0,0,0,0,0,0,0
"E_EnerLevlag",0.0469,0.4111,1,0.2383,0.1806,-0.288,-0.3651,-0.262,0.1409,0.1614,0,0,0,0,0,0,0,0,0
"A_Cmpnlag",0.0344,0.2994,0.2383,1,0.2565,-0.2957,-0.2215,-0.1318,-0.0252,0.1853,0,0,0,0,0,0,0,0,0
"A_Rspctlag",4e-04,0.1134,0.1806,0.2565,1,-0.1686,-0.1305,-0.1804,0.1588,0.2419,0,0,0,0,0,0,0,0,0
"N_Deprlag",-0.2448,-0.3005,-0.288,-0.2957,-0.1686,1,0.5154,0.364,-0.1368,-0.067,0,0,0,0,0,0,0,0,0
"N_Anxtylag",-4e-04,-0.3237,-0.3651,-0.2215,-0.1305,0.5154,1,0.2288,-0.1324,-0.1036,0,0,0,0,0,0,0,0,0
"N_EmoVollag",-0.1102,-0.111,-0.262,-0.1318,-0.1804,0.364,0.2288,1,-3e-04,-0.1573,0,0,0,0,0,0,0,0,0
"C_Prdctvlag",0.1215,0.2169,0.1409,-0.0252,0.1588,-0.1368,-0.1324,-3e-04,1,0.2944,0,0,0,0,0,0,0,0,0
"C_Rspnbllag",0.057,0.121,0.1614,0.1853,0.2419,-0.067,-0.1036,-0.1573,0.2944,1,0,0,0,0,0,0,0,0,0
"E_Scblty",0,0,0,0,0,0,0,0,0,0,0.8016,0,0,0,0,0,0,0,0
"E_EnerLev",0,0,0,0,0,0,0,0,0,0,0,0.8626,0,0,0,0,0,0,0
"A_Cmpn",0,0,0,0,0,0,0,0,0,0,0,0,0.8751,0,0,0,0,0,0
"A_Rspct",0,0,0,0,0,0,0,0,0,0,0,0,0,0.9845,0,0,0,0,0
"N_Depr",0,0,0,0,0,0,0,0,0,0,0,0,0,0,0.6814,0,0,0,0
"N_Anxty",0,0,0,0,0,0,0,0,0,0,0,0,0,0,0,0.939,0,0,0
"N_EmoVol",0,0,0,0,0,0,0,0,0,0,0,0,0,0,0,0,0.8708,0,0
"C_Prdctv",0,0,0,0,0,0,0,0,0,0,0,0,0,0,0,0,0,0.9933,0
"C_Rspnbl",0,0,0,0,0,0,0,0,0,0,0,0,0,0,0,0,0,0,0.8287
