"","cumsumT","A_Cmpnlag","A_Rspctlag","A_Trustlag","C_Orglag","C_Prdctvlag","C_Rspnbllag","E_Assertlag","E_EnerLevlag","E_Scbltylag","N_Anxtylag","N_Deprlag","N_EmoVollag","O_AesSenslag","O_CrtvImaglag","O_IntCurlag","A_Cmpn","A_Rspct","A_Trust","C_Org","C_Prdctv","C_Rspnbl","E_Assert","E_EnerLev","E_Scblty","N_Anxty","N_Depr","N_EmoVol","O_AesSens","O_CrtvImag","O_IntCur"
"cumsumT",0.9428,0.164,-0.0601,0.0693,-0.046,0.1307,0.1212,0.2502,0.2477,0.0057,0.3323,-0.1204,0.3421,0.1057,0.177,0.3253,0,0,0,0,0,0,0,0,0,0,0,0,0,0,0
"A_Cmpnlag",0.164,0.9995,0.2238,0.3967,0.2248,0.2297,0.3398,0.3563,0.3059,0.4579,-0.0271,-0.1236,-0.2353,0.135,0.4942,0.3535,0,0,0,0,0,0,0,0,0,0,0,0,0,0,0
"A_Rspctlag",-0.0601,0.2238,0.953,-0.0827,0.4609,0.2429,0.2937,0.3876,0.5497,0.5545,-0.1468,-0.3566,-0.2091,-0.0718,0.4198,0.0587,0,0,0,0,0,0,0,0,0,0,0,0,0,0,0
"A_Trustlag",0.0693,0.3967,-0.0827,0.9963,0.2102,0.1306,0.37,0.1423,0.1179,0.2262,-0.196,-0.3538,-0.3356,0.305,0.2109,0.2218,0,0,0,0,0,0,0,0,0,0,0,0,0,0,0
"C_Orglag",-0.046,0.2248,0.4609,0.2102,0.9962,0.2922,0.2906,0.215,0.2654,0.3082,-0.2916,-0.2879,-0.1077,0.0893,0.0237,-0.027,0,0,0,0,0,0,0,0,0,0,0,0,0,0,0
"C_Prdctvlag",0.1307,0.2297,0.2429,0.1306,0.2922,0.9998,0.3342,0.1556,0.39,0.1542,-0.1014,-0.1261,-0.2487,-0.2446,0.2369,0.2608,0,0,0,0,0,0,0,0,0,0,0,0,0,0,0
"C_Rspnbllag",0.1212,0.3398,0.2937,0.37,0.2906,0.3342,0.9916,0.086,0.4126,0.2379,-0.2844,-0.1996,-0.1706,0.0325,0.3095,0.3161,0,0,0,0,0,0,0,0,0,0,0,0,0,0,0
"E_Assertlag",0.2502,0.3563,0.3876,0.1423,0.215,0.1556,0.086,0.9919,0.3631,0.3329,-0.0297,-0.3894,-0.0629,0.0829,0.3065,0.2578,0,0,0,0,0,0,0,0,0,0,0,0,0,0,0
"E_EnerLevlag",0.2477,0.3059,0.5497,0.1179,0.2654,0.39,0.4126,0.3631,0.9909,0.4536,-0.2504,-0.3332,-0.0538,-0.0173,0.5314,0.4207,0,0,0,0,0,0,0,0,0,0,0,0,0,0,0
"E_Scbltylag",0.0057,0.4579,0.5545,0.2262,0.3082,0.1542,0.2379,0.3329,0.4536,0.9685,-0.2692,-0.3931,-0.2803,0.1644,0.4896,0.0038,0,0,0,0,0,0,0,0,0,0,0,0,0,0,0
"N_Anxtylag",0.3323,-0.0271,-0.1468,-0.196,-0.2916,-0.1014,-0.2844,-0.0297,-0.2504,-0.2692,0.988,0.1391,0.4366,9e-04,-0.0756,0.0457,0,0,0,0,0,0,0,0,0,0,0,0,0,0,0
"N_Deprlag",-0.1204,-0.1236,-0.3566,-0.3538,-0.2879,-0.1261,-0.1996,-0.3894,-0.3332,-0.3931,0.1391,0.9927,0.225,-0.1169,-0.2209,-0.1837,0,0,0,0,0,0,0,0,0,0,0,0,0,0,0
"N_EmoVollag",0.3421,-0.2353,-0.2091,-0.3356,-0.1077,-0.2487,-0.1706,-0.0629,-0.0538,-0.2803,0.4366,0.225,0.9955,0.0082,-0.1511,-0.141,0,0,0,0,0,0,0,0,0,0,0,0,0,0,0
"O_AesSenslag",0.1057,0.135,-0.0718,0.305,0.0893,-0.2446,0.0325,0.0829,-0.0173,0.1644,9e-04,-0.1169,0.0082,0.9732,0.2681,0.0808,0,0,0,0,0,0,0,0,0,0,0,0,0,0,0
"O_CrtvImaglag",0.177,0.4942,0.4198,0.2109,0.0237,0.2369,0.3095,0.3065,0.5314,0.4896,-0.0756,-0.2209,-0.1511,0.2681,0.9886,0.259,0,0,0,0,0,0,0,0,0,0,0,0,0,0,0
"O_IntCurlag",0.3253,0.3535,0.0587,0.2218,-0.027,0.2608,0.3161,0.2578,0.4207,0.0038,0.0457,-0.1837,-0.141,0.0808,0.259,0.9948,0,0,0,0,0,0,0,0,0,0,0,0,0,0,0
"A_Cmpn",0,0,0,0,0,0,0,0,0,0,0,0,0,0,0,0,0.6476,0,0,0,0,0,0,0,0,0,0,0,0,0,0
"A_Rspct",0,0,0,0,0,0,0,0,0,0,0,0,0,0,0,0,0,0.4248,0,0,0,0,0,0,0,0,0,0,0,0,0
"A_Trust",0,0,0,0,0,0,0,0,0,0,0,0,0,0,0,0,0,0,0.7784,0,0,0,0,0,0,0,0,0,0,0,0
"C_Org",0,0,0,0,0,0,0,0,0,0,0,0,0,0,0,0,0,0,0,0.666,0,0,0,0,0,0,0,0,0,0,0
"C_Prdctv",0,0,0,0,0,0,0,0,0,0,0,0,0,0,0,0,0,0,0,0,0.765,0,0,0,0,0,0,0,0,0,0
"C_Rspnbl",0,0,0,0,0,0,0,0,0,0,0,0,0,0,0,0,0,0,0,0,0,0.3215,0,0,0,0,0,0,0,0,0
"E_Assert",0,0,0,0,0,0,0,0,0,0,0,0,0,0,0,0,0,0,0,0,0,0,0.5792,0,0,0,0,0,0,0,0
"E_EnerLev",0,0,0,0,0,0,0,0,0,0,0,0,0,0,0,0,0,0,0,0,0,0,0,0.3344,0,0,0,0,0,0,0
"E_Scblty",0,0,0,0,0,0,0,0,0,0,0,0,0,0,0,0,0,0,0,0,0,0,0,0,0.5761,0,0,0,0,0,0
"N_Anxty",0,0,0,0,0,0,0,0,0,0,0,0,0,0,0,0,0,0,0,0,0,0,0,0,0,0.5795,0,0,0,0,0
"N_Depr",0,0,0,0,0,0,0,0,0,0,0,0,0,0,0,0,0,0,0,0,0,0,0,0,0,0,0.4618,0,0,0,0
"N_EmoVol",0,0,0,0,0,0,0,0,0,0,0,0,0,0,0,0,0,0,0,0,0,0,0,0,0,0,0,0.6522,0,0,0
"O_AesSens",0,0,0,0,0,0,0,0,0,0,0,0,0,0,0,0,0,0,0,0,0,0,0,0,0,0,0,0,0.8283,0,0
"O_CrtvImag",0,0,0,0,0,0,0,0,0,0,0,0,0,0,0,0,0,0,0,0,0,0,0,0,0,0,0,0,0,0.6254,0
"O_IntCur",0,0,0,0,0,0,0,0,0,0,0,0,0,0,0,0,0,0,0,0,0,0,0,0,0,0,0,0,0,0,0.6181
