"","cumsumT","A_Cmpnlag","A_Rspctlag","A_Trustlag","C_Orglag","C_Prdctvlag","C_Rspnbllag","E_Assertlag","E_EnerLevlag","E_Scbltylag","N_Anxtylag","N_Deprlag","N_EmoVollag","O_AesSenslag","O_CrtvImaglag","O_IntCurlag","A_Cmpn","A_Rspct","A_Trust","C_Org","C_Prdctv","C_Rspnbl","E_Assert","E_EnerLev","E_Scblty","N_Anxty","N_Depr","N_EmoVol","O_AesSens","O_CrtvImag","O_IntCur"
"cumsumT",0.9454,0.0155,0.1072,-0.0375,-0.1487,0.0795,0.0024,0.1263,0.0568,0.117,-0.3752,-0.2728,0.105,0.072,0.087,0.2076,0,0,0,0,0,0,0,0,0,0,0,0,0,0,0
"A_Cmpnlag",0.0155,0.9823,0.3539,0.3274,0.2724,0.0489,0.2942,-0.0447,0.1351,-0.1268,0.0359,-0.0326,-0.3631,0.0471,0.3794,-0.0332,0,0,0,0,0,0,0,0,0,0,0,0,0,0,0
"A_Rspctlag",0.1072,0.3539,0.9795,0.1721,0.1578,0.0483,0.1932,0.2493,0.193,-0.0926,-0.087,-0.058,-0.2584,-0.0169,0.3649,0.0564,0,0,0,0,0,0,0,0,0,0,0,0,0,0,0
"A_Trustlag",-0.0375,0.3274,0.1721,0.9612,0.1273,-0.0883,0.0584,-0.0585,0.3491,-0.0587,-0.0063,-0.1091,-0.4005,0.0521,0.2631,-0.1307,0,0,0,0,0,0,0,0,0,0,0,0,0,0,0
"C_Orglag",-0.1487,0.2724,0.1578,0.1273,0.9535,0.0665,0.2947,0.0026,-0.0069,-0.0429,-0.149,-0.0368,-0.0391,0.2228,0.0404,-0.0328,0,0,0,0,0,0,0,0,0,0,0,0,0,0,0
"C_Prdctvlag",0.0795,0.0489,0.0483,-0.0883,0.0665,0.9999,0.2299,0.0705,-0.1001,-0.0196,-0.0272,-0.2942,-0.2663,0.0317,-0.0708,0.1504,0,0,0,0,0,0,0,0,0,0,0,0,0,0,0
"C_Rspnbllag",0.0024,0.2942,0.1932,0.0584,0.2947,0.2299,0.9807,-0.1153,0.4045,0.0601,-0.2164,0.1366,-0.1767,0.0402,0.1786,-0.0796,0,0,0,0,0,0,0,0,0,0,0,0,0,0,0
"E_Assertlag",0.1263,-0.0447,0.2493,-0.0585,0.0026,0.0705,-0.1153,0.9996,-0.1289,0.0736,0.0863,-0.0977,-0.0622,0.0311,0.0754,0.3095,0,0,0,0,0,0,0,0,0,0,0,0,0,0,0
"E_EnerLevlag",0.0568,0.1351,0.193,0.3491,-0.0069,-0.1001,0.4045,-0.1289,0.9973,0.4307,-0.1044,-0.1898,-0.1641,0.1868,0.348,0.0197,0,0,0,0,0,0,0,0,0,0,0,0,0,0,0
"E_Scbltylag",0.117,-0.1268,-0.0926,-0.0587,-0.0429,-0.0196,0.0601,0.0736,0.4307,0.9842,-0.0523,-0.2058,0.1249,0.1095,0.1501,-0.0471,0,0,0,0,0,0,0,0,0,0,0,0,0,0,0
"N_Anxtylag",-0.3752,0.0359,-0.087,-0.0063,-0.149,-0.0272,-0.2164,0.0863,-0.1044,-0.0523,0.9981,0.409,0.0707,0.0451,-0.2092,-0.1348,0,0,0,0,0,0,0,0,0,0,0,0,0,0,0
"N_Deprlag",-0.2728,-0.0326,-0.058,-0.1091,-0.0368,-0.2942,0.1366,-0.0977,-0.1898,-0.2058,0.409,0.9911,0.3296,0.0796,-0.216,-0.2136,0,0,0,0,0,0,0,0,0,0,0,0,0,0,0
"N_EmoVollag",0.105,-0.3631,-0.2584,-0.4005,-0.0391,-0.2663,-0.1767,-0.0622,-0.1641,0.1249,0.0707,0.3296,0.9912,0.1749,-0.3314,-0.1291,0,0,0,0,0,0,0,0,0,0,0,0,0,0,0
"O_AesSenslag",0.072,0.0471,-0.0169,0.0521,0.2228,0.0317,0.0402,0.0311,0.1868,0.1095,0.0451,0.0796,0.1749,0.9719,-0.1681,-0.0122,0,0,0,0,0,0,0,0,0,0,0,0,0,0,0
"O_CrtvImaglag",0.087,0.3794,0.3649,0.2631,0.0404,-0.0708,0.1786,0.0754,0.348,0.1501,-0.2092,-0.216,-0.3314,-0.1681,0.9914,-0.1547,0,0,0,0,0,0,0,0,0,0,0,0,0,0,0
"O_IntCurlag",0.2076,-0.0332,0.0564,-0.1307,-0.0328,0.1504,-0.0796,0.3095,0.0197,-0.0471,-0.1348,-0.2136,-0.1291,-0.0122,-0.1547,0.9858,0,0,0,0,0,0,0,0,0,0,0,0,0,0,0
"A_Cmpn",0,0,0,0,0,0,0,0,0,0,0,0,0,0,0,0,0.6974,0,0,0,0,0,0,0,0,0,0,0,0,0,0
"A_Rspct",0,0,0,0,0,0,0,0,0,0,0,0,0,0,0,0,0,0.7325,0,0,0,0,0,0,0,0,0,0,0,0,0
"A_Trust",0,0,0,0,0,0,0,0,0,0,0,0,0,0,0,0,0,0,0.7718,0,0,0,0,0,0,0,0,0,0,0,0
"C_Org",0,0,0,0,0,0,0,0,0,0,0,0,0,0,0,0,0,0,0,0.7568,0,0,0,0,0,0,0,0,0,0,0
"C_Prdctv",0,0,0,0,0,0,0,0,0,0,0,0,0,0,0,0,0,0,0,0,0.9093,0,0,0,0,0,0,0,0,0,0
"C_Rspnbl",0,0,0,0,0,0,0,0,0,0,0,0,0,0,0,0,0,0,0,0,0,0.387,0,0,0,0,0,0,0,0,0
"E_Assert",0,0,0,0,0,0,0,0,0,0,0,0,0,0,0,0,0,0,0,0,0,0,0.6499,0,0,0,0,0,0,0,0
"E_EnerLev",0,0,0,0,0,0,0,0,0,0,0,0,0,0,0,0,0,0,0,0,0,0,0,0.7594,0,0,0,0,0,0,0
"E_Scblty",0,0,0,0,0,0,0,0,0,0,0,0,0,0,0,0,0,0,0,0,0,0,0,0,0.7732,0,0,0,0,0,0
"N_Anxty",0,0,0,0,0,0,0,0,0,0,0,0,0,0,0,0,0,0,0,0,0,0,0,0,0,0.6627,0,0,0,0,0
"N_Depr",0,0,0,0,0,0,0,0,0,0,0,0,0,0,0,0,0,0,0,0,0,0,0,0,0,0,0.7607,0,0,0,0
"N_EmoVol",0,0,0,0,0,0,0,0,0,0,0,0,0,0,0,0,0,0,0,0,0,0,0,0,0,0,0,0.7455,0,0,0
"O_AesSens",0,0,0,0,0,0,0,0,0,0,0,0,0,0,0,0,0,0,0,0,0,0,0,0,0,0,0,0,0.9634,0,0
"O_CrtvImag",0,0,0,0,0,0,0,0,0,0,0,0,0,0,0,0,0,0,0,0,0,0,0,0,0,0,0,0,0,0.7615,0
"O_IntCur",0,0,0,0,0,0,0,0,0,0,0,0,0,0,0,0,0,0,0,0,0,0,0,0,0,0,0,0,0,0,0.9741
