"","cumsumT","A_Cmpnlag","A_Rspctlag","A_Trustlag","C_Orglag","C_Prdctvlag","C_Rspnbllag","E_Assertlag","E_EnerLevlag","E_Scbltylag","N_Anxtylag","N_Deprlag","N_EmoVollag","O_AesSenslag","O_CrtvImaglag","O_IntCurlag","A_Cmpn","A_Rspct","A_Trust","C_Org","C_Prdctv","C_Rspnbl","E_Assert","E_EnerLev","E_Scblty","N_Anxty","N_Depr","N_EmoVol","O_AesSens","O_CrtvImag","O_IntCur"
"cumsumT",1,-0.1335,-0.3145,0.1014,0.0109,-0.0488,0.0234,-0.1357,-0.2087,-0.0589,0.0629,0.2058,0.1524,0.163,-0.0364,0.1156,0,0,0,0,0,0,0,0,0,0,0,0,0,0,0
"A_Cmpnlag",-0.1335,1,0.3914,0.2988,0.0117,-0.2274,0.1075,0.1151,-0.0215,-0.0297,0.0216,-0.1479,0.0948,-0.1788,-0.028,0.1843,0,0,0,0,0,0,0,0,0,0,0,0,0,0,0
"A_Rspctlag",-0.3145,0.3914,1,0.2662,-0.0376,-0.0682,0.0538,0.2334,0.1701,0.2307,0.0741,-0.1468,-0.142,-0.0365,-0.0443,0.0332,0,0,0,0,0,0,0,0,0,0,0,0,0,0,0
"A_Trustlag",0.1014,0.2988,0.2662,1,-0.0463,-0.0964,-0.0451,-0.1422,-0.1399,-0.2082,-0.1726,-0.235,-0.2786,0.1719,-0.359,0.2861,0,0,0,0,0,0,0,0,0,0,0,0,0,0,0
"C_Orglag",0.0109,0.0117,-0.0376,-0.0463,1,-0.0014,0.1067,0.1922,0.23,0.3391,-0.1439,-0.0159,-0.0177,-0.0162,-0.0934,-0.1391,0,0,0,0,0,0,0,0,0,0,0,0,0,0,0
"C_Prdctvlag",-0.0488,-0.2274,-0.0682,-0.0964,-0.0014,1,0.1596,-0.0645,0.3215,0.2012,-0.1141,-0.0371,-4e-04,-0.2761,0.1791,-0.0237,0,0,0,0,0,0,0,0,0,0,0,0,0,0,0
"C_Rspnbllag",0.0234,0.1075,0.0538,-0.0451,0.1067,0.1596,1,0.0504,0.2586,0.1979,-0.185,-0.2598,-0.0187,-0.3329,0.1444,-0.043,0,0,0,0,0,0,0,0,0,0,0,0,0,0,0
"E_Assertlag",-0.1357,0.1151,0.2334,-0.1422,0.1922,-0.0645,0.0504,1,0.2989,0.246,-0.1058,-0.1031,-0.1171,0.0895,0.2429,0.1929,0,0,0,0,0,0,0,0,0,0,0,0,0,0,0
"E_EnerLevlag",-0.2087,-0.0215,0.1701,-0.1399,0.23,0.3215,0.2586,0.2989,1,0.5778,-0.3719,-0.0769,-0.0874,-0.1891,0.2775,-0.0145,0,0,0,0,0,0,0,0,0,0,0,0,0,0,0
"E_Scbltylag",-0.0589,-0.0297,0.2307,-0.2082,0.3391,0.2012,0.1979,0.246,0.5778,1,-0.1434,-0.0159,-0.0564,0.0419,0.2677,-0.1447,0,0,0,0,0,0,0,0,0,0,0,0,0,0,0
"N_Anxtylag",0.0629,0.0216,0.0741,-0.1726,-0.1439,-0.1141,-0.185,-0.1058,-0.3719,-0.1434,1,0.2973,0.0873,0.0554,-0.0327,-0.0559,0,0,0,0,0,0,0,0,0,0,0,0,0,0,0
"N_Deprlag",0.2058,-0.1479,-0.1468,-0.235,-0.0159,-0.0371,-0.2598,-0.1031,-0.0769,-0.0159,0.2973,1,0.3873,-0.083,0.0148,-0.0691,0,0,0,0,0,0,0,0,0,0,0,0,0,0,0
"N_EmoVollag",0.1524,0.0948,-0.142,-0.2786,-0.0177,-4e-04,-0.0187,-0.1171,-0.0874,-0.0564,0.0873,0.3873,1,-0.1944,0.111,-0.079,0,0,0,0,0,0,0,0,0,0,0,0,0,0,0
"O_AesSenslag",0.163,-0.1788,-0.0365,0.1719,-0.0162,-0.2761,-0.3329,0.0895,-0.1891,0.0419,0.0554,-0.083,-0.1944,1,-0.1565,0.1187,0,0,0,0,0,0,0,0,0,0,0,0,0,0,0
"O_CrtvImaglag",-0.0364,-0.028,-0.0443,-0.359,-0.0934,0.1791,0.1444,0.2429,0.2775,0.2677,-0.0327,0.0148,0.111,-0.1565,1,0.053,0,0,0,0,0,0,0,0,0,0,0,0,0,0,0
"O_IntCurlag",0.1156,0.1843,0.0332,0.2861,-0.1391,-0.0237,-0.043,0.1929,-0.0145,-0.1447,-0.0559,-0.0691,-0.079,0.1187,0.053,1,0,0,0,0,0,0,0,0,0,0,0,0,0,0,0
"A_Cmpn",0,0,0,0,0,0,0,0,0,0,0,0,0,0,0,0,0.6229,0,0,0,0,0,0,0,0,0,0,0,0,0,0
"A_Rspct",0,0,0,0,0,0,0,0,0,0,0,0,0,0,0,0,0,0.5556,0,0,0,0,0,0,0,0,0,0,0,0,0
"A_Trust",0,0,0,0,0,0,0,0,0,0,0,0,0,0,0,0,0,0,0.4857,0,0,0,0,0,0,0,0,0,0,0,0
"C_Org",0,0,0,0,0,0,0,0,0,0,0,0,0,0,0,0,0,0,0,0.6651,0,0,0,0,0,0,0,0,0,0,0
"C_Prdctv",0,0,0,0,0,0,0,0,0,0,0,0,0,0,0,0,0,0,0,0,0.6558,0,0,0,0,0,0,0,0,0,0
"C_Rspnbl",0,0,0,0,0,0,0,0,0,0,0,0,0,0,0,0,0,0,0,0,0,0.7188,0,0,0,0,0,0,0,0,0
"E_Assert",0,0,0,0,0,0,0,0,0,0,0,0,0,0,0,0,0,0,0,0,0,0,0.8055,0,0,0,0,0,0,0,0
"E_EnerLev",0,0,0,0,0,0,0,0,0,0,0,0,0,0,0,0,0,0,0,0,0,0,0,0.66,0,0,0,0,0,0,0
"E_Scblty",0,0,0,0,0,0,0,0,0,0,0,0,0,0,0,0,0,0,0,0,0,0,0,0,0.7965,0,0,0,0,0,0
"N_Anxty",0,0,0,0,0,0,0,0,0,0,0,0,0,0,0,0,0,0,0,0,0,0,0,0,0,0.6828,0,0,0,0,0
"N_Depr",0,0,0,0,0,0,0,0,0,0,0,0,0,0,0,0,0,0,0,0,0,0,0,0,0,0,0.9022,0,0,0,0
"N_EmoVol",0,0,0,0,0,0,0,0,0,0,0,0,0,0,0,0,0,0,0,0,0,0,0,0,0,0,0,1.1269,0,0,0
"O_AesSens",0,0,0,0,0,0,0,0,0,0,0,0,0,0,0,0,0,0,0,0,0,0,0,0,0,0,0,0,0.81,0,0
"O_CrtvImag",0,0,0,0,0,0,0,0,0,0,0,0,0,0,0,0,0,0,0,0,0,0,0,0,0,0,0,0,0,0.5887,0
"O_IntCur",0,0,0,0,0,0,0,0,0,0,0,0,0,0,0,0,0,0,0,0,0,0,0,0,0,0,0,0,0,0,0.7291
