"","cumsumT","A_Cmpnlag","A_Rspctlag","A_Trustlag","C_Orglag","C_Prdctvlag","C_Rspnbllag","E_Assertlag","E_EnerLevlag","E_Scbltylag","N_Anxtylag","N_Deprlag","N_EmoVollag","O_AesSenslag","O_CrtvImaglag","O_IntCurlag","A_Cmpn","A_Rspct","A_Trust","C_Org","C_Prdctv","C_Rspnbl","E_Assert","E_EnerLev","E_Scblty","N_Anxty","N_Depr","N_EmoVol","O_AesSens","O_CrtvImag","O_IntCur"
"cumsumT",0.9517,-0.1293,-0.3064,0.0985,0.0105,-0.0473,0.0227,-0.1311,-0.2035,-0.0575,0.0613,0.1998,0.1484,0.1582,-0.0355,0.112,0,0,0,0,0,0,0,0,0,0,0,0,0,0,0
"A_Cmpnlag",-0.1293,0.9855,0.388,0.2953,0.0114,-0.2244,0.106,0.1132,-0.0214,-0.0295,0.0214,-0.146,0.0939,-0.1766,-0.0277,0.1817,0,0,0,0,0,0,0,0,0,0,0,0,0,0,0
"A_Rspctlag",-0.3064,0.388,0.9973,0.2646,-0.0371,-0.0677,0.0534,0.2309,0.1698,0.2304,0.074,-0.1458,-0.1416,-0.0363,-0.0442,0.0329,0,0,0,0,0,0,0,0,0,0,0,0,0,0,0
"A_Trustlag",0.0985,0.2953,0.2646,0.9912,-0.0455,-0.0955,-0.0446,-0.1403,-0.1392,-0.2072,-0.1718,-0.2328,-0.2769,0.1703,-0.3569,0.2829,0,0,0,0,0,0,0,0,0,0,0,0,0,0,0
"C_Orglag",0.0105,0.0114,-0.0371,-0.0455,0.9733,-0.0014,0.1047,0.1879,0.2268,0.3345,-0.142,-0.0156,-0.0174,-0.0159,-0.092,-0.1363,0,0,0,0,0,0,0,0,0,0,0,0,0,0,0
"C_Prdctvlag",-0.0473,-0.2244,-0.0677,-0.0955,-0.0014,0.9888,0.1577,-0.0635,0.3196,0.2,-0.1134,-0.0367,-4e-04,-0.2732,0.1779,-0.0234,0,0,0,0,0,0,0,0,0,0,0,0,0,0,0
"C_Rspnbllag",0.0227,0.106,0.0534,-0.0446,0.1047,0.1577,0.9879,0.0496,0.2569,0.1966,-0.1838,-0.2569,-0.0186,-0.3292,0.1433,-0.0424,0,0,0,0,0,0,0,0,0,0,0,0,0,0,0
"E_Assertlag",-0.1311,0.1132,0.2309,-0.1403,0.1879,-0.0635,0.0496,0.9818,0.2961,0.2437,-0.1048,-0.1017,-0.1158,0.0882,0.2403,0.1899,0,0,0,0,0,0,0,0,0,0,0,0,0,0,0
"E_EnerLevlag",-0.2035,-0.0214,0.1698,-0.1392,0.2268,0.3196,0.2569,0.2961,0.9992,0.5775,-0.3716,-0.0765,-0.0872,-0.1881,0.277,-0.0144,0,0,0,0,0,0,0,0,0,0,0,0,0,0,0
"E_Scbltylag",-0.0575,-0.0295,0.2304,-0.2072,0.3345,0.2,0.1966,0.2437,0.5775,0.9996,-0.1434,-0.0158,-0.0563,0.0417,0.2672,-0.1437,0,0,0,0,0,0,0,0,0,0,0,0,0,0,0
"N_Anxtylag",0.0613,0.0214,0.074,-0.1718,-0.142,-0.1134,-0.1838,-0.1048,-0.3716,-0.1434,0.9996,0.2958,0.0871,0.0551,-0.0326,-0.0555,0,0,0,0,0,0,0,0,0,0,0,0,0,0,0
"N_Deprlag",0.1998,-0.146,-0.1458,-0.2328,-0.0156,-0.0367,-0.2569,-0.1017,-0.0765,-0.0158,0.2958,0.9898,0.3845,-0.0822,0.0148,-0.0682,0,0,0,0,0,0,0,0,0,0,0,0,0,0,0
"N_EmoVollag",0.1484,0.0939,-0.1416,-0.2769,-0.0174,-4e-04,-0.0186,-0.1158,-0.0872,-0.0563,0.0871,0.3845,0.9962,-0.1931,0.1106,-0.0783,0,0,0,0,0,0,0,0,0,0,0,0,0,0,0
"O_AesSenslag",0.1582,-0.1766,-0.0363,0.1703,-0.0159,-0.2732,-0.3292,0.0882,-0.1881,0.0417,0.0551,-0.0822,-0.1931,0.9902,-0.1555,0.1174,0,0,0,0,0,0,0,0,0,0,0,0,0,0,0
"O_CrtvImaglag",-0.0355,-0.0277,-0.0442,-0.3569,-0.092,0.1779,0.1433,0.2403,0.277,0.2672,-0.0326,0.0148,0.1106,-0.1555,0.997,0.0525,0,0,0,0,0,0,0,0,0,0,0,0,0,0,0
"O_IntCurlag",0.112,0.1817,0.0329,0.2829,-0.1363,-0.0234,-0.0424,0.1899,-0.0144,-0.1437,-0.0555,-0.0682,-0.0783,0.1174,0.0525,0.9865,0,0,0,0,0,0,0,0,0,0,0,0,0,0,0
"A_Cmpn",0,0,0,0,0,0,0,0,0,0,0,0,0,0,0,0,0.6641,0,0,0,0,0,0,0,0,0,0,0,0,0,0
"A_Rspct",0,0,0,0,0,0,0,0,0,0,0,0,0,0,0,0,0,0.5517,0,0,0,0,0,0,0,0,0,0,0,0,0
"A_Trust",0,0,0,0,0,0,0,0,0,0,0,0,0,0,0,0,0,0,0.5492,0,0,0,0,0,0,0,0,0,0,0,0
"C_Org",0,0,0,0,0,0,0,0,0,0,0,0,0,0,0,0,0,0,0,0.7075,0,0,0,0,0,0,0,0,0,0,0
"C_Prdctv",0,0,0,0,0,0,0,0,0,0,0,0,0,0,0,0,0,0,0,0,0.6556,0,0,0,0,0,0,0,0,0,0
"C_Rspnbl",0,0,0,0,0,0,0,0,0,0,0,0,0,0,0,0,0,0,0,0,0,0.7374,0,0,0,0,0,0,0,0,0
"E_Assert",0,0,0,0,0,0,0,0,0,0,0,0,0,0,0,0,0,0,0,0,0,0,0.8069,0,0,0,0,0,0,0,0
"E_EnerLev",0,0,0,0,0,0,0,0,0,0,0,0,0,0,0,0,0,0,0,0,0,0,0,0.6664,0,0,0,0,0,0,0
"E_Scblty",0,0,0,0,0,0,0,0,0,0,0,0,0,0,0,0,0,0,0,0,0,0,0,0,0.8162,0,0,0,0,0,0
"N_Anxty",0,0,0,0,0,0,0,0,0,0,0,0,0,0,0,0,0,0,0,0,0,0,0,0,0,0.6802,0,0,0,0,0
"N_Depr",0,0,0,0,0,0,0,0,0,0,0,0,0,0,0,0,0,0,0,0,0,0,0,0,0,0,0.8456,0,0,0,0
"N_EmoVol",0,0,0,0,0,0,0,0,0,0,0,0,0,0,0,0,0,0,0,0,0,0,0,0,0,0,0,1.0628,0,0,0
"O_AesSens",0,0,0,0,0,0,0,0,0,0,0,0,0,0,0,0,0,0,0,0,0,0,0,0,0,0,0,0,0.8293,0,0
"O_CrtvImag",0,0,0,0,0,0,0,0,0,0,0,0,0,0,0,0,0,0,0,0,0,0,0,0,0,0,0,0,0,0.6398,0
"O_IntCur",0,0,0,0,0,0,0,0,0,0,0,0,0,0,0,0,0,0,0,0,0,0,0,0,0,0,0,0,0,0,0.7229
