"","cumsumT","A_Cmpnlag","A_Rspctlag","A_Trustlag","C_Orglag","C_Prdctvlag","C_Rspnbllag","E_Assertlag","E_EnerLevlag","E_Scbltylag","N_Anxtylag","N_Deprlag","N_EmoVollag","O_AesSenslag","O_CrtvImaglag","O_IntCurlag","A_Cmpn","A_Rspct","A_Trust","C_Org","C_Prdctv","C_Rspnbl","E_Assert","E_EnerLev","E_Scblty","N_Anxty","N_Depr","N_EmoVol","O_AesSens","O_CrtvImag","O_IntCur"
"cumsumT",0.951,0.1136,0.2024,0.0334,0.1429,0.2849,0.0328,0.2998,-0.1082,0.094,-0.0616,0.184,0.1357,-0.0919,-0.0321,0.1339,0,0,0,0,0,0,0,0,0,0,0,0,0,0,0
"A_Cmpnlag",0.1136,0.9908,0.2184,0.3605,0.0911,0.3127,0.005,0.2759,0.2316,0.3119,-0.3385,-0.215,-0.4103,0.1074,0.1971,0.3862,0,0,0,0,0,0,0,0,0,0,0,0,0,0,0
"A_Rspctlag",0.2024,0.2184,0.9934,0.2383,0.184,0.044,0.1738,0.3983,0.1176,0.0683,0.003,0.0117,-0.2188,0.1894,0.1471,0.1379,0,0,0,0,0,0,0,0,0,0,0,0,0,0,0
"A_Trustlag",0.0334,0.3605,0.2383,0.9964,0.204,0.1056,0.0179,0.4063,0.1811,0.2273,-0.1004,-0.3053,-0.3264,0.1298,-0.0458,0.2943,0,0,0,0,0,0,0,0,0,0,0,0,0,0,0
"C_Orglag",0.1429,0.0911,0.184,0.204,0.9927,0.3316,0.1754,0.1222,0.2011,-0.0275,-0.1078,-0.1058,-0.2441,0.0616,0.2137,0.305,0,0,0,0,0,0,0,0,0,0,0,0,0,0,0
"C_Prdctvlag",0.2849,0.3127,0.044,0.1056,0.3316,0.9824,0.2557,0.2515,0.1433,0.1251,-0.2515,-0.1678,-0.2393,-0.0956,0.1572,0.242,0,0,0,0,0,0,0,0,0,0,0,0,0,0,0
"C_Rspnbllag",0.0328,0.005,0.1738,0.0179,0.1754,0.2557,0.9985,0.184,0.0108,0.2234,0.0213,-0.133,-0.2538,0.0204,0.1383,0.3843,0,0,0,0,0,0,0,0,0,0,0,0,0,0,0
"E_Assertlag",0.2998,0.2759,0.3983,0.4063,0.1222,0.2515,0.184,0.9883,0.2254,0.3634,0.105,-0.2266,-0.3379,-0.1117,0.197,0.4938,0,0,0,0,0,0,0,0,0,0,0,0,0,0,0
"E_EnerLevlag",-0.1082,0.2316,0.1176,0.1811,0.2011,0.1433,0.0108,0.2254,0.9998,0.5844,-0.3069,-0.4072,-0.4232,-0.1599,0.2878,0.4095,0,0,0,0,0,0,0,0,0,0,0,0,0,0,0
"E_Scbltylag",0.094,0.3119,0.0683,0.2273,-0.0275,0.1251,0.2234,0.3634,0.5844,0.9869,-0.3158,-0.444,-0.356,-0.1669,0.4061,0.5477,0,0,0,0,0,0,0,0,0,0,0,0,0,0,0
"N_Anxtylag",-0.0616,-0.3385,0.003,-0.1004,-0.1078,-0.2515,0.0213,0.105,-0.3069,-0.3158,0.9591,0.409,0.347,0.1294,-0.2641,-0.1714,0,0,0,0,0,0,0,0,0,0,0,0,0,0,0
"N_Deprlag",0.184,-0.215,0.0117,-0.3053,-0.1058,-0.1678,-0.133,-0.2266,-0.4072,-0.444,0.409,0.9971,0.4573,0.1983,-0.1459,-0.2737,0,0,0,0,0,0,0,0,0,0,0,0,0,0,0
"N_EmoVollag",0.1357,-0.4103,-0.2188,-0.3264,-0.2441,-0.2393,-0.2538,-0.3379,-0.4232,-0.356,0.347,0.4573,0.9931,-0.0158,-0.1197,-0.5891,0,0,0,0,0,0,0,0,0,0,0,0,0,0,0
"O_AesSenslag",-0.0919,0.1074,0.1894,0.1298,0.0616,-0.0956,0.0204,-0.1117,-0.1599,-0.1669,0.1294,0.1983,-0.0158,0.9024,-0.0351,0.0486,0,0,0,0,0,0,0,0,0,0,0,0,0,0,0
"O_CrtvImaglag",-0.0321,0.1971,0.1471,-0.0458,0.2137,0.1572,0.1383,0.197,0.2878,0.4061,-0.2641,-0.1459,-0.1197,-0.0351,0.9931,0.3491,0,0,0,0,0,0,0,0,0,0,0,0,0,0,0
"O_IntCurlag",0.1339,0.3862,0.1379,0.2943,0.305,0.242,0.3843,0.4938,0.4095,0.5477,-0.1714,-0.2737,-0.5891,0.0486,0.3491,0.9666,0,0,0,0,0,0,0,0,0,0,0,0,0,0,0
"A_Cmpn",0,0,0,0,0,0,0,0,0,0,0,0,0,0,0,0,0.6774,0,0,0,0,0,0,0,0,0,0,0,0,0,0
"A_Rspct",0,0,0,0,0,0,0,0,0,0,0,0,0,0,0,0,0,0.8039,0,0,0,0,0,0,0,0,0,0,0,0,0
"A_Trust",0,0,0,0,0,0,0,0,0,0,0,0,0,0,0,0,0,0,0.5736,0,0,0,0,0,0,0,0,0,0,0,0
"C_Org",0,0,0,0,0,0,0,0,0,0,0,0,0,0,0,0,0,0,0,0.7692,0,0,0,0,0,0,0,0,0,0,0
"C_Prdctv",0,0,0,0,0,0,0,0,0,0,0,0,0,0,0,0,0,0,0,0,0.7295,0,0,0,0,0,0,0,0,0,0
"C_Rspnbl",0,0,0,0,0,0,0,0,0,0,0,0,0,0,0,0,0,0,0,0,0,0.7442,0,0,0,0,0,0,0,0,0
"E_Assert",0,0,0,0,0,0,0,0,0,0,0,0,0,0,0,0,0,0,0,0,0,0,0.4009,0,0,0,0,0,0,0,0
"E_EnerLev",0,0,0,0,0,0,0,0,0,0,0,0,0,0,0,0,0,0,0,0,0,0,0,0.5622,0,0,0,0,0,0,0
"E_Scblty",0,0,0,0,0,0,0,0,0,0,0,0,0,0,0,0,0,0,0,0,0,0,0,0,0.6196,0,0,0,0,0,0
"N_Anxty",0,0,0,0,0,0,0,0,0,0,0,0,0,0,0,0,0,0,0,0,0,0,0,0,0,1.0465,0,0,0,0,0
"N_Depr",0,0,0,0,0,0,0,0,0,0,0,0,0,0,0,0,0,0,0,0,0,0,0,0,0,0,0.7029,0,0,0,0
"N_EmoVol",0,0,0,0,0,0,0,0,0,0,0,0,0,0,0,0,0,0,0,0,0,0,0,0,0,0,0,0.3311,0,0,0
"O_AesSens",0,0,0,0,0,0,0,0,0,0,0,0,0,0,0,0,0,0,0,0,0,0,0,0,0,0,0,0,0.4795,0,0
"O_CrtvImag",0,0,0,0,0,0,0,0,0,0,0,0,0,0,0,0,0,0,0,0,0,0,0,0,0,0,0,0,0,0.7374,0
"O_IntCur",0,0,0,0,0,0,0,0,0,0,0,0,0,0,0,0,0,0,0,0,0,0,0,0,0,0,0,0,0,0,0.9565
