"","cumsumT","A_Cmpnlag","A_Rspctlag","A_Trustlag","C_Orglag","C_Prdctvlag","C_Rspnbllag","E_Assertlag","E_EnerLevlag","E_Scbltylag","N_Anxtylag","N_Deprlag","N_EmoVollag","O_AesSenslag","O_CrtvImaglag","O_IntCurlag","A_Cmpn","A_Rspct","A_Trust","C_Org","C_Prdctv","C_Rspnbl","E_Assert","E_EnerLev","E_Scblty","N_Anxty","N_Depr","N_EmoVol","O_AesSens","O_CrtvImag","O_IntCur"
"cumsumT",0.9545,0.0034,0.1408,-0.0445,0.15,-0.164,-0.1011,-0.0613,-0.1161,0.0901,0.1112,0.2367,0.0981,0.1364,-7e-04,-0.0268,0,0,0,0,0,0,0,0,0,0,0,0,0,0,0
"A_Cmpnlag",0.0034,0.9008,0.2709,0.2255,0.2061,0.0898,0.1951,0.0469,0.1663,0.0754,0.2122,0.1125,-0.1675,-0.0066,0.2359,-0.0529,0,0,0,0,0,0,0,0,0,0,0,0,0,0,0
"A_Rspctlag",0.1408,0.2709,0.8698,0.0985,0.0059,0.0252,0.0177,-0.0778,0.1735,0.0479,-0.0685,-0.094,-0.2054,-0.006,0.2652,0.0276,0,0,0,0,0,0,0,0,0,0,0,0,0,0,0
"A_Trustlag",-0.0445,0.2255,0.0985,0.9309,0.0685,-0.0395,-0.1371,-0.1447,0.2426,-0.0118,-0.1782,-0.2597,-0.3941,0.0054,0.1531,-0.0594,0,0,0,0,0,0,0,0,0,0,0,0,0,0,0
"C_Orglag",0.15,0.2061,0.0059,0.0685,0.9525,0.3723,0.3314,0.0757,0.1408,-0.1414,0.1111,-0.032,-0.1457,-0.1169,0.1232,0.1551,0,0,0,0,0,0,0,0,0,0,0,0,0,0,0
"C_Prdctvlag",-0.164,0.0898,0.0252,-0.0395,0.3723,0.9643,0.5425,0.2579,0.3407,0.3586,3e-04,-0.1323,-0.0999,-0.2856,0.0737,0.3795,0,0,0,0,0,0,0,0,0,0,0,0,0,0,0
"C_Rspnbllag",-0.1011,0.1951,0.0177,-0.1371,0.3314,0.5425,0.965,0.276,0.2075,0.2421,0.2883,-0.1033,0.0252,-0.0733,0.2259,0.1422,0,0,0,0,0,0,0,0,0,0,0,0,0,0,0
"E_Assertlag",-0.0613,0.0469,-0.0778,-0.1447,0.0757,0.2579,0.276,0.9646,0.1857,0.2965,0.1641,0.0159,-0.0075,0.0469,0.2637,0.2679,0,0,0,0,0,0,0,0,0,0,0,0,0,0,0
"E_EnerLevlag",-0.1161,0.1663,0.1735,0.2426,0.1408,0.3407,0.2075,0.1857,0.9658,0.5467,0.1712,-0.1734,-0.3256,-0.2163,0.4179,0.5228,0,0,0,0,0,0,0,0,0,0,0,0,0,0,0
"E_Scbltylag",0.0901,0.0754,0.0479,-0.0118,-0.1414,0.3586,0.2421,0.2965,0.5467,1,0.1615,-0.0311,-0.1351,-0.1681,0.3136,0.5035,0,0,0,0,0,0,0,0,0,0,0,0,0,0,0
"N_Anxtylag",0.1112,0.2122,-0.0685,-0.1782,0.1111,3e-04,0.2883,0.1641,0.1712,0.1615,0.9332,0.3488,0.252,0.0702,0.3469,0.1048,0,0,0,0,0,0,0,0,0,0,0,0,0,0,0
"N_Deprlag",0.2367,0.1125,-0.094,-0.2597,-0.032,-0.1323,-0.1033,0.0159,-0.1734,-0.0311,0.3488,0.9289,0.3917,0.0213,0.08,-0.1558,0,0,0,0,0,0,0,0,0,0,0,0,0,0,0
"N_EmoVollag",0.0981,-0.1675,-0.2054,-0.3941,-0.1457,-0.0999,0.0252,-0.0075,-0.3256,-0.1351,0.252,0.3917,0.9276,0.1021,-0.2358,-0.1072,0,0,0,0,0,0,0,0,0,0,0,0,0,0,0
"O_AesSenslag",0.1364,-0.0066,-0.006,0.0054,-0.1169,-0.2856,-0.0733,0.0469,-0.2163,-0.1681,0.0702,0.0213,0.1021,0.9984,0.0809,-0.0811,0,0,0,0,0,0,0,0,0,0,0,0,0,0,0
"O_CrtvImaglag",-7e-04,0.2359,0.2652,0.1531,0.1232,0.0737,0.2259,0.2637,0.4179,0.3136,0.3469,0.08,-0.2358,0.0809,0.9344,0.1422,0,0,0,0,0,0,0,0,0,0,0,0,0,0,0
"O_IntCurlag",-0.0268,-0.0529,0.0276,-0.0594,0.1551,0.3795,0.1422,0.2679,0.5228,0.5035,0.1048,-0.1558,-0.1072,-0.0811,0.1422,0.9685,0,0,0,0,0,0,0,0,0,0,0,0,0,0,0
"A_Cmpn",0,0,0,0,0,0,0,0,0,0,0,0,0,0,0,0,0.8307,0,0,0,0,0,0,0,0,0,0,0,0,0,0
"A_Rspct",0,0,0,0,0,0,0,0,0,0,0,0,0,0,0,0,0,0.8767,0,0,0,0,0,0,0,0,0,0,0,0,0
"A_Trust",0,0,0,0,0,0,0,0,0,0,0,0,0,0,0,0,0,0,0.7684,0,0,0,0,0,0,0,0,0,0,0,0
"C_Org",0,0,0,0,0,0,0,0,0,0,0,0,0,0,0,0,0,0,0,0.7898,0,0,0,0,0,0,0,0,0,0,0
"C_Prdctv",0,0,0,0,0,0,0,0,0,0,0,0,0,0,0,0,0,0,0,0,0.5062,0,0,0,0,0,0,0,0,0,0
"C_Rspnbl",0,0,0,0,0,0,0,0,0,0,0,0,0,0,0,0,0,0,0,0,0,0.7599,0,0,0,0,0,0,0,0,0
"E_Assert",0,0,0,0,0,0,0,0,0,0,0,0,0,0,0,0,0,0,0,0,0,0,0.8397,0,0,0,0,0,0,0,0
"E_EnerLev",0,0,0,0,0,0,0,0,0,0,0,0,0,0,0,0,0,0,0,0,0,0,0,1.1685,0,0,0,0,0,0,0
"E_Scblty",0,0,0,0,0,0,0,0,0,0,0,0,0,0,0,0,0,0,0,0,0,0,0,0,0.58,0,0,0,0,0,0
"N_Anxty",0,0,0,0,0,0,0,0,0,0,0,0,0,0,0,0,0,0,0,0,0,0,0,0,0,0.6616,0,0,0,0,0
"N_Depr",0,0,0,0,0,0,0,0,0,0,0,0,0,0,0,0,0,0,0,0,0,0,0,0,0,0,0.6009,0,0,0,0
"N_EmoVol",0,0,0,0,0,0,0,0,0,0,0,0,0,0,0,0,0,0,0,0,0,0,0,0,0,0,0,0.6472,0,0,0
"O_AesSens",0,0,0,0,0,0,0,0,0,0,0,0,0,0,0,0,0,0,0,0,0,0,0,0,0,0,0,0,0.9975,0,0
"O_CrtvImag",0,0,0,0,0,0,0,0,0,0,0,0,0,0,0,0,0,0,0,0,0,0,0,0,0,0,0,0,0,0.9805,0
"O_IntCur",0,0,0,0,0,0,0,0,0,0,0,0,0,0,0,0,0,0,0,0,0,0,0,0,0,0,0,0,0,0,0.8223
