"","cumsumT","A_Cmpnlag","A_Rspctlag","A_Trustlag","C_Orglag","C_Prdctvlag","C_Rspnbllag","E_Assertlag","E_EnerLevlag","E_Scbltylag","N_Anxtylag","N_Deprlag","N_EmoVollag","O_AesSenslag","O_CrtvImaglag","O_IntCurlag","A_Cmpn","A_Rspct","A_Trust","C_Org","C_Prdctv","C_Rspnbl","E_Assert","E_EnerLev","E_Scblty","N_Anxty","N_Depr","N_EmoVol","O_AesSens","O_CrtvImag","O_IntCur"
"cumsumT",0.9342,0.0482,0.0557,-0.0883,0.1664,0.0863,-0.1013,-0.0101,0.0135,-0.1127,0.0137,-0.1183,0.0197,0.1933,0.15,-0.1327,0,0,0,0,0,0,0,0,0,0,0,0,0,0,0
"A_Cmpnlag",0.0482,0.9751,0.0734,0.0858,0.0104,0.0216,-0.074,0.0093,0.0631,0.1168,-0.1297,-0.2429,-0.3127,-0.0483,0.0611,-0.012,0,0,0,0,0,0,0,0,0,0,0,0,0,0,0
"A_Rspctlag",0.0557,0.0734,0.9991,0.1255,0.2062,-0.0652,0.2466,0.0169,-0.0138,0.2896,-0.0454,-0.0549,-0.0506,-0.1732,0.3057,0.0228,0,0,0,0,0,0,0,0,0,0,0,0,0,0,0
"A_Trustlag",-0.0883,0.0858,0.1255,0.9946,0.1177,0.2233,0.1489,0.3306,0.1896,0.0823,-0.4787,-0.1966,-0.339,-0.1075,0.3746,-0.111,0,0,0,0,0,0,0,0,0,0,0,0,0,0,0
"C_Orglag",0.1664,0.0104,0.2062,0.1177,0.9732,0.4402,0.5407,-0.0558,0.2866,0.3152,-0.2682,-0.2691,-0.2084,-0.2098,0.2868,-0.0321,0,0,0,0,0,0,0,0,0,0,0,0,0,0,0
"C_Prdctvlag",0.0863,0.0216,-0.0652,0.2233,0.4402,0.9982,0.465,0.1376,0.3798,-0.0743,-0.2425,-0.2788,-0.0146,-0.0342,0.2024,-0.0103,0,0,0,0,0,0,0,0,0,0,0,0,0,0,0
"C_Rspnbllag",-0.1013,-0.074,0.2466,0.1489,0.5407,0.465,0.9877,0.0564,0.3974,0.1013,-0.1178,-0.3499,-0.1333,-0.3288,0.2469,-0.0775,0,0,0,0,0,0,0,0,0,0,0,0,0,0,0
"E_Assertlag",-0.0101,0.0093,0.0169,0.3306,-0.0558,0.1376,0.0564,0.9341,0.1706,0.2367,-0.1695,-0.1586,-0.2427,-0.0056,0.081,-0.0219,0,0,0,0,0,0,0,0,0,0,0,0,0,0,0
"E_EnerLevlag",0.0135,0.0631,-0.0138,0.1896,0.2866,0.3798,0.3974,0.1706,0.982,0.1447,-0.1845,-0.3373,-0.2838,-0.3177,0.2913,0.1961,0,0,0,0,0,0,0,0,0,0,0,0,0,0,0
"E_Scbltylag",-0.1127,0.1168,0.2896,0.0823,0.3152,-0.0743,0.1013,0.2367,0.1447,0.9983,-0.3274,-0.2886,-0.2014,-0.2498,0.1506,0.1846,0,0,0,0,0,0,0,0,0,0,0,0,0,0,0
"N_Anxtylag",0.0137,-0.1297,-0.0454,-0.4787,-0.2682,-0.2425,-0.1178,-0.1695,-0.1845,-0.3274,0.9893,0.2381,0.3865,0.0283,-0.2819,0.0168,0,0,0,0,0,0,0,0,0,0,0,0,0,0,0
"N_Deprlag",-0.1183,-0.2429,-0.0549,-0.1966,-0.2691,-0.2788,-0.3499,-0.1586,-0.3373,-0.2886,0.2381,0.9983,0.2297,0.3394,-0.3685,-0.1363,0,0,0,0,0,0,0,0,0,0,0,0,0,0,0
"N_EmoVollag",0.0197,-0.3127,-0.0506,-0.339,-0.2084,-0.0146,-0.1333,-0.2427,-0.2838,-0.2014,0.3865,0.2297,1,0.1096,0.0079,0.1057,0,0,0,0,0,0,0,0,0,0,0,0,0,0,0
"O_AesSenslag",0.1933,-0.0483,-0.1732,-0.1075,-0.2098,-0.0342,-0.3288,-0.0056,-0.3177,-0.2498,0.0283,0.3394,0.1096,0.9904,-0.1458,-0.3793,0,0,0,0,0,0,0,0,0,0,0,0,0,0,0
"O_CrtvImaglag",0.15,0.0611,0.3057,0.3746,0.2868,0.2024,0.2469,0.081,0.2913,0.1506,-0.2819,-0.3685,0.0079,-0.1458,0.9999,0.1265,0,0,0,0,0,0,0,0,0,0,0,0,0,0,0
"O_IntCurlag",-0.1327,-0.012,0.0228,-0.111,-0.0321,-0.0103,-0.0775,-0.0219,0.1961,0.1846,0.0168,-0.1363,0.1057,-0.3793,0.1265,0.9852,0,0,0,0,0,0,0,0,0,0,0,0,0,0,0
"A_Cmpn",0,0,0,0,0,0,0,0,0,0,0,0,0,0,0,0,0.6642,0,0,0,0,0,0,0,0,0,0,0,0,0,0
"A_Rspct",0,0,0,0,0,0,0,0,0,0,0,0,0,0,0,0,0,0.6963,0,0,0,0,0,0,0,0,0,0,0,0,0
"A_Trust",0,0,0,0,0,0,0,0,0,0,0,0,0,0,0,0,0,0,1.244,0,0,0,0,0,0,0,0,0,0,0,0
"C_Org",0,0,0,0,0,0,0,0,0,0,0,0,0,0,0,0,0,0,0,0.4905,0,0,0,0,0,0,0,0,0,0,0
"C_Prdctv",0,0,0,0,0,0,0,0,0,0,0,0,0,0,0,0,0,0,0,0,0.8088,0,0,0,0,0,0,0,0,0,0
"C_Rspnbl",0,0,0,0,0,0,0,0,0,0,0,0,0,0,0,0,0,0,0,0,0,0.7024,0,0,0,0,0,0,0,0,0
"E_Assert",0,0,0,0,0,0,0,0,0,0,0,0,0,0,0,0,0,0,0,0,0,0,0.8948,0,0,0,0,0,0,0,0
"E_EnerLev",0,0,0,0,0,0,0,0,0,0,0,0,0,0,0,0,0,0,0,0,0,0,0,0.7342,0,0,0,0,0,0,0
"E_Scblty",0,0,0,0,0,0,0,0,0,0,0,0,0,0,0,0,0,0,0,0,0,0,0,0,0.8705,0,0,0,0,0,0
"N_Anxty",0,0,0,0,0,0,0,0,0,0,0,0,0,0,0,0,0,0,0,0,0,0,0,0,0,0.7602,0,0,0,0,0
"N_Depr",0,0,0,0,0,0,0,0,0,0,0,0,0,0,0,0,0,0,0,0,0,0,0,0,0,0,0.6979,0,0,0,0
"N_EmoVol",0,0,0,0,0,0,0,0,0,0,0,0,0,0,0,0,0,0,0,0,0,0,0,0,0,0,0,0.2822,0,0,0
"O_AesSens",0,0,0,0,0,0,0,0,0,0,0,0,0,0,0,0,0,0,0,0,0,0,0,0,0,0,0,0,0.8094,0,0
"O_CrtvImag",0,0,0,0,0,0,0,0,0,0,0,0,0,0,0,0,0,0,0,0,0,0,0,0,0,0,0,0,0,0.722,0
"O_IntCur",0,0,0,0,0,0,0,0,0,0,0,0,0,0,0,0,0,0,0,0,0,0,0,0,0,0,0,0,0,0,0.5128
