"","cumsumT","A_Cmpnlag","A_Rspctlag","A_Trustlag","C_Orglag","C_Prdctvlag","C_Rspnbllag","E_Assertlag","E_EnerLevlag","E_Scbltylag","N_Anxtylag","N_Deprlag","N_EmoVollag","O_AesSenslag","O_CrtvImaglag","O_IntCurlag","A_Cmpn","A_Rspct","A_Trust","C_Org","C_Prdctv","C_Rspnbl","E_Assert","E_EnerLev","E_Scblty","N_Anxty","N_Depr","N_EmoVol","O_AesSens","O_CrtvImag","O_IntCur"
"cumsumT",0.9428,-0.0654,0.1164,-0.1332,-0.0645,-0.07,0.1497,0.0121,-0.0374,-0.2409,-0.2344,-0.1506,0.0189,-0.0323,0.1055,0.1931,0,0,0,0,0,0,0,0,0,0,0,0,0,0,0
"A_Cmpnlag",-0.0654,0.9743,0.1732,0.3316,0.1811,-0.1321,0.0076,0.1419,-0.1051,0.2297,-0.1697,0.0883,-0.0439,0.1008,0.1998,0.0021,0,0,0,0,0,0,0,0,0,0,0,0,0,0,0
"A_Rspctlag",0.1164,0.1732,0.8748,0.0474,0.2867,0.1976,-0.0183,0.205,-0.0358,-0.046,-0.4313,-0.193,-0.1104,-0.1236,-0.0118,0.0607,0,0,0,0,0,0,0,0,0,0,0,0,0,0,0
"A_Trustlag",-0.1332,0.3316,0.0474,0.9814,0.2089,0.0666,-0.1052,0.0199,0.154,-0.1723,0.0016,-0.0087,-0.355,-0.0635,0.1512,-0.0926,0,0,0,0,0,0,0,0,0,0,0,0,0,0,0
"C_Orglag",-0.0645,0.1811,0.2867,0.2089,0.9831,0.2892,0.2611,0.1553,0.0772,-0.0719,-0.2111,-0.2328,-0.0015,-0.1569,-0.0941,0.1461,0,0,0,0,0,0,0,0,0,0,0,0,0,0,0
"C_Prdctvlag",-0.07,-0.1321,0.1976,0.0666,0.2892,0.9795,0.0928,0.2377,0.2533,0.0727,-0.0968,-0.0656,-0.0924,-0.2186,-0.357,0.2245,0,0,0,0,0,0,0,0,0,0,0,0,0,0,0
"C_Rspnbllag",0.1497,0.0076,-0.0183,-0.1052,0.2611,0.0928,0.9761,0.316,-0.09,0.0514,0.0438,-0.3022,-0.0227,0.0293,0.0349,0.259,0,0,0,0,0,0,0,0,0,0,0,0,0,0,0
"E_Assertlag",0.0121,0.1419,0.205,0.0199,0.1553,0.2377,0.316,0.967,0.097,0.3172,-0.1909,-0.2187,-0.3188,0.0339,0.134,0.148,0,0,0,0,0,0,0,0,0,0,0,0,0,0,0
"E_EnerLevlag",-0.0374,-0.1051,-0.0358,0.154,0.0772,0.2533,-0.09,0.097,0.8832,0.0289,-0.015,-0.2215,-0.1866,0.0976,0.0258,-0.001,0,0,0,0,0,0,0,0,0,0,0,0,0,0,0
"E_Scbltylag",-0.2409,0.2297,-0.046,-0.1723,-0.0719,0.0727,0.0514,0.3172,0.0289,0.9245,-0.0376,-0.2394,-0.0926,0.1745,0.0303,0.2393,0,0,0,0,0,0,0,0,0,0,0,0,0,0,0
"N_Anxtylag",-0.2344,-0.1697,-0.4313,0.0016,-0.2111,-0.0968,0.0438,-0.1909,-0.015,-0.0376,0.8628,0.1252,0.0686,-0.0019,0.0407,-0.1311,0,0,0,0,0,0,0,0,0,0,0,0,0,0,0
"N_Deprlag",-0.1506,0.0883,-0.193,-0.0087,-0.2328,-0.0656,-0.3022,-0.2187,-0.2215,-0.2394,0.1252,0.9451,0.1583,0.1883,-0.2337,-0.0446,0,0,0,0,0,0,0,0,0,0,0,0,0,0,0
"N_EmoVollag",0.0189,-0.0439,-0.1104,-0.355,-0.0015,-0.0924,-0.0227,-0.3188,-0.1866,-0.0926,0.0686,0.1583,0.8853,-0.2675,-0.2892,0.0011,0,0,0,0,0,0,0,0,0,0,0,0,0,0,0
"O_AesSenslag",-0.0323,0.1008,-0.1236,-0.0635,-0.1569,-0.2186,0.0293,0.0339,0.0976,0.1745,-0.0019,0.1883,-0.2675,0.9616,0.1901,0.0785,0,0,0,0,0,0,0,0,0,0,0,0,0,0,0
"O_CrtvImaglag",0.1055,0.1998,-0.0118,0.1512,-0.0941,-0.357,0.0349,0.134,0.0258,0.0303,0.0407,-0.2337,-0.2892,0.1901,0.9956,-0.05,0,0,0,0,0,0,0,0,0,0,0,0,0,0,0
"O_IntCurlag",0.1931,0.0021,0.0607,-0.0926,0.1461,0.2245,0.259,0.148,-0.001,0.2393,-0.1311,-0.0446,0.0011,0.0785,-0.05,0.9984,0,0,0,0,0,0,0,0,0,0,0,0,0,0,0
"A_Cmpn",0,0,0,0,0,0,0,0,0,0,0,0,0,0,0,0,0.4447,0,0,0,0,0,0,0,0,0,0,0,0,0,0
"A_Rspct",0,0,0,0,0,0,0,0,0,0,0,0,0,0,0,0,0,0.6353,0,0,0,0,0,0,0,0,0,0,0,0,0
"A_Trust",0,0,0,0,0,0,0,0,0,0,0,0,0,0,0,0,0,0,0.3436,0,0,0,0,0,0,0,0,0,0,0,0
"C_Org",0,0,0,0,0,0,0,0,0,0,0,0,0,0,0,0,0,0,0,1.9865,0,0,0,0,0,0,0,0,0,0,0
"C_Prdctv",0,0,0,0,0,0,0,0,0,0,0,0,0,0,0,0,0,0,0,0,1.4783,0,0,0,0,0,0,0,0,0,0
"C_Rspnbl",0,0,0,0,0,0,0,0,0,0,0,0,0,0,0,0,0,0,0,0,0,0.2719,0,0,0,0,0,0,0,0,0
"E_Assert",0,0,0,0,0,0,0,0,0,0,0,0,0,0,0,0,0,0,0,0,0,0,0.4097,0,0,0,0,0,0,0,0
"E_EnerLev",0,0,0,0,0,0,0,0,0,0,0,0,0,0,0,0,0,0,0,0,0,0,0,0.7536,0,0,0,0,0,0,0
"E_Scblty",0,0,0,0,0,0,0,0,0,0,0,0,0,0,0,0,0,0,0,0,0,0,0,0,0.4623,0,0,0,0,0,0
"N_Anxty",0,0,0,0,0,0,0,0,0,0,0,0,0,0,0,0,0,0,0,0,0,0,0,0,0,0.5171,0,0,0,0,0
"N_Depr",0,0,0,0,0,0,0,0,0,0,0,0,0,0,0,0,0,0,0,0,0,0,0,0,0,0,0.671,0,0,0,0
"N_EmoVol",0,0,0,0,0,0,0,0,0,0,0,0,0,0,0,0,0,0,0,0,0,0,0,0,0,0,0,1.0868,0,0,0
"O_AesSens",0,0,0,0,0,0,0,0,0,0,0,0,0,0,0,0,0,0,0,0,0,0,0,0,0,0,0,0,0.5478,0,0
"O_CrtvImag",0,0,0,0,0,0,0,0,0,0,0,0,0,0,0,0,0,0,0,0,0,0,0,0,0,0,0,0,0,0.7454,0
"O_IntCur",0,0,0,0,0,0,0,0,0,0,0,0,0,0,0,0,0,0,0,0,0,0,0,0,0,0,0,0,0,0,0.3197
