"","cumsumT","A_Cmpnlag","A_Rspctlag","A_Trustlag","C_Orglag","C_Prdctvlag","C_Rspnbllag","E_Assertlag","E_EnerLevlag","E_Scbltylag","N_Anxtylag","N_Deprlag","N_EmoVollag","O_AesSenslag","O_CrtvImaglag","O_IntCurlag","A_Cmpn","A_Rspct","A_Trust","C_Org","C_Prdctv","C_Rspnbl","E_Assert","E_EnerLev","E_Scblty","N_Anxty","N_Depr","N_EmoVol","O_AesSens","O_CrtvImag","O_IntCur"
"cumsumT",0.934,0.2146,0.0675,0.1827,0.0028,-0.102,0.0613,-0.1477,0.0038,-0.2802,-0.0093,-0.1133,0.1982,-0.1918,0.1905,0.0374,0,0,0,0,0,0,0,0,0,0,0,0,0,0,0
"A_Cmpnlag",0.2146,0.9591,0.3032,0.3018,0.062,-0.1135,0.2491,0.0826,0.2518,0.21,0.0637,0.0099,-0.2167,0.2451,0.0911,0.212,0,0,0,0,0,0,0,0,0,0,0,0,0,0,0
"A_Rspctlag",0.0675,0.3032,0.9939,0.3657,0.0638,0.0395,0.1486,0.3293,0.1294,0.2522,-0.1964,-0.2441,2e-04,0.0697,-0.0682,0.1076,0,0,0,0,0,0,0,0,0,0,0,0,0,0,0
"A_Trustlag",0.1827,0.3018,0.3657,0.9155,0.1077,-0.0251,0.1886,0.2998,0.181,0.0442,-0.083,-0.1553,-0.0525,0.0544,0.2122,0.1385,0,0,0,0,0,0,0,0,0,0,0,0,0,0,0
"C_Orglag",0.0028,0.062,0.0638,0.1077,0.9954,0.2883,0.2571,0.0856,0.1827,-0.0459,0.0175,-0.1566,-0.0347,0.0817,0.1289,0.0412,0,0,0,0,0,0,0,0,0,0,0,0,0,0,0
"C_Prdctvlag",-0.102,-0.1135,0.0395,-0.0251,0.2883,0.9832,0.3505,0.3571,0.367,0.1834,-0.1548,-0.0672,-0.1636,-0.0423,0.3013,0.1857,0,0,0,0,0,0,0,0,0,0,0,0,0,0,0
"C_Rspnbllag",0.0613,0.2491,0.1486,0.1886,0.2571,0.3505,0.9321,0.1677,0.0791,-0.1042,-0.157,0.0162,-0.1316,0.0759,0.1917,0.2286,0,0,0,0,0,0,0,0,0,0,0,0,0,0,0
"E_Assertlag",-0.1477,0.0826,0.3293,0.2998,0.0856,0.3571,0.1677,0.9331,0.1456,0.3539,-0.0672,-0.1835,-0.0704,0.013,0.0167,0.3657,0,0,0,0,0,0,0,0,0,0,0,0,0,0,0
"E_EnerLevlag",0.0038,0.2518,0.1294,0.181,0.1827,0.367,0.0791,0.1456,0.999,0.3283,-0.1781,-0.1213,-0.1292,0.0326,0.4747,-0.0206,0,0,0,0,0,0,0,0,0,0,0,0,0,0,0
"E_Scbltylag",-0.2802,0.21,0.2522,0.0442,-0.0459,0.1834,-0.1042,0.3539,0.3283,0.9753,0.0727,0.032,-0.0589,-0.0083,0.1253,0.0853,0,0,0,0,0,0,0,0,0,0,0,0,0,0,0
"N_Anxtylag",-0.0093,0.0637,-0.1964,-0.083,0.0175,-0.1548,-0.157,-0.0672,-0.1781,0.0727,0.9979,0.3327,0.1486,-0.0671,-0.0574,0.1154,0,0,0,0,0,0,0,0,0,0,0,0,0,0,0
"N_Deprlag",-0.1133,0.0099,-0.2441,-0.1553,-0.1566,-0.0672,0.0162,-0.1835,-0.1213,0.032,0.3327,0.997,0.3696,-0.0773,-0.0693,0.0374,0,0,0,0,0,0,0,0,0,0,0,0,0,0,0
"N_EmoVollag",0.1982,-0.2167,2e-04,-0.0525,-0.0347,-0.1636,-0.1316,-0.0704,-0.1292,-0.0589,0.1486,0.3696,0.9236,-0.1204,-0.1079,0.0276,0,0,0,0,0,0,0,0,0,0,0,0,0,0,0
"O_AesSenslag",-0.1918,0.2451,0.0697,0.0544,0.0817,-0.0423,0.0759,0.013,0.0326,-0.0083,-0.0671,-0.0773,-0.1204,0.9895,0.0537,-0.0958,0,0,0,0,0,0,0,0,0,0,0,0,0,0,0
"O_CrtvImaglag",0.1905,0.0911,-0.0682,0.2122,0.1289,0.3013,0.1917,0.0167,0.4747,0.1253,-0.0574,-0.0693,-0.1079,0.0537,0.9937,0.0542,0,0,0,0,0,0,0,0,0,0,0,0,0,0,0
"O_IntCurlag",0.0374,0.212,0.1076,0.1385,0.0412,0.1857,0.2286,0.3657,-0.0206,0.0853,0.1154,0.0374,0.0276,-0.0958,0.0542,0.9815,0,0,0,0,0,0,0,0,0,0,0,0,0,0,0
"A_Cmpn",0,0,0,0,0,0,0,0,0,0,0,0,0,0,0,0,0.5449,0,0,0,0,0,0,0,0,0,0,0,0,0,0
"A_Rspct",0,0,0,0,0,0,0,0,0,0,0,0,0,0,0,0,0,0.9852,0,0,0,0,0,0,0,0,0,0,0,0,0
"A_Trust",0,0,0,0,0,0,0,0,0,0,0,0,0,0,0,0,0,0,1.2104,0,0,0,0,0,0,0,0,0,0,0,0
"C_Org",0,0,0,0,0,0,0,0,0,0,0,0,0,0,0,0,0,0,0,0.9696,0,0,0,0,0,0,0,0,0,0,0
"C_Prdctv",0,0,0,0,0,0,0,0,0,0,0,0,0,0,0,0,0,0,0,0,0.9793,0,0,0,0,0,0,0,0,0,0
"C_Rspnbl",0,0,0,0,0,0,0,0,0,0,0,0,0,0,0,0,0,0,0,0,0,2.2408,0,0,0,0,0,0,0,0,0
"E_Assert",0,0,0,0,0,0,0,0,0,0,0,0,0,0,0,0,0,0,0,0,0,0,0.7734,0,0,0,0,0,0,0,0
"E_EnerLev",0,0,0,0,0,0,0,0,0,0,0,0,0,0,0,0,0,0,0,0,0,0,0,0.5781,0,0,0,0,0,0,0
"E_Scblty",0,0,0,0,0,0,0,0,0,0,0,0,0,0,0,0,0,0,0,0,0,0,0,0,0.6718,0,0,0,0,0,0
"N_Anxty",0,0,0,0,0,0,0,0,0,0,0,0,0,0,0,0,0,0,0,0,0,0,0,0,0,0.7706,0,0,0,0,0
"N_Depr",0,0,0,0,0,0,0,0,0,0,0,0,0,0,0,0,0,0,0,0,0,0,0,0,0,0,0.6404,0,0,0,0
"N_EmoVol",0,0,0,0,0,0,0,0,0,0,0,0,0,0,0,0,0,0,0,0,0,0,0,0,0,0,0,0.6892,0,0,0
"O_AesSens",0,0,0,0,0,0,0,0,0,0,0,0,0,0,0,0,0,0,0,0,0,0,0,0,0,0,0,0,0.9753,0,0
"O_CrtvImag",0,0,0,0,0,0,0,0,0,0,0,0,0,0,0,0,0,0,0,0,0,0,0,0,0,0,0,0,0,0.617,0
"O_IntCur",0,0,0,0,0,0,0,0,0,0,0,0,0,0,0,0,0,0,0,0,0,0,0,0,0,0,0,0,0,0,0.7155
