"","cumsumT","A_Cmpnlag","A_Rspctlag","A_Trustlag","C_Orglag","C_Prdctvlag","C_Rspnbllag","E_Assertlag","E_EnerLevlag","E_Scbltylag","N_Anxtylag","N_Deprlag","N_EmoVollag","O_AesSenslag","O_CrtvImaglag","O_IntCurlag","A_Cmpn","A_Rspct","A_Trust","C_Org","C_Prdctv","C_Rspnbl","E_Assert","E_EnerLev","E_Scblty","N_Anxty","N_Depr","N_EmoVol","O_AesSens","O_CrtvImag","O_IntCur"
"cumsumT",0.9438,-0.058,0.0122,0.0123,0.0718,0.0511,0.0192,-0.0758,-0.0395,-0.0359,-0.0608,-0.3492,0.0174,-0.0312,-0.0022,0.3297,0,0,0,0,0,0,0,0,0,0,0,0,0,0,0
"A_Cmpnlag",-0.058,1,0.2701,0.2663,0.0926,0.0497,0.1104,0.2158,0.1928,0.18,-0.0822,0.0368,-0.072,0.2152,-0.0124,0.0256,0,0,0,0,0,0,0,0,0,0,0,0,0,0,0
"A_Rspctlag",0.0122,0.2701,0.994,-0.0042,0.0061,0.1945,0.2863,0.1338,0.3421,0.3008,-0.0589,-0.0971,-0.2066,0.2533,0.1456,0.1185,0,0,0,0,0,0,0,0,0,0,0,0,0,0,0
"A_Trustlag",0.0123,0.2663,-0.0042,0.9839,0.2611,0.1367,0.102,-0.2292,-0.0275,-0.0049,-0.0602,-0.182,-0.2326,0.0413,-0.2991,-0.015,0,0,0,0,0,0,0,0,0,0,0,0,0,0,0
"C_Orglag",0.0718,0.0926,0.0061,0.2611,0.9868,0.291,0.1622,0.0926,0.29,-0.0275,-0.0873,-0.0414,-0.1665,-0.2697,0.2001,0.1641,0,0,0,0,0,0,0,0,0,0,0,0,0,0,0
"C_Prdctvlag",0.0511,0.0497,0.1945,0.1367,0.291,0.9693,0.3207,0.2482,0.2894,0.0113,-0.087,-0.0731,-0.3052,0.0033,-0.0627,0.054,0,0,0,0,0,0,0,0,0,0,0,0,0,0,0
"C_Rspnbllag",0.0192,0.1104,0.2863,0.102,0.1622,0.3207,1,0.0651,0.2888,0.1411,-0.0194,-0.139,-0.2269,0.1099,0.061,-0.0293,0,0,0,0,0,0,0,0,0,0,0,0,0,0,0
"E_Assertlag",-0.0758,0.2158,0.1338,-0.2292,0.0926,0.2482,0.0651,0.998,0.1911,0.3865,-0.027,0.031,0.1229,0.0441,0.0643,0.2124,0,0,0,0,0,0,0,0,0,0,0,0,0,0,0
"E_EnerLevlag",-0.0395,0.1928,0.3421,-0.0275,0.29,0.2894,0.2888,0.1911,0.9934,0.3181,0.0698,0.03,-0.2548,0.0023,0.3308,0.0073,0,0,0,0,0,0,0,0,0,0,0,0,0,0,0
"E_Scbltylag",-0.0359,0.18,0.3008,-0.0049,-0.0275,0.0113,0.1411,0.3865,0.3181,0.9978,-0.0393,0.0748,0.1256,0.0914,0.2022,0.0665,0,0,0,0,0,0,0,0,0,0,0,0,0,0,0
"N_Anxtylag",-0.0608,-0.0822,-0.0589,-0.0602,-0.0873,-0.087,-0.0194,-0.027,0.0698,-0.0393,0.9904,0.2947,0.2893,-0.3815,-0.1978,-0.0477,0,0,0,0,0,0,0,0,0,0,0,0,0,0,0
"N_Deprlag",-0.3492,0.0368,-0.0971,-0.182,-0.0414,-0.0731,-0.139,0.031,0.03,0.0748,0.2947,0.9417,0.502,-0.1334,-0.007,-0.1736,0,0,0,0,0,0,0,0,0,0,0,0,0,0,0
"N_EmoVollag",0.0174,-0.072,-0.2066,-0.2326,-0.1665,-0.3052,-0.2269,0.1229,-0.2548,0.1256,0.2893,0.502,0.9897,-0.0143,0.0467,0.1025,0,0,0,0,0,0,0,0,0,0,0,0,0,0,0
"O_AesSenslag",-0.0312,0.2152,0.2533,0.0413,-0.2697,0.0033,0.1099,0.0441,0.0023,0.0914,-0.3815,-0.1334,-0.0143,0.9836,-0.0395,-0.032,0,0,0,0,0,0,0,0,0,0,0,0,0,0,0
"O_CrtvImaglag",-0.0022,-0.0124,0.1456,-0.2991,0.2001,-0.0627,0.061,0.0643,0.3308,0.2022,-0.1978,-0.007,0.0467,-0.0395,0.9981,0.082,0,0,0,0,0,0,0,0,0,0,0,0,0,0,0
"O_IntCurlag",0.3297,0.0256,0.1185,-0.015,0.1641,0.054,-0.0293,0.2124,0.0073,0.0665,-0.0477,-0.1736,0.1025,-0.032,0.082,0.9921,0,0,0,0,0,0,0,0,0,0,0,0,0,0,0
"A_Cmpn",0,0,0,0,0,0,0,0,0,0,0,0,0,0,0,0,0.6026,0,0,0,0,0,0,0,0,0,0,0,0,0,0
"A_Rspct",0,0,0,0,0,0,0,0,0,0,0,0,0,0,0,0,0,0.9267,0,0,0,0,0,0,0,0,0,0,0,0,0
"A_Trust",0,0,0,0,0,0,0,0,0,0,0,0,0,0,0,0,0,0,0.9055,0,0,0,0,0,0,0,0,0,0,0,0
"C_Org",0,0,0,0,0,0,0,0,0,0,0,0,0,0,0,0,0,0,0,1.9915,0,0,0,0,0,0,0,0,0,0,0
"C_Prdctv",0,0,0,0,0,0,0,0,0,0,0,0,0,0,0,0,0,0,0,0,1.0828,0,0,0,0,0,0,0,0,0,0
"C_Rspnbl",0,0,0,0,0,0,0,0,0,0,0,0,0,0,0,0,0,0,0,0,0,0.7485,0,0,0,0,0,0,0,0,0
"E_Assert",0,0,0,0,0,0,0,0,0,0,0,0,0,0,0,0,0,0,0,0,0,0,0.7404,0,0,0,0,0,0,0,0
"E_EnerLev",0,0,0,0,0,0,0,0,0,0,0,0,0,0,0,0,0,0,0,0,0,0,0,0.5333,0,0,0,0,0,0,0
"E_Scblty",0,0,0,0,0,0,0,0,0,0,0,0,0,0,0,0,0,0,0,0,0,0,0,0,0.9101,0,0,0,0,0,0
"N_Anxty",0,0,0,0,0,0,0,0,0,0,0,0,0,0,0,0,0,0,0,0,0,0,0,0,0,0.57,0,0,0,0,0
"N_Depr",0,0,0,0,0,0,0,0,0,0,0,0,0,0,0,0,0,0,0,0,0,0,0,0,0,0,0.6794,0,0,0,0
"N_EmoVol",0,0,0,0,0,0,0,0,0,0,0,0,0,0,0,0,0,0,0,0,0,0,0,0,0,0,0,0.4954,0,0,0
"O_AesSens",0,0,0,0,0,0,0,0,0,0,0,0,0,0,0,0,0,0,0,0,0,0,0,0,0,0,0,0,0.5885,0,0
"O_CrtvImag",0,0,0,0,0,0,0,0,0,0,0,0,0,0,0,0,0,0,0,0,0,0,0,0,0,0,0,0,0,0.7329,0
"O_IntCur",0,0,0,0,0,0,0,0,0,0,0,0,0,0,0,0,0,0,0,0,0,0,0,0,0,0,0,0,0,0,1.1574
