"","cumsumT","A_Cmpnlag","A_Rspctlag","A_Trustlag","C_Orglag","C_Prdctvlag","C_Rspnbllag","E_Assertlag","E_EnerLevlag","E_Scbltylag","N_Anxtylag","N_Deprlag","N_EmoVollag","O_AesSenslag","O_CrtvImaglag","O_IntCurlag","A_Cmpn","A_Rspct","A_Trust","C_Org","C_Prdctv","C_Rspnbl","E_Assert","E_EnerLev","E_Scblty","N_Anxty","N_Depr","N_EmoVol","O_AesSens","O_CrtvImag","O_IntCur"
"cumsumT",0.9415,-0.2215,-0.1232,0.0859,-0.0485,0.1422,-0.2037,0.186,0.2447,-0.0505,0.1541,-0.11,-0.0347,-0.0053,-0.039,0.0909,0,0,0,0,0,0,0,0,0,0,0,0,0,0,0
"A_Cmpnlag",-0.2215,0.9969,0.4514,0.373,0.214,-0.1984,0.1143,0.3138,0.1446,0.1352,-0.2724,-0.2432,-0.137,0.27,0.2615,-0.0998,0,0,0,0,0,0,0,0,0,0,0,0,0,0,0
"A_Rspctlag",-0.1232,0.4514,0.9997,0.2174,-0.0032,-0.1913,-0.0758,0.3273,0.252,-0.0285,-0.3218,-0.228,-0.1117,0.0909,0.1579,-0.075,0,0,0,0,0,0,0,0,0,0,0,0,0,0,0
"A_Trustlag",0.0859,0.373,0.2174,0.9832,0.2278,-0.0395,0.0015,0.2729,0.2616,0.0525,-0.1812,-0.3109,-0.1537,0.2465,-0.0078,0.0276,0,0,0,0,0,0,0,0,0,0,0,0,0,0,0
"C_Orglag",-0.0485,0.214,-0.0032,0.2278,0.9654,0.309,0.3064,0.0109,0.3037,-0.0627,-0.0555,-0.4425,-0.3597,0.1133,-0.0447,0.069,0,0,0,0,0,0,0,0,0,0,0,0,0,0,0
"C_Prdctvlag",0.1422,-0.1984,-0.1913,-0.0395,0.309,0.9961,0.1151,0.0114,0.1851,0.1278,0.0984,-0.5139,-0.2957,-0.0721,-0.1357,0.1265,0,0,0,0,0,0,0,0,0,0,0,0,0,0,0
"C_Rspnbllag",-0.2037,0.1143,-0.0758,0.0015,0.3064,0.1151,0.9998,-0.0604,0.1298,0.2933,-0.0566,-0.2457,-0.2848,0.0442,0.2684,0.1792,0,0,0,0,0,0,0,0,0,0,0,0,0,0,0
"E_Assertlag",0.186,0.3138,0.3273,0.2729,0.0109,0.0114,-0.0604,0.8341,0.2759,0.1365,-0.1223,-0.3261,-0.2908,0.1177,0.1493,-0.0645,0,0,0,0,0,0,0,0,0,0,0,0,0,0,0
"E_EnerLevlag",0.2447,0.1446,0.252,0.2616,0.3037,0.1851,0.1298,0.2759,0.9895,0.4136,-0.1271,-0.2446,-0.1263,0.071,0.0919,0.1871,0,0,0,0,0,0,0,0,0,0,0,0,0,0,0
"E_Scbltylag",-0.0505,0.1352,-0.0285,0.0525,-0.0627,0.1278,0.2933,0.1365,0.4136,0.9952,0.1574,-0.1116,-0.0753,0.2341,0.2367,0.2351,0,0,0,0,0,0,0,0,0,0,0,0,0,0,0
"N_Anxtylag",0.1541,-0.2724,-0.3218,-0.1812,-0.0555,0.0984,-0.0566,-0.1223,-0.1271,0.1574,0.9948,0.2988,0.3195,-0.0917,-0.096,0.1847,0,0,0,0,0,0,0,0,0,0,0,0,0,0,0
"N_Deprlag",-0.11,-0.2432,-0.228,-0.3109,-0.4425,-0.5139,-0.2457,-0.3261,-0.2446,-0.1116,0.2988,0.9866,0.5892,-0.0411,-0.1347,-0.0562,0,0,0,0,0,0,0,0,0,0,0,0,0,0,0
"N_EmoVollag",-0.0347,-0.137,-0.1117,-0.1537,-0.3597,-0.2957,-0.2848,-0.2908,-0.1263,-0.0753,0.3195,0.5892,0.9755,0.067,0.011,0.1466,0,0,0,0,0,0,0,0,0,0,0,0,0,0,0
"O_AesSenslag",-0.0053,0.27,0.0909,0.2465,0.1133,-0.0721,0.0442,0.1177,0.071,0.2341,-0.0917,-0.0411,0.067,0.9938,0.2563,0.0074,0,0,0,0,0,0,0,0,0,0,0,0,0,0,0
"O_CrtvImaglag",-0.039,0.2615,0.1579,-0.0078,-0.0447,-0.1357,0.2684,0.1493,0.0919,0.2367,-0.096,-0.1347,0.011,0.2563,0.9685,0.1075,0,0,0,0,0,0,0,0,0,0,0,0,0,0,0
"O_IntCurlag",0.0909,-0.0998,-0.075,0.0276,0.069,0.1265,0.1792,-0.0645,0.1871,0.2351,0.1847,-0.0562,0.1466,0.0074,0.1075,0.9973,0,0,0,0,0,0,0,0,0,0,0,0,0,0,0
"A_Cmpn",0,0,0,0,0,0,0,0,0,0,0,0,0,0,0,0,0.7728,0,0,0,0,0,0,0,0,0,0,0,0,0,0
"A_Rspct",0,0,0,0,0,0,0,0,0,0,0,0,0,0,0,0,0,0.474,0,0,0,0,0,0,0,0,0,0,0,0,0
"A_Trust",0,0,0,0,0,0,0,0,0,0,0,0,0,0,0,0,0,0,0.6136,0,0,0,0,0,0,0,0,0,0,0,0
"C_Org",0,0,0,0,0,0,0,0,0,0,0,0,0,0,0,0,0,0,0,0.6928,0,0,0,0,0,0,0,0,0,0,0
"C_Prdctv",0,0,0,0,0,0,0,0,0,0,0,0,0,0,0,0,0,0,0,0,0.6126,0,0,0,0,0,0,0,0,0,0
"C_Rspnbl",0,0,0,0,0,0,0,0,0,0,0,0,0,0,0,0,0,0,0,0,0,0.7783,0,0,0,0,0,0,0,0,0
"E_Assert",0,0,0,0,0,0,0,0,0,0,0,0,0,0,0,0,0,0,0,0,0,0,0.6693,0,0,0,0,0,0,0,0
"E_EnerLev",0,0,0,0,0,0,0,0,0,0,0,0,0,0,0,0,0,0,0,0,0,0,0,0.8023,0,0,0,0,0,0,0
"E_Scblty",0,0,0,0,0,0,0,0,0,0,0,0,0,0,0,0,0,0,0,0,0,0,0,0,0.5315,0,0,0,0,0,0
"N_Anxty",0,0,0,0,0,0,0,0,0,0,0,0,0,0,0,0,0,0,0,0,0,0,0,0,0,0.786,0,0,0,0,0
"N_Depr",0,0,0,0,0,0,0,0,0,0,0,0,0,0,0,0,0,0,0,0,0,0,0,0,0,0,0.636,0,0,0,0
"N_EmoVol",0,0,0,0,0,0,0,0,0,0,0,0,0,0,0,0,0,0,0,0,0,0,0,0,0,0,0,0.5228,0,0,0
"O_AesSens",0,0,0,0,0,0,0,0,0,0,0,0,0,0,0,0,0,0,0,0,0,0,0,0,0,0,0,0,1.6035,0,0
"O_CrtvImag",0,0,0,0,0,0,0,0,0,0,0,0,0,0,0,0,0,0,0,0,0,0,0,0,0,0,0,0,0,1.576,0
"O_IntCur",0,0,0,0,0,0,0,0,0,0,0,0,0,0,0,0,0,0,0,0,0,0,0,0,0,0,0,0,0,0,0.7031
