"","cumsumT","A_Cmpnlag","A_Rspctlag","A_Trustlag","C_Orglag","C_Prdctvlag","C_Rspnbllag","E_Assertlag","E_EnerLevlag","E_Scbltylag","N_Anxtylag","N_Deprlag","N_EmoVollag","O_AesSenslag","O_CrtvImaglag","O_IntCurlag","A_Cmpn","A_Rspct","A_Trust","C_Org","C_Prdctv","C_Rspnbl","E_Assert","E_EnerLev","E_Scblty","N_Anxty","N_Depr","N_EmoVol","O_AesSens","O_CrtvImag","O_IntCur"
"cumsumT",1,-0.2286,-0.127,0.0893,-0.0509,0.1468,-0.2099,0.2099,0.2535,-0.0522,0.1593,-0.1141,-0.0362,-0.0055,-0.0409,0.0938,0,0,0,0,0,0,0,0,0,0,0,0,0,0,0
"A_Cmpnlag",-0.2286,1,0.4522,0.3768,0.2181,-0.1991,0.1145,0.3441,0.1456,0.1357,-0.2736,-0.2452,-0.139,0.2712,0.2662,-0.1,0,0,0,0,0,0,0,0,0,0,0,0,0,0,0
"A_Rspctlag",-0.127,0.4522,1,0.2193,-0.0032,-0.1917,-0.0758,0.3584,0.2533,-0.0286,-0.3227,-0.2296,-0.1131,0.0912,0.1604,-0.0751,0,0,0,0,0,0,0,0,0,0,0,0,0,0,0
"A_Trustlag",0.0893,0.3768,0.2193,1,0.2338,-0.0399,0.0015,0.3014,0.2652,0.053,-0.1833,-0.3156,-0.157,0.2494,-0.008,0.0279,0,0,0,0,0,0,0,0,0,0,0,0,0,0,0
"C_Orglag",-0.0509,0.2181,-0.0032,0.2338,1,0.3152,0.3119,0.0122,0.3107,-0.0639,-0.0566,-0.4534,-0.3706,0.1157,-0.0462,0.0703,0,0,0,0,0,0,0,0,0,0,0,0,0,0,0
"C_Prdctvlag",0.1468,-0.1991,-0.1917,-0.0399,0.3152,1,0.1153,0.0125,0.1865,0.1284,0.0988,-0.5184,-0.3,-0.0725,-0.1382,0.127,0,0,0,0,0,0,0,0,0,0,0,0,0,0,0
"C_Rspnbllag",-0.2099,0.1145,-0.0758,0.0015,0.3119,0.1153,1,-0.0661,0.1305,0.294,-0.0567,-0.2473,-0.2884,0.0444,0.2727,0.1794,0,0,0,0,0,0,0,0,0,0,0,0,0,0,0
"E_Assertlag",0.2099,0.3441,0.3584,0.3014,0.0122,0.0125,-0.0661,1,0.3037,0.1498,-0.1343,-0.3595,-0.3224,0.1293,0.1661,-0.0707,0,0,0,0,0,0,0,0,0,0,0,0,0,0,0
"E_EnerLevlag",0.2535,0.1456,0.2533,0.2652,0.3107,0.1865,0.1305,0.3037,1,0.4168,-0.1281,-0.2475,-0.1286,0.0716,0.0939,0.1883,0,0,0,0,0,0,0,0,0,0,0,0,0,0,0
"E_Scbltylag",-0.0522,0.1357,-0.0286,0.053,-0.0639,0.1284,0.294,0.1498,0.4168,1,0.1582,-0.1126,-0.0765,0.2354,0.2411,0.2359,0,0,0,0,0,0,0,0,0,0,0,0,0,0,0
"N_Anxtylag",0.1593,-0.2736,-0.3227,-0.1833,-0.0566,0.0988,-0.0567,-0.1343,-0.1281,0.1582,1,0.3016,0.3243,-0.0922,-0.0978,0.1854,0,0,0,0,0,0,0,0,0,0,0,0,0,0,0
"N_Deprlag",-0.1141,-0.2452,-0.2296,-0.3156,-0.4534,-0.5184,-0.2473,-0.3595,-0.2475,-0.1126,0.3016,1,0.6006,-0.0415,-0.1378,-0.0566,0,0,0,0,0,0,0,0,0,0,0,0,0,0,0
"N_EmoVollag",-0.0362,-0.139,-0.1131,-0.157,-0.3706,-0.3,-0.2884,-0.3224,-0.1286,-0.0765,0.3243,0.6006,1,0.068,0.0113,0.1486,0,0,0,0,0,0,0,0,0,0,0,0,0,0,0
"O_AesSenslag",-0.0055,0.2712,0.0912,0.2494,0.1157,-0.0725,0.0444,0.1293,0.0716,0.2354,-0.0922,-0.0415,0.068,1,0.2612,0.0074,0,0,0,0,0,0,0,0,0,0,0,0,0,0,0
"O_CrtvImaglag",-0.0409,0.2662,0.1604,-0.008,-0.0462,-0.1382,0.2727,0.1661,0.0939,0.2411,-0.0978,-0.1378,0.0113,0.2612,1,0.1094,0,0,0,0,0,0,0,0,0,0,0,0,0,0,0
"O_IntCurlag",0.0938,-0.1,-0.0751,0.0279,0.0703,0.127,0.1794,-0.0707,0.1883,0.2359,0.1854,-0.0566,0.1486,0.0074,0.1094,1,0,0,0,0,0,0,0,0,0,0,0,0,0,0,0
"A_Cmpn",0,0,0,0,0,0,0,0,0,0,0,0,0,0,0,0,0.8109,0,0,0,0,0,0,0,0,0,0,0,0,0,0
"A_Rspct",0,0,0,0,0,0,0,0,0,0,0,0,0,0,0,0,0,0.4744,0,0,0,0,0,0,0,0,0,0,0,0,0
"A_Trust",0,0,0,0,0,0,0,0,0,0,0,0,0,0,0,0,0,0,0.6293,0,0,0,0,0,0,0,0,0,0,0,0
"C_Org",0,0,0,0,0,0,0,0,0,0,0,0,0,0,0,0,0,0,0,0.7033,0,0,0,0,0,0,0,0,0,0,0
"C_Prdctv",0,0,0,0,0,0,0,0,0,0,0,0,0,0,0,0,0,0,0,0,0.662,0,0,0,0,0,0,0,0,0,0
"C_Rspnbl",0,0,0,0,0,0,0,0,0,0,0,0,0,0,0,0,0,0,0,0,0,0.7962,0,0,0,0,0,0,0,0,0
"E_Assert",0,0,0,0,0,0,0,0,0,0,0,0,0,0,0,0,0,0,0,0,0,0,0.6715,0,0,0,0,0,0,0,0
"E_EnerLev",0,0,0,0,0,0,0,0,0,0,0,0,0,0,0,0,0,0,0,0,0,0,0,0.7867,0,0,0,0,0,0,0
"E_Scblty",0,0,0,0,0,0,0,0,0,0,0,0,0,0,0,0,0,0,0,0,0,0,0,0,0.5336,0,0,0,0,0,0
"N_Anxty",0,0,0,0,0,0,0,0,0,0,0,0,0,0,0,0,0,0,0,0,0,0,0,0,0,0.7979,0,0,0,0,0
"N_Depr",0,0,0,0,0,0,0,0,0,0,0,0,0,0,0,0,0,0,0,0,0,0,0,0,0,0,0.6748,0,0,0,0
"N_EmoVol",0,0,0,0,0,0,0,0,0,0,0,0,0,0,0,0,0,0,0,0,0,0,0,0,0,0,0,0.5462,0,0,0
"O_AesSens",0,0,0,0,0,0,0,0,0,0,0,0,0,0,0,0,0,0,0,0,0,0,0,0,0,0,0,0,1.5975,0,0
"O_CrtvImag",0,0,0,0,0,0,0,0,0,0,0,0,0,0,0,0,0,0,0,0,0,0,0,0,0,0,0,0,0,1.5337,0
"O_IntCur",0,0,0,0,0,0,0,0,0,0,0,0,0,0,0,0,0,0,0,0,0,0,0,0,0,0,0,0,0,0,0.7138
