"","cumsumT","A_Cmpnlag","A_Rspctlag","A_Trustlag","C_Orglag","C_Prdctvlag","C_Rspnbllag","E_Assertlag","E_EnerLevlag","E_Scbltylag","N_Anxtylag","N_Deprlag","N_EmoVollag","O_AesSenslag","O_CrtvImaglag","O_IntCurlag","A_Cmpn","A_Rspct","A_Trust","C_Org","C_Prdctv","C_Rspnbl","E_Assert","E_EnerLev","E_Scblty","N_Anxty","N_Depr","N_EmoVol","O_AesSens","O_CrtvImag","O_IntCur"
"cumsumT",0.9385,0.2105,-0.0113,0.413,0.2399,-0.0351,-0.2987,0.1549,0.1297,0.2404,-0.0881,-0.6123,-0.1674,0.1102,-0.0373,0.2061,0,0,0,0,0,0,0,0,0,0,0,0,0,0,0
"A_Cmpnlag",0.2105,0.9927,0.2153,0.3069,0.0282,-0.0234,0.1369,0.4115,0.2579,0.3269,-0.2014,-0.2332,-0.4199,0.1833,-0.007,0.4481,0,0,0,0,0,0,0,0,0,0,0,0,0,0,0
"A_Rspctlag",-0.0113,0.2153,0.953,0.0086,-0.1669,0.1406,0.3256,0.3038,-0.0061,-0.0648,-0.0654,-0.0386,-0.2097,-0.0699,0.2025,0.417,0,0,0,0,0,0,0,0,0,0,0,0,0,0,0
"A_Trustlag",0.413,0.3069,0.0086,0.9999,0.1224,0.1596,-0.1061,0.1346,0.1075,0.1007,0.1213,-0.2495,-0.1517,-0.0578,-0.098,0.0837,0,0,0,0,0,0,0,0,0,0,0,0,0,0,0
"C_Orglag",0.2399,0.0282,-0.1669,0.1224,0.9051,0.2424,-0.0111,-0.1122,0.1723,-0.0918,-0.0376,-0.1839,-0.2643,0.1944,0.046,-0.0246,0,0,0,0,0,0,0,0,0,0,0,0,0,0,0
"C_Prdctvlag",-0.0351,-0.0234,0.1406,0.1596,0.2424,0.9684,0.3477,0.2401,0.5165,0.1682,-0.2071,-0.0359,-0.2905,-0.0707,0.0925,0.3962,0,0,0,0,0,0,0,0,0,0,0,0,0,0,0
"C_Rspnbllag",-0.2987,0.1369,0.3256,-0.1061,-0.0111,0.3477,0.9595,0.241,0.2601,-0.0916,-0.2447,-0.0946,-0.09,-0.0432,0.3602,0.2333,0,0,0,0,0,0,0,0,0,0,0,0,0,0,0
"E_Assertlag",0.1549,0.4115,0.3038,0.1346,-0.1122,0.2401,0.241,0.9937,0.2514,0.2893,-0.3353,-0.1845,-0.3079,-0.0039,0.1626,0.4983,0,0,0,0,0,0,0,0,0,0,0,0,0,0,0
"E_EnerLevlag",0.1297,0.2579,-0.0061,0.1075,0.1723,0.5165,0.2601,0.2514,0.9964,0.4359,-0.2969,-0.2522,-0.092,0.2608,0.1078,0.2854,0,0,0,0,0,0,0,0,0,0,0,0,0,0,0
"E_Scbltylag",0.2404,0.3269,-0.0648,0.1007,-0.0918,0.1682,-0.0916,0.2893,0.4359,0.9909,-0.1777,-0.2287,-0.1164,0.2003,-0.2369,0.4289,0,0,0,0,0,0,0,0,0,0,0,0,0,0,0
"N_Anxtylag",-0.0881,-0.2014,-0.0654,0.1213,-0.0376,-0.2071,-0.2447,-0.3353,-0.2969,-0.1777,0.9848,0.3215,0.1107,0.0924,-0.2844,-0.0818,0,0,0,0,0,0,0,0,0,0,0,0,0,0,0
"N_Deprlag",-0.6123,-0.2332,-0.0386,-0.2495,-0.1839,-0.0359,-0.0946,-0.1845,-0.2522,-0.2287,0.3215,0.995,0.3322,-0.0198,-0.0726,-0.1265,0,0,0,0,0,0,0,0,0,0,0,0,0,0,0
"N_EmoVollag",-0.1674,-0.4199,-0.2097,-0.1517,-0.2643,-0.2905,-0.09,-0.3079,-0.092,-0.1164,0.1107,0.3322,0.9925,0.0552,0.2103,-0.3964,0,0,0,0,0,0,0,0,0,0,0,0,0,0,0
"O_AesSenslag",0.1102,0.1833,-0.0699,-0.0578,0.1944,-0.0707,-0.0432,-0.0039,0.2608,0.2003,0.0924,-0.0198,0.0552,0.9894,-0.0139,0.0901,0,0,0,0,0,0,0,0,0,0,0,0,0,0,0
"O_CrtvImaglag",-0.0373,-0.007,0.2025,-0.098,0.046,0.0925,0.3602,0.1626,0.1078,-0.2369,-0.2844,-0.0726,0.2103,-0.0139,0.9989,-0.0077,0,0,0,0,0,0,0,0,0,0,0,0,0,0,0
"O_IntCurlag",0.2061,0.4481,0.417,0.0837,-0.0246,0.3962,0.2333,0.4983,0.2854,0.4289,-0.0818,-0.1265,-0.3964,0.0901,-0.0077,0.9993,0,0,0,0,0,0,0,0,0,0,0,0,0,0,0
"A_Cmpn",0,0,0,0,0,0,0,0,0,0,0,0,0,0,0,0,0.4092,0,0,0,0,0,0,0,0,0,0,0,0,0,0
"A_Rspct",0,0,0,0,0,0,0,0,0,0,0,0,0,0,0,0,0,0.6452,0,0,0,0,0,0,0,0,0,0,0,0,0
"A_Trust",0,0,0,0,0,0,0,0,0,0,0,0,0,0,0,0,0,0,0.6951,0,0,0,0,0,0,0,0,0,0,0,0
"C_Org",0,0,0,0,0,0,0,0,0,0,0,0,0,0,0,0,0,0,0,0.6812,0,0,0,0,0,0,0,0,0,0,0
"C_Prdctv",0,0,0,0,0,0,0,0,0,0,0,0,0,0,0,0,0,0,0,0,0.951,0,0,0,0,0,0,0,0,0,0
"C_Rspnbl",0,0,0,0,0,0,0,0,0,0,0,0,0,0,0,0,0,0,0,0,0,0.2784,0,0,0,0,0,0,0,0,0
"E_Assert",0,0,0,0,0,0,0,0,0,0,0,0,0,0,0,0,0,0,0,0,0,0,0.7145,0,0,0,0,0,0,0,0
"E_EnerLev",0,0,0,0,0,0,0,0,0,0,0,0,0,0,0,0,0,0,0,0,0,0,0,0.7115,0,0,0,0,0,0,0
"E_Scblty",0,0,0,0,0,0,0,0,0,0,0,0,0,0,0,0,0,0,0,0,0,0,0,0,1.0142,0,0,0,0,0,0
"N_Anxty",0,0,0,0,0,0,0,0,0,0,0,0,0,0,0,0,0,0,0,0,0,0,0,0,0,0.6995,0,0,0,0,0
"N_Depr",0,0,0,0,0,0,0,0,0,0,0,0,0,0,0,0,0,0,0,0,0,0,0,0,0,0,0.3635,0,0,0,0
"N_EmoVol",0,0,0,0,0,0,0,0,0,0,0,0,0,0,0,0,0,0,0,0,0,0,0,0,0,0,0,1.3371,0,0,0
"O_AesSens",0,0,0,0,0,0,0,0,0,0,0,0,0,0,0,0,0,0,0,0,0,0,0,0,0,0,0,0,0.5048,0,0
"O_CrtvImag",0,0,0,0,0,0,0,0,0,0,0,0,0,0,0,0,0,0,0,0,0,0,0,0,0,0,0,0,0,0.3084,0
"O_IntCur",0,0,0,0,0,0,0,0,0,0,0,0,0,0,0,0,0,0,0,0,0,0,0,0,0,0,0,0,0,0,0.6715
