"","cumsumT","A_Cmpnlag","A_Rspctlag","A_Trustlag","C_Orglag","C_Prdctvlag","C_Rspnbllag","E_Assertlag","E_EnerLevlag","E_Scbltylag","N_Anxtylag","N_Deprlag","N_EmoVollag","O_AesSenslag","O_CrtvImaglag","O_IntCurlag","A_Cmpn","A_Rspct","A_Trust","C_Org","C_Prdctv","C_Rspnbl","E_Assert","E_EnerLev","E_Scblty","N_Anxty","N_Depr","N_EmoVol","O_AesSens","O_CrtvImag","O_IntCur"
"cumsumT",0.9465,-0.0653,-0.0675,-0.031,0.0586,0.1864,0.1482,-0.0656,0.038,-0.1305,0.2122,0.143,-0.0185,-0.1282,0.2442,0.0579,0,0,0,0,0,0,0,0,0,0,0,0,0,0,0
"A_Cmpnlag",-0.0653,0.8857,0.3388,0.4005,0.2902,0.2347,0.2784,0.2333,0.2767,0.3597,-0.3006,-0.4006,-0.2993,-0.0154,0.1712,0.2459,0,0,0,0,0,0,0,0,0,0,0,0,0,0,0
"A_Rspctlag",-0.0675,0.3388,0.9912,0.2658,0.1488,0.1412,0.3021,0.2542,0.1807,0.2614,-0.2719,-0.5177,-0.4917,-0.1184,0.0691,0.0442,0,0,0,0,0,0,0,0,0,0,0,0,0,0,0
"A_Trustlag",-0.031,0.4005,0.2658,0.8697,0.3404,0.2276,0.1925,0.1866,0.1172,0.2764,-0.4124,-0.3969,-0.3434,-0.1237,0.1522,0.1755,0,0,0,0,0,0,0,0,0,0,0,0,0,0,0
"C_Orglag",0.0586,0.2902,0.1488,0.3404,0.8846,0.3612,0.3631,0.3366,0.368,0.3325,-0.5585,-0.5035,-0.3015,-0.0283,0.0888,0.4488,0,0,0,0,0,0,0,0,0,0,0,0,0,0,0
"C_Prdctvlag",0.1864,0.2347,0.1412,0.2276,0.3612,0.9845,0.2744,-0.0027,0.3558,0.2123,-0.4026,-0.4812,-0.2832,0.1859,0.1341,0.2261,0,0,0,0,0,0,0,0,0,0,0,0,0,0,0
"C_Rspnbllag",0.1482,0.2784,0.3021,0.1925,0.3631,0.2744,0.9983,0.2327,0.4554,0.2246,-0.2881,-0.3884,-0.4974,-0.059,0.2245,0.2203,0,0,0,0,0,0,0,0,0,0,0,0,0,0,0
"E_Assertlag",-0.0656,0.2333,0.2542,0.1866,0.3366,-0.0027,0.2327,0.9899,0.2014,0.3542,-0.1912,-0.2187,-0.2697,0.1666,0.2508,0.1176,0,0,0,0,0,0,0,0,0,0,0,0,0,0,0
"E_EnerLevlag",0.038,0.2767,0.1807,0.1172,0.368,0.3558,0.4554,0.2014,0.9981,0.369,-0.2825,-0.4176,-0.2341,0.1266,0.1626,0.3329,0,0,0,0,0,0,0,0,0,0,0,0,0,0,0
"E_Scbltylag",-0.1305,0.3597,0.2614,0.2764,0.3325,0.2123,0.2246,0.3542,0.369,0.9492,-0.3817,-0.3762,-0.2812,4e-04,0.0218,0.2299,0,0,0,0,0,0,0,0,0,0,0,0,0,0,0
"N_Anxtylag",0.2122,-0.3006,-0.2719,-0.4124,-0.5585,-0.4026,-0.2881,-0.1912,-0.2825,-0.3817,0.9874,0.6667,0.5146,-0.1615,-0.0912,-0.3107,0,0,0,0,0,0,0,0,0,0,0,0,0,0,0
"N_Deprlag",0.143,-0.4006,-0.5177,-0.3969,-0.5035,-0.4812,-0.3884,-0.2187,-0.4176,-0.3762,0.6667,0.9914,0.4902,0.0032,-0.047,-0.3739,0,0,0,0,0,0,0,0,0,0,0,0,0,0,0
"N_EmoVollag",-0.0185,-0.2993,-0.4917,-0.3434,-0.3015,-0.2832,-0.4974,-0.2697,-0.2341,-0.2812,0.5146,0.4902,0.9977,0.0052,-0.1434,-0.1227,0,0,0,0,0,0,0,0,0,0,0,0,0,0,0
"O_AesSenslag",-0.1282,-0.0154,-0.1184,-0.1237,-0.0283,0.1859,-0.059,0.1666,0.1266,4e-04,-0.1615,0.0032,0.0052,0.9707,0.1958,-0.0783,0,0,0,0,0,0,0,0,0,0,0,0,0,0,0
"O_CrtvImaglag",0.2442,0.1712,0.0691,0.1522,0.0888,0.1341,0.2245,0.2508,0.1626,0.0218,-0.0912,-0.047,-0.1434,0.1958,0.9898,-0.0164,0,0,0,0,0,0,0,0,0,0,0,0,0,0,0
"O_IntCurlag",0.0579,0.2459,0.0442,0.1755,0.4488,0.2261,0.2203,0.1176,0.3329,0.2299,-0.3107,-0.3739,-0.1227,-0.0783,-0.0164,0.9988,0,0,0,0,0,0,0,0,0,0,0,0,0,0,0
"A_Cmpn",0,0,0,0,0,0,0,0,0,0,0,0,0,0,0,0,0.6283,0,0,0,0,0,0,0,0,0,0,0,0,0,0
"A_Rspct",0,0,0,0,0,0,0,0,0,0,0,0,0,0,0,0,0,0.8336,0,0,0,0,0,0,0,0,0,0,0,0,0
"A_Trust",0,0,0,0,0,0,0,0,0,0,0,0,0,0,0,0,0,0,0.514,0,0,0,0,0,0,0,0,0,0,0,0
"C_Org",0,0,0,0,0,0,0,0,0,0,0,0,0,0,0,0,0,0,0,0.5971,0,0,0,0,0,0,0,0,0,0,0
"C_Prdctv",0,0,0,0,0,0,0,0,0,0,0,0,0,0,0,0,0,0,0,0,0.5757,0,0,0,0,0,0,0,0,0,0
"C_Rspnbl",0,0,0,0,0,0,0,0,0,0,0,0,0,0,0,0,0,0,0,0,0,0.9955,0,0,0,0,0,0,0,0,0
"E_Assert",0,0,0,0,0,0,0,0,0,0,0,0,0,0,0,0,0,0,0,0,0,0,0.8836,0,0,0,0,0,0,0,0
"E_EnerLev",0,0,0,0,0,0,0,0,0,0,0,0,0,0,0,0,0,0,0,0,0,0,0,0.645,0,0,0,0,0,0,0
"E_Scblty",0,0,0,0,0,0,0,0,0,0,0,0,0,0,0,0,0,0,0,0,0,0,0,0,0.6991,0,0,0,0,0,0
"N_Anxty",0,0,0,0,0,0,0,0,0,0,0,0,0,0,0,0,0,0,0,0,0,0,0,0,0,0.588,0,0,0,0,0
"N_Depr",0,0,0,0,0,0,0,0,0,0,0,0,0,0,0,0,0,0,0,0,0,0,0,0,0,0,59.0022,0,0,0,0
"N_EmoVol",0,0,0,0,0,0,0,0,0,0,0,0,0,0,0,0,0,0,0,0,0,0,0,0,0,0,0,0.5874,0,0,0
"O_AesSens",0,0,0,0,0,0,0,0,0,0,0,0,0,0,0,0,0,0,0,0,0,0,0,0,0,0,0,0,0.749,0,0
"O_CrtvImag",0,0,0,0,0,0,0,0,0,0,0,0,0,0,0,0,0,0,0,0,0,0,0,0,0,0,0,0,0,0.876,0
"O_IntCur",0,0,0,0,0,0,0,0,0,0,0,0,0,0,0,0,0,0,0,0,0,0,0,0,0,0,0,0,0,0,0.7058
