"","cumsumT","A_Cmpnlag","A_Rspctlag","A_Trustlag","C_Orglag","C_Prdctvlag","C_Rspnbllag","E_Assertlag","E_EnerLevlag","E_Scbltylag","N_Anxtylag","N_Deprlag","N_EmoVollag","O_AesSenslag","O_CrtvImaglag","O_IntCurlag","A_Cmpn","A_Rspct","A_Trust","C_Org","C_Prdctv","C_Rspnbl","E_Assert","E_EnerLev","E_Scblty","N_Anxty","N_Depr","N_EmoVol","O_AesSens","O_CrtvImag","O_IntCur"
"cumsumT",0.9501,-0.2681,-0.0657,-0.0382,-0.0074,-0.0074,0.0993,0.0084,0.145,0.1611,0.3698,0.0676,0.2029,-0.13,0.0591,-0.1114,0,0,0,0,0,0,0,0,0,0,0,0,0,0,0
"A_Cmpnlag",-0.2681,0.9089,0.0237,0.0355,0.1278,-0.1082,0.0397,-0.0786,-0.0958,0.044,-0.2101,-0.0535,-0.1153,-0.0247,0.0218,-0.0586,0,0,0,0,0,0,0,0,0,0,0,0,0,0,0
"A_Rspctlag",-0.0657,0.0237,0.9979,-0.0298,0.0095,0.149,0.1184,-0.0225,0.0405,0.1791,-0.0604,0.0571,0.1169,0.1373,0.0158,-0.1541,0,0,0,0,0,0,0,0,0,0,0,0,0,0,0
"A_Trustlag",-0.0382,0.0355,-0.0298,0.8391,-0.0693,0.0771,-0.1098,0.0956,-0.0278,-0.0387,-0.0226,-0.1117,-0.1505,-0.0221,0.0697,0.0416,0,0,0,0,0,0,0,0,0,0,0,0,0,0,0
"C_Orglag",-0.0074,0.1278,0.0095,-0.0693,0.988,0.138,0.319,-0.1279,0.3023,0.185,-0.2226,-0.0396,0.0484,-0.2036,0.1903,0.0476,0,0,0,0,0,0,0,0,0,0,0,0,0,0,0
"C_Prdctvlag",-0.0074,-0.1082,0.149,0.0771,0.138,0.9999,0.3124,0.2128,0.2925,0.0852,-0.2306,-0.3511,-0.1771,-0.1007,0.1712,0.194,0,0,0,0,0,0,0,0,0,0,0,0,0,0,0
"C_Rspnbllag",0.0993,0.0397,0.1184,-0.1098,0.319,0.3124,0.9962,-0.1505,0.186,0.223,-0.2601,-0.1297,-0.13,-0.0982,0.4103,-0.0985,0,0,0,0,0,0,0,0,0,0,0,0,0,0,0
"E_Assertlag",0.0084,-0.0786,-0.0225,0.0956,-0.1279,0.2128,-0.1505,0.9976,-0.0214,0.1365,0.122,0.0571,-0.1115,-0.0204,-0.2525,0.3571,0,0,0,0,0,0,0,0,0,0,0,0,0,0,0
"E_EnerLevlag",0.145,-0.0958,0.0405,-0.0278,0.3023,0.2925,0.186,-0.0214,1,0.2425,0.0368,-0.1304,-0.0429,-0.0316,0.3398,0.0309,0,0,0,0,0,0,0,0,0,0,0,0,0,0,0
"E_Scbltylag",0.1611,0.044,0.1791,-0.0387,0.185,0.0852,0.223,0.1365,0.2425,0.9992,-0.2065,-0.3441,-0.1627,0.0903,0.1314,0.1514,0,0,0,0,0,0,0,0,0,0,0,0,0,0,0
"N_Anxtylag",0.3698,-0.2101,-0.0604,-0.0226,-0.2226,-0.2306,-0.2601,0.122,0.0368,-0.2065,0.9933,0.4691,0.3404,0.208,-0.1384,0.045,0,0,0,0,0,0,0,0,0,0,0,0,0,0,0
"N_Deprlag",0.0676,-0.0535,0.0571,-0.1117,-0.0396,-0.3511,-0.1297,0.0571,-0.1304,-0.3441,0.4691,0.9994,0.453,0.092,-0.3249,-0.1053,0,0,0,0,0,0,0,0,0,0,0,0,0,0,0
"N_EmoVollag",0.2029,-0.1153,0.1169,-0.1505,0.0484,-0.1771,-0.13,-0.1115,-0.0429,-0.1627,0.3404,0.453,0.963,0.0947,-0.2461,-0.1718,0,0,0,0,0,0,0,0,0,0,0,0,0,0,0
"O_AesSenslag",-0.13,-0.0247,0.1373,-0.0221,-0.2036,-0.1007,-0.0982,-0.0204,-0.0316,0.0903,0.208,0.092,0.0947,0.9816,-0.1389,-0.0558,0,0,0,0,0,0,0,0,0,0,0,0,0,0,0
"O_CrtvImaglag",0.0591,0.0218,0.0158,0.0697,0.1903,0.1712,0.4103,-0.2525,0.3398,0.1314,-0.1384,-0.3249,-0.2461,-0.1389,0.9993,-0.0582,0,0,0,0,0,0,0,0,0,0,0,0,0,0,0
"O_IntCurlag",-0.1114,-0.0586,-0.1541,0.0416,0.0476,0.194,-0.0985,0.3571,0.0309,0.1514,0.045,-0.1053,-0.1718,-0.0558,-0.0582,0.9978,0,0,0,0,0,0,0,0,0,0,0,0,0,0,0
"A_Cmpn",0,0,0,0,0,0,0,0,0,0,0,0,0,0,0,0,0.9155,0,0,0,0,0,0,0,0,0,0,0,0,0,0
"A_Rspct",0,0,0,0,0,0,0,0,0,0,0,0,0,0,0,0,0,0.6142,0,0,0,0,0,0,0,0,0,0,0,0,0
"A_Trust",0,0,0,0,0,0,0,0,0,0,0,0,0,0,0,0,0,0,0.8743,0,0,0,0,0,0,0,0,0,0,0,0
"C_Org",0,0,0,0,0,0,0,0,0,0,0,0,0,0,0,0,0,0,0,0.7059,0,0,0,0,0,0,0,0,0,0,0
"C_Prdctv",0,0,0,0,0,0,0,0,0,0,0,0,0,0,0,0,0,0,0,0,0.6334,0,0,0,0,0,0,0,0,0,0
"C_Rspnbl",0,0,0,0,0,0,0,0,0,0,0,0,0,0,0,0,0,0,0,0,0,0.995,0,0,0,0,0,0,0,0,0
"E_Assert",0,0,0,0,0,0,0,0,0,0,0,0,0,0,0,0,0,0,0,0,0,0,0.7562,0,0,0,0,0,0,0,0
"E_EnerLev",0,0,0,0,0,0,0,0,0,0,0,0,0,0,0,0,0,0,0,0,0,0,0,0.863,0,0,0,0,0,0,0
"E_Scblty",0,0,0,0,0,0,0,0,0,0,0,0,0,0,0,0,0,0,0,0,0,0,0,0,0.7105,0,0,0,0,0,0
"N_Anxty",0,0,0,0,0,0,0,0,0,0,0,0,0,0,0,0,0,0,0,0,0,0,0,0,0,0.6916,0,0,0,0,0
"N_Depr",0,0,0,0,0,0,0,0,0,0,0,0,0,0,0,0,0,0,0,0,0,0,0,0,0,0,0.7396,0,0,0,0
"N_EmoVol",0,0,0,0,0,0,0,0,0,0,0,0,0,0,0,0,0,0,0,0,0,0,0,0,0,0,0,0.5317,0,0,0
"O_AesSens",0,0,0,0,0,0,0,0,0,0,0,0,0,0,0,0,0,0,0,0,0,0,0,0,0,0,0,0,0.5517,0,0
"O_CrtvImag",0,0,0,0,0,0,0,0,0,0,0,0,0,0,0,0,0,0,0,0,0,0,0,0,0,0,0,0,0,0.6742,0
"O_IntCur",0,0,0,0,0,0,0,0,0,0,0,0,0,0,0,0,0,0,0,0,0,0,0,0,0,0,0,0,0,0,0.7943
