"","cumsumT","A_Cmpnlag","A_Rspctlag","A_Trustlag","C_Orglag","C_Prdctvlag","C_Rspnbllag","E_Assertlag","E_EnerLevlag","E_Scbltylag","N_Anxtylag","N_Deprlag","N_EmoVollag","O_AesSenslag","O_CrtvImaglag","O_IntCurlag","A_Cmpn","A_Rspct","A_Trust","C_Org","C_Prdctv","C_Rspnbl","E_Assert","E_EnerLev","E_Scblty","N_Anxty","N_Depr","N_EmoVol","O_AesSens","O_CrtvImag","O_IntCur"
"cumsumT",1,-0.2885,-0.0675,-0.0428,-0.0076,-0.0076,0.1021,0.0086,0.1488,0.1653,0.3807,0.0694,0.2121,-0.1346,0.0606,-0.1144,0,0,0,0,0,0,0,0,0,0,0,0,0,0,0
"A_Cmpnlag",-0.2885,1,0.0249,0.0406,0.1348,-0.1135,0.0417,-0.0825,-0.1005,0.0462,-0.2212,-0.0561,-0.1232,-0.0262,0.0229,-0.0616,0,0,0,0,0,0,0,0,0,0,0,0,0,0,0
"A_Rspctlag",-0.0675,0.0249,1,-0.0326,0.0096,0.1492,0.1187,-0.0225,0.0405,0.1793,-0.0607,0.0572,0.1193,0.1387,0.0158,-0.1544,0,0,0,0,0,0,0,0,0,0,0,0,0,0,0
"A_Trustlag",-0.0428,0.0406,-0.0326,1,-0.0761,0.0842,-0.1201,0.1045,-0.0304,-0.0422,-0.0248,-0.122,-0.1674,-0.0243,0.0762,0.0455,0,0,0,0,0,0,0,0,0,0,0,0,0,0,0
"C_Orglag",-0.0076,0.1348,0.0096,-0.0761,1,0.1389,0.3215,-0.1288,0.3041,0.1862,-0.2247,-0.0398,0.0497,-0.2068,0.1916,0.0479,0,0,0,0,0,0,0,0,0,0,0,0,0,0,0
"C_Prdctvlag",-0.0076,-0.1135,0.1492,0.0842,0.1389,1,0.313,0.2131,0.2925,0.0852,-0.2314,-0.3513,-0.1804,-0.1017,0.1713,0.1942,0,0,0,0,0,0,0,0,0,0,0,0,0,0,0
"C_Rspnbllag",0.1021,0.0417,0.1187,-0.1201,0.3215,0.313,1,-0.1509,0.1864,0.2235,-0.2615,-0.13,-0.1328,-0.0993,0.4113,-0.0988,0,0,0,0,0,0,0,0,0,0,0,0,0,0,0
"E_Assertlag",0.0086,-0.0825,-0.0225,0.1045,-0.1288,0.2131,-0.1509,1,-0.0214,0.1367,0.1226,0.0572,-0.1137,-0.0206,-0.2529,0.3579,0,0,0,0,0,0,0,0,0,0,0,0,0,0,0
"E_EnerLevlag",0.1488,-0.1005,0.0405,-0.0304,0.3041,0.2925,0.1864,-0.0214,1,0.2426,0.037,-0.1304,-0.0437,-0.0319,0.34,0.0309,0,0,0,0,0,0,0,0,0,0,0,0,0,0,0
"E_Scbltylag",0.1653,0.0462,0.1793,-0.0422,0.1862,0.0852,0.2235,0.1367,0.2426,1,-0.2073,-0.3443,-0.1659,0.0911,0.1315,0.1516,0,0,0,0,0,0,0,0,0,0,0,0,0,0,0
"N_Anxtylag",0.3807,-0.2212,-0.0607,-0.0248,-0.2247,-0.2314,-0.2615,0.1226,0.037,-0.2073,1,0.4708,0.348,0.2107,-0.139,0.0452,0,0,0,0,0,0,0,0,0,0,0,0,0,0,0
"N_Deprlag",0.0694,-0.0561,0.0572,-0.122,-0.0398,-0.3513,-0.13,0.0572,-0.1304,-0.3443,0.4708,1,0.4617,0.0929,-0.3251,-0.1055,0,0,0,0,0,0,0,0,0,0,0,0,0,0,0
"N_EmoVollag",0.2121,-0.1232,0.1193,-0.1674,0.0497,-0.1804,-0.1328,-0.1137,-0.0437,-0.1659,0.348,0.4617,1,0.0974,-0.2508,-0.1753,0,0,0,0,0,0,0,0,0,0,0,0,0,0,0
"O_AesSenslag",-0.1346,-0.0262,0.1387,-0.0243,-0.2068,-0.1017,-0.0993,-0.0206,-0.0319,0.0911,0.2107,0.0929,0.0974,1,-0.1403,-0.0564,0,0,0,0,0,0,0,0,0,0,0,0,0,0,0
"O_CrtvImaglag",0.0606,0.0229,0.0158,0.0762,0.1916,0.1713,0.4113,-0.2529,0.34,0.1315,-0.139,-0.3251,-0.2508,-0.1403,1,-0.0583,0,0,0,0,0,0,0,0,0,0,0,0,0,0,0
"O_IntCurlag",-0.1144,-0.0616,-0.1544,0.0455,0.0479,0.1942,-0.0988,0.3579,0.0309,0.1516,0.0452,-0.1055,-0.1753,-0.0564,-0.0583,1,0,0,0,0,0,0,0,0,0,0,0,0,0,0,0
"A_Cmpn",0,0,0,0,0,0,0,0,0,0,0,0,0,0,0,0,0.9167,0,0,0,0,0,0,0,0,0,0,0,0,0,0
"A_Rspct",0,0,0,0,0,0,0,0,0,0,0,0,0,0,0,0,0,0.7497,0,0,0,0,0,0,0,0,0,0,0,0,0
"A_Trust",0,0,0,0,0,0,0,0,0,0,0,0,0,0,0,0,0,0,0.8745,0,0,0,0,0,0,0,0,0,0,0,0
"C_Org",0,0,0,0,0,0,0,0,0,0,0,0,0,0,0,0,0,0,0,0.6918,0,0,0,0,0,0,0,0,0,0,0
"C_Prdctv",0,0,0,0,0,0,0,0,0,0,0,0,0,0,0,0,0,0,0,0,0.5991,0,0,0,0,0,0,0,0,0,0
"C_Rspnbl",0,0,0,0,0,0,0,0,0,0,0,0,0,0,0,0,0,0,0,0,0,0.9996,0,0,0,0,0,0,0,0,0
"E_Assert",0,0,0,0,0,0,0,0,0,0,0,0,0,0,0,0,0,0,0,0,0,0,0.7834,0,0,0,0,0,0,0,0
"E_EnerLev",0,0,0,0,0,0,0,0,0,0,0,0,0,0,0,0,0,0,0,0,0,0,0,0.8655,0,0,0,0,0,0,0
"E_Scblty",0,0,0,0,0,0,0,0,0,0,0,0,0,0,0,0,0,0,0,0,0,0,0,0,0.7241,0,0,0,0,0,0
"N_Anxty",0,0,0,0,0,0,0,0,0,0,0,0,0,0,0,0,0,0,0,0,0,0,0,0,0,0.6852,0,0,0,0,0
"N_Depr",0,0,0,0,0,0,0,0,0,0,0,0,0,0,0,0,0,0,0,0,0,0,0,0,0,0,0.7794,0,0,0,0
"N_EmoVol",0,0,0,0,0,0,0,0,0,0,0,0,0,0,0,0,0,0,0,0,0,0,0,0,0,0,0,0.55,0,0,0
"O_AesSens",0,0,0,0,0,0,0,0,0,0,0,0,0,0,0,0,0,0,0,0,0,0,0,0,0,0,0,0,0.5804,0,0
"O_CrtvImag",0,0,0,0,0,0,0,0,0,0,0,0,0,0,0,0,0,0,0,0,0,0,0,0,0,0,0,0,0,0.6962,0
"O_IntCur",0,0,0,0,0,0,0,0,0,0,0,0,0,0,0,0,0,0,0,0,0,0,0,0,0,0,0,0,0,0,0.8328
