"","cumsumT","A_Cmpnlag","A_Rspctlag","A_Trustlag","C_Orglag","C_Prdctvlag","C_Rspnbllag","E_Assertlag","E_EnerLevlag","E_Scbltylag","N_Anxtylag","N_Deprlag","N_EmoVollag","O_AesSenslag","O_CrtvImaglag","O_IntCurlag","A_Cmpn","A_Rspct","A_Trust","C_Org","C_Prdctv","C_Rspnbl","E_Assert","E_EnerLev","E_Scblty","N_Anxty","N_Depr","N_EmoVol","O_AesSens","O_CrtvImag","O_IntCur"
"cumsumT",0.9669,-0.2676,-0.3598,-0.4722,-0.3506,-0.4168,-0.2632,-0.4098,-0.0969,0.0405,0.2819,0.6409,0.3509,-0.2019,-0.1589,-0.1705,0,0,0,0,0,0,0,0,0,0,0,0,0,0,0
"A_Cmpnlag",-0.2676,0.9971,0.3948,0.3707,0.3186,0.0363,0.5831,0.3705,0.0015,0.1326,-0.2997,-0.3205,-0.1428,-0.1371,0.047,0.1638,0,0,0,0,0,0,0,0,0,0,0,0,0,0,0
"A_Rspctlag",-0.3598,0.3948,1.181,0.1717,-0.0825,0.1982,-0.0144,0.5227,0.2626,-0.0399,-0.1164,-0.2002,-0.1094,0.1906,0.0831,0.0516,0,0,0,0,0,0,0,0,0,0,0,0,0,0,0
"A_Trustlag",-0.4722,0.3707,0.1717,1.1196,0.5168,0.2548,0.3062,0.2233,0.2493,-0.225,-0.3131,-0.5639,-0.266,0.1065,0.103,0.3358,0,0,0,0,0,0,0,0,0,0,0,0,0,0,0
"C_Orglag",-0.3506,0.3186,-0.0825,0.5168,1.0328,0.179,0.4206,0.1962,-0.0299,-0.152,-0.2255,-0.3067,-0.0361,-0.0654,0.0517,0.0233,0,0,0,0,0,0,0,0,0,0,0,0,0,0,0
"C_Prdctvlag",-0.4168,0.0363,0.1982,0.2548,0.179,1.031,0.0784,0.2321,0.3235,-0.0135,0.0157,-0.4362,-0.2802,-0.0198,-0.1409,0.2859,0,0,0,0,0,0,0,0,0,0,0,0,0,0,0
"C_Rspnbllag",-0.2632,0.5831,-0.0144,0.3062,0.4206,0.0784,1.0873,0.3272,-0.1363,-0.0364,-0.1049,-0.1071,0.0334,-0.3199,0.1527,-7e-04,0,0,0,0,0,0,0,0,0,0,0,0,0,0,0
"E_Assertlag",-0.4098,0.3705,0.5227,0.2233,0.1962,0.2321,0.3272,0.9674,0.116,0.0449,-0.2955,-0.4276,-0.3162,0.0313,0.0565,0.0178,0,0,0,0,0,0,0,0,0,0,0,0,0,0,0
"E_EnerLevlag",-0.0969,0.0015,0.2626,0.2493,-0.0299,0.3235,-0.1363,0.116,1.0138,0.3247,-0.0589,-0.2396,-0.1118,0.3034,0.2435,0.2621,0,0,0,0,0,0,0,0,0,0,0,0,0,0,0
"E_Scbltylag",0.0405,0.1326,-0.0399,-0.225,-0.152,-0.0135,-0.0364,0.0449,0.3247,1.0546,-0.2022,-0.149,-0.1149,-0.0154,0.1771,0.141,0,0,0,0,0,0,0,0,0,0,0,0,0,0,0
"N_Anxtylag",0.2819,-0.2997,-0.1164,-0.3131,-0.2255,0.0157,-0.1049,-0.2955,-0.0589,-0.2022,1.0303,0.5274,0.4179,0.0504,-0.2198,-0.2373,0,0,0,0,0,0,0,0,0,0,0,0,0,0,0
"N_Deprlag",0.6409,-0.3205,-0.2002,-0.5639,-0.3067,-0.4362,-0.1071,-0.4276,-0.2396,-0.149,0.5274,1.0873,0.5335,-0.1642,-0.1153,-0.2502,0,0,0,0,0,0,0,0,0,0,0,0,0,0,0
"N_EmoVollag",0.3509,-0.1428,-0.1094,-0.266,-0.0361,-0.2802,0.0334,-0.3162,-0.1118,-0.1149,0.4179,0.5335,0.9766,-0.0881,-0.0559,-0.3556,0,0,0,0,0,0,0,0,0,0,0,0,0,0,0
"O_AesSenslag",-0.2019,-0.1371,0.1906,0.1065,-0.0654,-0.0198,-0.3199,0.0313,0.3034,-0.0154,0.0504,-0.1642,-0.0881,1.0147,0.1735,0.2496,0,0,0,0,0,0,0,0,0,0,0,0,0,0,0
"O_CrtvImaglag",-0.1589,0.047,0.0831,0.103,0.0517,-0.1409,0.1527,0.0565,0.2435,0.1771,-0.2198,-0.1153,-0.0559,0.1735,0.9185,0.2903,0,0,0,0,0,0,0,0,0,0,0,0,0,0,0
"O_IntCurlag",-0.1705,0.1638,0.0516,0.3358,0.0233,0.2859,-7e-04,0.0178,0.2621,0.141,-0.2373,-0.2502,-0.3556,0.2496,0.2903,0.994,0,0,0,0,0,0,0,0,0,0,0,0,0,0,0
"A_Cmpn",0,0,0,0,0,0,0,0,0,0,0,0,0,0,0,0,0.9208,0,0,0,0,0,0,0,0,0,0,0,0,0,0
"A_Rspct",0,0,0,0,0,0,0,0,0,0,0,0,0,0,0,0,0,0.6794,0,0,0,0,0,0,0,0,0,0,0,0,0
"A_Trust",0,0,0,0,0,0,0,0,0,0,0,0,0,0,0,0,0,0,0.6045,0,0,0,0,0,0,0,0,0,0,0,0
"C_Org",0,0,0,0,0,0,0,0,0,0,0,0,0,0,0,0,0,0,0,0.2677,0,0,0,0,0,0,0,0,0,0,0
"C_Prdctv",0,0,0,0,0,0,0,0,0,0,0,0,0,0,0,0,0,0,0,0,0.7613,0,0,0,0,0,0,0,0,0,0
"C_Rspnbl",0,0,0,0,0,0,0,0,0,0,0,0,0,0,0,0,0,0,0,0,0,6e-04,0,0,0,0,0,0,0,0,0
"E_Assert",0,0,0,0,0,0,0,0,0,0,0,0,0,0,0,0,0,0,0,0,0,0,0.5135,0,0,0,0,0,0,0,0
"E_EnerLev",0,0,0,0,0,0,0,0,0,0,0,0,0,0,0,0,0,0,0,0,0,0,0,0.185,0,0,0,0,0,0,0
"E_Scblty",0,0,0,0,0,0,0,0,0,0,0,0,0,0,0,0,0,0,0,0,0,0,0,0,0.1079,0,0,0,0,0,0
"N_Anxty",0,0,0,0,0,0,0,0,0,0,0,0,0,0,0,0,0,0,0,0,0,0,0,0,0,0.3616,0,0,0,0,0
"N_Depr",0,0,0,0,0,0,0,0,0,0,0,0,0,0,0,0,0,0,0,0,0,0,0,0,0,0,2.9581,0,0,0,0
"N_EmoVol",0,0,0,0,0,0,0,0,0,0,0,0,0,0,0,0,0,0,0,0,0,0,0,0,0,0,0,0.6481,0,0,0
"O_AesSens",0,0,0,0,0,0,0,0,0,0,0,0,0,0,0,0,0,0,0,0,0,0,0,0,0,0,0,0,0.3996,0,0
"O_CrtvImag",0,0,0,0,0,0,0,0,0,0,0,0,0,0,0,0,0,0,0,0,0,0,0,0,0,0,0,0,0,0.2413,0
"O_IntCur",0,0,0,0,0,0,0,0,0,0,0,0,0,0,0,0,0,0,0,0,0,0,0,0,0,0,0,0,0,0,0.0252
