"","cumsumT","A_Cmpnlag","A_Rspctlag","A_Trustlag","C_Orglag","C_Prdctvlag","C_Rspnbllag","E_Assertlag","E_EnerLevlag","E_Scbltylag","N_Anxtylag","N_Deprlag","N_EmoVollag","O_AesSenslag","O_CrtvImaglag","O_IntCurlag","A_Cmpn","A_Rspct","A_Trust","C_Org","C_Prdctv","C_Rspnbl","E_Assert","E_EnerLev","E_Scblty","N_Anxty","N_Depr","N_EmoVol","O_AesSens","O_CrtvImag","O_IntCur"
"cumsumT",0.9451,-0.2598,-0.4087,-0.3201,-0.2843,-0.3679,-0.2739,-0.4784,-0.0452,-0.0723,0.2058,0.5972,0.3698,-0.1906,-0.1983,-0.1071,0,0,0,0,0,0,0,0,0,0,0,0,0,0,0
"A_Cmpnlag",-0.2598,0.9997,0.3798,0.3227,0.2888,0.017,0.5628,0.3438,0.022,0.2284,-0.3096,-0.3435,-0.1754,-0.1035,0.1061,0.2342,0,0,0,0,0,0,0,0,0,0,0,0,0,0,0
"A_Rspctlag",-0.4087,0.3798,0.9997,0.1362,0.0113,0.1719,0.1142,0.5297,0.1898,0.0872,-0.1987,-0.32,-0.1924,0.1396,0.1861,0.1412,0,0,0,0,0,0,0,0,0,0,0,0,0,0,0
"A_Trustlag",-0.3201,0.3227,0.1362,0.9285,0.4359,0.1619,0.2929,0.2444,0.229,-0.0484,-0.2148,-0.4463,-0.248,0.0334,0.1215,0.2572,0,0,0,0,0,0,0,0,0,0,0,0,0,0,0
"C_Orglag",-0.2843,0.2888,0.0113,0.4359,0.9703,0.139,0.3508,0.2184,-0.0197,-0.1386,-0.1501,-0.2143,0.0119,-0.0591,0.0292,-0.0441,0,0,0,0,0,0,0,0,0,0,0,0,0,0,0
"C_Prdctvlag",-0.3679,0.017,0.1719,0.1619,0.139,0.9459,0.0999,0.2228,0.2563,0.0493,0.0708,-0.3811,-0.2652,-0.0508,-0.1282,0.2329,0,0,0,0,0,0,0,0,0,0,0,0,0,0,0
"C_Rspnbllag",-0.2739,0.5628,0.1142,0.2929,0.3508,0.0999,0.9999,0.3206,-0.0693,-0.0627,-0.0966,-0.1007,0.0706,-0.2066,0.1918,0.0459,0,0,0,0,0,0,0,0,0,0,0,0,0,0,0
"E_Assertlag",-0.4784,0.3438,0.5297,0.2444,0.2184,0.2228,0.3206,0.9984,0.1215,0.047,-0.3527,-0.5156,-0.34,0.1187,0.1132,0.1109,0,0,0,0,0,0,0,0,0,0,0,0,0,0,0
"E_EnerLevlag",-0.0452,0.022,0.1898,0.229,-0.0197,0.2563,-0.0693,0.1215,0.9695,0.3781,-0.0629,-0.2459,-0.1356,0.2541,0.2729,0.2493,0,0,0,0,0,0,0,0,0,0,0,0,0,0,0
"E_Scbltylag",-0.0723,0.2284,0.0872,-0.0484,-0.1386,0.0493,-0.0627,0.047,0.3781,0.8994,-0.2751,-0.2148,-0.1345,0.0737,0.2008,0.2345,0,0,0,0,0,0,0,0,0,0,0,0,0,0,0
"N_Anxtylag",0.2058,-0.3096,-0.1987,-0.2148,-0.1501,0.0708,-0.0966,-0.3527,-0.0629,-0.2751,0.9893,0.4596,0.3998,0.0727,-0.2216,-0.1601,0,0,0,0,0,0,0,0,0,0,0,0,0,0,0
"N_Deprlag",0.5972,-0.3435,-0.32,-0.4463,-0.2143,-0.3811,-0.1007,-0.5156,-0.2459,-0.2148,0.4596,0.9998,0.5077,-0.1597,-0.1476,-0.1871,0,0,0,0,0,0,0,0,0,0,0,0,0,0,0
"N_EmoVollag",0.3698,-0.1754,-0.1924,-0.248,0.0119,-0.2652,0.0706,-0.34,-0.1356,-0.1345,0.3998,0.5077,0.997,-0.1137,-0.0721,-0.3656,0,0,0,0,0,0,0,0,0,0,0,0,0,0,0
"O_AesSenslag",-0.1906,-0.1035,0.1396,0.0334,-0.0591,-0.0508,-0.2066,0.1187,0.2541,0.0737,0.0727,-0.1597,-0.1137,0.9929,0.2248,0.2203,0,0,0,0,0,0,0,0,0,0,0,0,0,0,0
"O_CrtvImaglag",-0.1983,0.1061,0.1861,0.1215,0.0292,-0.1282,0.1918,0.1132,0.2729,0.2008,-0.2216,-0.1476,-0.0721,0.2248,0.9903,0.3036,0,0,0,0,0,0,0,0,0,0,0,0,0,0,0
"O_IntCurlag",-0.1071,0.2342,0.1412,0.2572,-0.0441,0.2329,0.0459,0.1109,0.2493,0.2345,-0.1601,-0.1871,-0.3656,0.2203,0.3036,0.9158,0,0,0,0,0,0,0,0,0,0,0,0,0,0,0
"A_Cmpn",0,0,0,0,0,0,0,0,0,0,0,0,0,0,0,0,0.4612,0,0,0,0,0,0,0,0,0,0,0,0,0,0
"A_Rspct",0,0,0,0,0,0,0,0,0,0,0,0,0,0,0,0,0,0.6307,0,0,0,0,0,0,0,0,0,0,0,0,0
"A_Trust",0,0,0,0,0,0,0,0,0,0,0,0,0,0,0,0,0,0,0.5521,0,0,0,0,0,0,0,0,0,0,0,0
"C_Org",0,0,0,0,0,0,0,0,0,0,0,0,0,0,0,0,0,0,0,0.3366,0,0,0,0,0,0,0,0,0,0,0
"C_Prdctv",0,0,0,0,0,0,0,0,0,0,0,0,0,0,0,0,0,0,0,0,0.6378,0,0,0,0,0,0,0,0,0,0
"C_Rspnbl",0,0,0,0,0,0,0,0,0,0,0,0,0,0,0,0,0,0,0,0,0,0.5501,0,0,0,0,0,0,0,0,0
"E_Assert",0,0,0,0,0,0,0,0,0,0,0,0,0,0,0,0,0,0,0,0,0,0,0.6515,0,0,0,0,0,0,0,0
"E_EnerLev",0,0,0,0,0,0,0,0,0,0,0,0,0,0,0,0,0,0,0,0,0,0,0,0.7713,0,0,0,0,0,0,0
"E_Scblty",0,0,0,0,0,0,0,0,0,0,0,0,0,0,0,0,0,0,0,0,0,0,0,0,0.4988,0,0,0,0,0,0
"N_Anxty",0,0,0,0,0,0,0,0,0,0,0,0,0,0,0,0,0,0,0,0,0,0,0,0,0,0.5975,0,0,0,0,0
"N_Depr",0,0,0,0,0,0,0,0,0,0,0,0,0,0,0,0,0,0,0,0,0,0,0,0,0,0,0.5249,0,0,0,0
"N_EmoVol",0,0,0,0,0,0,0,0,0,0,0,0,0,0,0,0,0,0,0,0,0,0,0,0,0,0,0,0.6243,0,0,0
"O_AesSens",0,0,0,0,0,0,0,0,0,0,0,0,0,0,0,0,0,0,0,0,0,0,0,0,0,0,0,0,0.9503,0,0
"O_CrtvImag",0,0,0,0,0,0,0,0,0,0,0,0,0,0,0,0,0,0,0,0,0,0,0,0,0,0,0,0,0,0.6172,0
"O_IntCur",0,0,0,0,0,0,0,0,0,0,0,0,0,0,0,0,0,0,0,0,0,0,0,0,0,0,0,0,0,0,0.7016
