"","cumsumT","A_Cmpnlag","A_Rspctlag","A_Trustlag","C_Orglag","C_Prdctvlag","C_Rspnbllag","E_Assertlag","E_EnerLevlag","E_Scbltylag","N_Anxtylag","N_Deprlag","N_EmoVollag","O_AesSenslag","O_CrtvImaglag","O_IntCurlag","A_Cmpn","A_Rspct","A_Trust","C_Org","C_Prdctv","C_Rspnbl","E_Assert","E_EnerLev","E_Scblty","N_Anxty","N_Depr","N_EmoVol","O_AesSens","O_CrtvImag","O_IntCur"
"cumsumT",0.9361,0.0038,-0.1872,-0.0344,0.0444,0.2836,0.3611,0.1203,0.2379,-0.0182,0.0799,0.0102,-0.0884,0.0391,-0.1894,0.2181,0,0,0,0,0,0,0,0,0,0,0,0,0,0,0
"A_Cmpnlag",0.0038,0.9993,-0.0075,0.445,0.3115,0.0623,0.1142,-0.0016,0.1511,0.0671,0.0032,-0.0477,-0.3523,0.1661,-0.0067,0.1887,0,0,0,0,0,0,0,0,0,0,0,0,0,0,0
"A_Rspctlag",-0.1872,-0.0075,0.9989,0.3388,0.0833,0.1827,0.1634,0.0743,0.1126,0.2455,-0.026,-0.0854,-0.1703,0.1996,0.3401,-0.2772,0,0,0,0,0,0,0,0,0,0,0,0,0,0,0
"A_Trustlag",-0.0344,0.445,0.3388,0.9701,0.3415,0.1008,0.0671,-0.1377,0.2622,0.076,-0.1669,-0.1738,-0.5156,0.2303,0.2083,-0.1839,0,0,0,0,0,0,0,0,0,0,0,0,0,0,0
"C_Orglag",0.0444,0.3115,0.0833,0.3415,1,0.2115,0.2133,0.3014,0.1546,0.0723,0.0126,-0.0873,0.1205,0.0442,0.1624,0.2202,0,0,0,0,0,0,0,0,0,0,0,0,0,0,0
"C_Prdctvlag",0.2836,0.0623,0.1827,0.1008,0.2115,0.9851,0.4436,0.2985,0.3729,0.0918,-0.0692,-0.1579,0.1027,-0.1872,0.1864,0.138,0,0,0,0,0,0,0,0,0,0,0,0,0,0,0
"C_Rspnbllag",0.3611,0.1142,0.1634,0.0671,0.2133,0.4436,0.9969,0.2835,0.4766,0.3447,-0.1736,-0.3726,-0.1165,0.0726,0.1624,0.1514,0,0,0,0,0,0,0,0,0,0,0,0,0,0,0
"E_Assertlag",0.1203,-0.0016,0.0743,-0.1377,0.3014,0.2985,0.2835,0.9584,-0.0899,0.0785,-0.1057,-0.3076,0.2051,-0.0381,0.1763,0.3926,0,0,0,0,0,0,0,0,0,0,0,0,0,0,0
"E_EnerLevlag",0.2379,0.1511,0.1126,0.2622,0.1546,0.3729,0.4766,-0.0899,0.9802,0.4961,-0.1191,-0.185,-0.007,0.2001,0.197,-0.0362,0,0,0,0,0,0,0,0,0,0,0,0,0,0,0
"E_Scbltylag",-0.0182,0.0671,0.2455,0.076,0.0723,0.0918,0.3447,0.0785,0.4961,0.9635,-0.1277,-0.1767,0.0155,-0.0234,0.2799,-0.1169,0,0,0,0,0,0,0,0,0,0,0,0,0,0,0
"N_Anxtylag",0.0799,0.0032,-0.026,-0.1669,0.0126,-0.0692,-0.1736,-0.1057,-0.1191,-0.1277,1,0.4702,0.1149,-0.211,-0.2978,-0.0907,0,0,0,0,0,0,0,0,0,0,0,0,0,0,0
"N_Deprlag",0.0102,-0.0477,-0.0854,-0.1738,-0.0873,-0.1579,-0.3726,-0.3076,-0.185,-0.1767,0.4702,0.9782,0.162,-0.1484,-0.23,-0.1576,0,0,0,0,0,0,0,0,0,0,0,0,0,0,0
"N_EmoVollag",-0.0884,-0.3523,-0.1703,-0.5156,0.1205,0.1027,-0.1165,0.2051,-0.007,0.0155,0.1149,0.162,0.9677,-0.1326,0.0273,0.0149,0,0,0,0,0,0,0,0,0,0,0,0,0,0,0
"O_AesSenslag",0.0391,0.1661,0.1996,0.2303,0.0442,-0.1872,0.0726,-0.0381,0.2001,-0.0234,-0.211,-0.1484,-0.1326,0.9871,0.0081,-0.0342,0,0,0,0,0,0,0,0,0,0,0,0,0,0,0
"O_CrtvImaglag",-0.1894,-0.0067,0.3401,0.2083,0.1624,0.1864,0.1624,0.1763,0.197,0.2799,-0.2978,-0.23,0.0273,0.0081,0.9957,0.2251,0,0,0,0,0,0,0,0,0,0,0,0,0,0,0
"O_IntCurlag",0.2181,0.1887,-0.2772,-0.1839,0.2202,0.138,0.1514,0.3926,-0.0362,-0.1169,-0.0907,-0.1576,0.0149,-0.0342,0.2251,0.9614,0,0,0,0,0,0,0,0,0,0,0,0,0,0,0
"A_Cmpn",0,0,0,0,0,0,0,0,0,0,0,0,0,0,0,0,0.6827,0,0,0,0,0,0,0,0,0,0,0,0,0,0
"A_Rspct",0,0,0,0,0,0,0,0,0,0,0,0,0,0,0,0,0,1.1518,0,0,0,0,0,0,0,0,0,0,0,0,0
"A_Trust",0,0,0,0,0,0,0,0,0,0,0,0,0,0,0,0,0,0,0.3478,0,0,0,0,0,0,0,0,0,0,0,0
"C_Org",0,0,0,0,0,0,0,0,0,0,0,0,0,0,0,0,0,0,0,0.4512,0,0,0,0,0,0,0,0,0,0,0
"C_Prdctv",0,0,0,0,0,0,0,0,0,0,0,0,0,0,0,0,0,0,0,0,1.2435,0,0,0,0,0,0,0,0,0,0
"C_Rspnbl",0,0,0,0,0,0,0,0,0,0,0,0,0,0,0,0,0,0,0,0,0,1.5407,0,0,0,0,0,0,0,0,0
"E_Assert",0,0,0,0,0,0,0,0,0,0,0,0,0,0,0,0,0,0,0,0,0,0,0.4531,0,0,0,0,0,0,0,0
"E_EnerLev",0,0,0,0,0,0,0,0,0,0,0,0,0,0,0,0,0,0,0,0,0,0,0,0.911,0,0,0,0,0,0,0
"E_Scblty",0,0,0,0,0,0,0,0,0,0,0,0,0,0,0,0,0,0,0,0,0,0,0,0,0.609,0,0,0,0,0,0
"N_Anxty",0,0,0,0,0,0,0,0,0,0,0,0,0,0,0,0,0,0,0,0,0,0,0,0,0,0.6773,0,0,0,0,0
"N_Depr",0,0,0,0,0,0,0,0,0,0,0,0,0,0,0,0,0,0,0,0,0,0,0,0,0,0,0.8051,0,0,0,0
"N_EmoVol",0,0,0,0,0,0,0,0,0,0,0,0,0,0,0,0,0,0,0,0,0,0,0,0,0,0,0,0.3466,0,0,0
"O_AesSens",0,0,0,0,0,0,0,0,0,0,0,0,0,0,0,0,0,0,0,0,0,0,0,0,0,0,0,0,0.6933,0,0
"O_CrtvImag",0,0,0,0,0,0,0,0,0,0,0,0,0,0,0,0,0,0,0,0,0,0,0,0,0,0,0,0,0,0.7057,0
"O_IntCur",0,0,0,0,0,0,0,0,0,0,0,0,0,0,0,0,0,0,0,0,0,0,0,0,0,0,0,0,0,0,2.2686
