"","cumsumT","A_Cmpnlag","A_Rspctlag","A_Trustlag","C_Orglag","C_Prdctvlag","C_Rspnbllag","E_Assertlag","E_EnerLevlag","E_Scbltylag","N_Anxtylag","N_Deprlag","N_EmoVollag","O_AesSenslag","O_CrtvImaglag","O_IntCurlag","A_Cmpn","A_Rspct","A_Trust","C_Org","C_Prdctv","C_Rspnbl","E_Assert","E_EnerLev","E_Scblty","N_Anxty","N_Depr","N_EmoVol","O_AesSens","O_CrtvImag","O_IntCur"
"cumsumT",1,-0.0476,-0.1582,0.078,-0.0322,0.4409,0.3248,0.0824,0.3711,-0.0546,0.017,0.0796,-0.0586,0.0095,-0.2098,0.0689,0,0,0,0,0,0,0,0,0,0,0,0,0,0,0
"A_Cmpnlag",-0.0476,1,0.0086,0.4723,0.312,-0.0146,0.0798,-0.0171,0.0558,0.0127,-0.0385,-0.1042,-0.4311,0.1647,-0.0214,0.216,0,0,0,0,0,0,0,0,0,0,0,0,0,0,0
"A_Rspctlag",-0.1582,0.0086,1,0.3382,0.0829,0.214,0.1968,0.0683,0.1425,0.2058,-0.0346,-0.1017,-0.217,0.2019,0.3169,-0.257,0,0,0,0,0,0,0,0,0,0,0,0,0,0,0
"A_Trustlag",0.078,0.4723,0.3382,1,0.3319,0.1826,0.1169,-0.1053,0.2965,0.0339,-0.1985,-0.19,-0.5565,0.1993,0.1522,-0.1781,0,0,0,0,0,0,0,0,0,0,0,0,0,0,0
"C_Orglag",-0.0322,0.312,0.0829,0.3319,1,0.1077,0.1624,0.2857,0.0761,0.0516,0.0088,-0.0871,0.066,0.0814,0.1867,0.2668,0,0,0,0,0,0,0,0,0,0,0,0,0,0,0
"C_Prdctvlag",0.4409,-0.0146,0.214,0.1826,0.1077,1,0.4549,0.2428,0.457,0.0656,-0.1248,-0.0993,0.0292,-0.1325,0.1493,0.0302,0,0,0,0,0,0,0,0,0,0,0,0,0,0,0
"C_Rspnbllag",0.3248,0.0798,0.1968,0.1169,0.1624,0.4549,1,0.2395,0.4861,0.3068,-0.2286,-0.3499,-0.1684,0.1332,0.183,0.1284,0,0,0,0,0,0,0,0,0,0,0,0,0,0,0
"E_Assertlag",0.0824,-0.0171,0.0683,-0.1053,0.2857,0.2428,0.2395,1,-0.1297,0.0742,-0.115,-0.2586,0.2113,-0.0217,0.1942,0.3442,0,0,0,0,0,0,0,0,0,0,0,0,0,0,0
"E_EnerLevlag",0.3711,0.0558,0.1425,0.2965,0.0761,0.457,0.4861,-0.1297,1,0.4607,-0.1567,-0.1179,-0.0341,0.2061,0.1519,-0.1144,0,0,0,0,0,0,0,0,0,0,0,0,0,0,0
"E_Scbltylag",-0.0546,0.0127,0.2058,0.0339,0.0516,0.0656,0.3068,0.0742,0.4607,1,-0.0856,-0.0908,0.0703,-0.0436,0.2908,-0.1186,0,0,0,0,0,0,0,0,0,0,0,0,0,0,0
"N_Anxtylag",0.017,-0.0385,-0.0346,-0.1985,0.0088,-0.1248,-0.2286,-0.115,-0.1567,-0.0856,1,0.484,0.1615,-0.2472,-0.2581,-0.104,0,0,0,0,0,0,0,0,0,0,0,0,0,0,0
"N_Deprlag",0.0796,-0.1042,-0.1017,-0.19,-0.0871,-0.0993,-0.3499,-0.2586,-0.1179,-0.0908,0.484,1,0.2524,-0.211,-0.1929,-0.1933,0,0,0,0,0,0,0,0,0,0,0,0,0,0,0
"N_EmoVollag",-0.0586,-0.4311,-0.217,-0.5565,0.066,0.0292,-0.1684,0.2113,-0.0341,0.0703,0.1615,0.2524,1,-0.1619,0.0448,-0.0302,0,0,0,0,0,0,0,0,0,0,0,0,0,0,0
"O_AesSenslag",0.0095,0.1647,0.2019,0.1993,0.0814,-0.1325,0.1332,-0.0217,0.2061,-0.0436,-0.2472,-0.211,-0.1619,1,0.0247,0.028,0,0,0,0,0,0,0,0,0,0,0,0,0,0,0
"O_CrtvImaglag",-0.2098,-0.0214,0.3169,0.1522,0.1867,0.1493,0.183,0.1942,0.1519,0.2908,-0.2581,-0.1929,0.0448,0.0247,1,0.2587,0,0,0,0,0,0,0,0,0,0,0,0,0,0,0
"O_IntCurlag",0.0689,0.216,-0.257,-0.1781,0.2668,0.0302,0.1284,0.3442,-0.1144,-0.1186,-0.104,-0.1933,-0.0302,0.028,0.2587,1,0,0,0,0,0,0,0,0,0,0,0,0,0,0,0
"A_Cmpn",0,0,0,0,0,0,0,0,0,0,0,0,0,0,0,0,0.584,0,0,0,0,0,0,0,0,0,0,0,0,0,0
"A_Rspct",0,0,0,0,0,0,0,0,0,0,0,0,0,0,0,0,0,0.2717,0,0,0,0,0,0,0,0,0,0,0,0,0
"A_Trust",0,0,0,0,0,0,0,0,0,0,0,0,0,0,0,0,0,0,0.2067,0,0,0,0,0,0,0,0,0,0,0,0
"C_Org",0,0,0,0,0,0,0,0,0,0,0,0,0,0,0,0,0,0,0,5.7112,0,0,0,0,0,0,0,0,0,0,0
"C_Prdctv",0,0,0,0,0,0,0,0,0,0,0,0,0,0,0,0,0,0,0,0,5e-04,0,0,0,0,0,0,0,0,0,0
"C_Rspnbl",0,0,0,0,0,0,0,0,0,0,0,0,0,0,0,0,0,0,0,0,0,0.3657,0,0,0,0,0,0,0,0,0
"E_Assert",0,0,0,0,0,0,0,0,0,0,0,0,0,0,0,0,0,0,0,0,0,0,0.3183,0,0,0,0,0,0,0,0
"E_EnerLev",0,0,0,0,0,0,0,0,0,0,0,0,0,0,0,0,0,0,0,0,0,0,0,0.5909,0,0,0,0,0,0,0
"E_Scblty",0,0,0,0,0,0,0,0,0,0,0,0,0,0,0,0,0,0,0,0,0,0,0,0,0.6834,0,0,0,0,0,0
"N_Anxty",0,0,0,0,0,0,0,0,0,0,0,0,0,0,0,0,0,0,0,0,0,0,0,0,0,0.5973,0,0,0,0,0
"N_Depr",0,0,0,0,0,0,0,0,0,0,0,0,0,0,0,0,0,0,0,0,0,0,0,0,0,0,0.4673,0,0,0,0
"N_EmoVol",0,0,0,0,0,0,0,0,0,0,0,0,0,0,0,0,0,0,0,0,0,0,0,0,0,0,0,0.1699,0,0,0
"O_AesSens",0,0,0,0,0,0,0,0,0,0,0,0,0,0,0,0,0,0,0,0,0,0,0,0,0,0,0,0,0.5358,0,0
"O_CrtvImag",0,0,0,0,0,0,0,0,0,0,0,0,0,0,0,0,0,0,0,0,0,0,0,0,0,0,0,0,0,0.1929,0
"O_IntCur",0,0,0,0,0,0,0,0,0,0,0,0,0,0,0,0,0,0,0,0,0,0,0,0,0,0,0,0,0,0,0.0223
