"","cumsumT","A_Cmpnlag","A_Rspctlag","A_Trustlag","C_Orglag","C_Prdctvlag","C_Rspnbllag","E_Assertlag","E_EnerLevlag","E_Scbltylag","N_Anxtylag","N_Deprlag","N_EmoVollag","O_AesSenslag","O_CrtvImaglag","O_IntCurlag","A_Cmpn","A_Rspct","A_Trust","C_Org","C_Prdctv","C_Rspnbl","E_Assert","E_EnerLev","E_Scblty","N_Anxty","N_Depr","N_EmoVol","O_AesSens","O_CrtvImag","O_IntCur"
"cumsumT",0.9285,0.186,0.3446,0.2848,0.1949,0.1747,0.3191,0.2639,0.1414,0.1724,-0.2441,-0.2836,-0.1443,0.0893,0.2838,0.4269,0,0,0,0,0,0,0,0,0,0,0,0,0,0,0
"A_Cmpnlag",0.186,0.9943,0.2296,0.0881,-0.2019,0.1344,0.0341,0.0601,0.1655,0.088,-0.1012,-0.3922,-0.2456,0.1649,0.4855,0.2902,0,0,0,0,0,0,0,0,0,0,0,0,0,0,0
"A_Rspctlag",0.3446,0.2296,0.9992,-0.2137,0.2642,0.2616,0.355,0.1336,0.4997,0.3329,-0.2249,-0.2705,-0.1471,0.2358,0.2349,-0.0298,0,0,0,0,0,0,0,0,0,0,0,0,0,0,0
"A_Trustlag",0.2848,0.0881,-0.2137,0.998,-0.0275,-0.0332,-0.1338,-0.0461,-0.0675,-0.135,-0.0361,-0.1181,-0.1536,0.0146,-0.0699,0.0581,0,0,0,0,0,0,0,0,0,0,0,0,0,0,0
"C_Orglag",0.1949,-0.2019,0.2642,-0.0275,0.9942,0.1178,0.4068,0.0428,0.193,0.0912,-0.0734,0.0096,-0.0101,0.0791,-0.0495,0.0903,0,0,0,0,0,0,0,0,0,0,0,0,0,0,0
"C_Prdctvlag",0.1747,0.1344,0.2616,-0.0332,0.1178,0.9671,0.2774,0.1017,0.362,0.2679,0.0178,-0.1744,-0.2377,0.0646,0.0181,-0.0457,0,0,0,0,0,0,0,0,0,0,0,0,0,0,0
"C_Rspnbllag",0.3191,0.0341,0.355,-0.1338,0.4068,0.2774,0.9955,0.2354,0.226,0.4545,-0.3359,-0.2158,0.0567,-0.0694,0.1074,0.1574,0,0,0,0,0,0,0,0,0,0,0,0,0,0,0
"E_Assertlag",0.2639,0.0601,0.1336,-0.0461,0.0428,0.1017,0.2354,0.9871,-0.0922,0.1806,0.2157,-0.1516,0.034,0.0675,0.1976,0.0699,0,0,0,0,0,0,0,0,0,0,0,0,0,0,0
"E_EnerLevlag",0.1414,0.1655,0.4997,-0.0675,0.193,0.362,0.226,-0.0922,0.998,0.5085,-0.306,-0.3736,-0.1732,0.2695,0.2877,0.1328,0,0,0,0,0,0,0,0,0,0,0,0,0,0,0
"E_Scbltylag",0.1724,0.088,0.3329,-0.135,0.0912,0.2679,0.4545,0.1806,0.5085,0.9981,-0.246,-0.3153,-0.0311,0.047,0.3343,0.1788,0,0,0,0,0,0,0,0,0,0,0,0,0,0,0
"N_Anxtylag",-0.2441,-0.1012,-0.2249,-0.0361,-0.0734,0.0178,-0.3359,0.2157,-0.306,-0.246,0.9977,0.2793,0.299,-0.0312,-0.1109,-0.1869,0,0,0,0,0,0,0,0,0,0,0,0,0,0,0
"N_Deprlag",-0.2836,-0.3922,-0.2705,-0.1181,0.0096,-0.1744,-0.2158,-0.1516,-0.3736,-0.3153,0.2793,0.9971,0.4661,-0.2513,-0.3729,-0.0777,0,0,0,0,0,0,0,0,0,0,0,0,0,0,0
"N_EmoVollag",-0.1443,-0.2456,-0.1471,-0.1536,-0.0101,-0.2377,0.0567,0.034,-0.1732,-0.0311,0.299,0.4661,0.9726,-0.2955,-0.1273,0.0891,0,0,0,0,0,0,0,0,0,0,0,0,0,0,0
"O_AesSenslag",0.0893,0.1649,0.2358,0.0146,0.0791,0.0646,-0.0694,0.0675,0.2695,0.047,-0.0312,-0.2513,-0.2955,0.9956,0.295,-0.1116,0,0,0,0,0,0,0,0,0,0,0,0,0,0,0
"O_CrtvImaglag",0.2838,0.4855,0.2349,-0.0699,-0.0495,0.0181,0.1074,0.1976,0.2877,0.3343,-0.1109,-0.3729,-0.1273,0.295,0.9937,0.2915,0,0,0,0,0,0,0,0,0,0,0,0,0,0,0
"O_IntCurlag",0.4269,0.2902,-0.0298,0.0581,0.0903,-0.0457,0.1574,0.0699,0.1328,0.1788,-0.1869,-0.0777,0.0891,-0.1116,0.2915,0.9962,0,0,0,0,0,0,0,0,0,0,0,0,0,0,0
"A_Cmpn",0,0,0,0,0,0,0,0,0,0,0,0,0,0,0,0,0.6708,0,0,0,0,0,0,0,0,0,0,0,0,0,0
"A_Rspct",0,0,0,0,0,0,0,0,0,0,0,0,0,0,0,0,0,0.3607,0,0,0,0,0,0,0,0,0,0,0,0,0
"A_Trust",0,0,0,0,0,0,0,0,0,0,0,0,0,0,0,0,0,0,0.5959,0,0,0,0,0,0,0,0,0,0,0,0
"C_Org",0,0,0,0,0,0,0,0,0,0,0,0,0,0,0,0,0,0,0,0.7469,0,0,0,0,0,0,0,0,0,0,0
"C_Prdctv",0,0,0,0,0,0,0,0,0,0,0,0,0,0,0,0,0,0,0,0,0.835,0,0,0,0,0,0,0,0,0,0
"C_Rspnbl",0,0,0,0,0,0,0,0,0,0,0,0,0,0,0,0,0,0,0,0,0,0.6964,0,0,0,0,0,0,0,0,0
"E_Assert",0,0,0,0,0,0,0,0,0,0,0,0,0,0,0,0,0,0,0,0,0,0,0.9636,0,0,0,0,0,0,0,0
"E_EnerLev",0,0,0,0,0,0,0,0,0,0,0,0,0,0,0,0,0,0,0,0,0,0,0,0.4136,0,0,0,0,0,0,0
"E_Scblty",0,0,0,0,0,0,0,0,0,0,0,0,0,0,0,0,0,0,0,0,0,0,0,0,0.7009,0,0,0,0,0,0
"N_Anxty",0,0,0,0,0,0,0,0,0,0,0,0,0,0,0,0,0,0,0,0,0,0,0,0,0,0.7917,0,0,0,0,0
"N_Depr",0,0,0,0,0,0,0,0,0,0,0,0,0,0,0,0,0,0,0,0,0,0,0,0,0,0,0.6464,0,0,0,0
"N_EmoVol",0,0,0,0,0,0,0,0,0,0,0,0,0,0,0,0,0,0,0,0,0,0,0,0,0,0,0,0.697,0,0,0
"O_AesSens",0,0,0,0,0,0,0,0,0,0,0,0,0,0,0,0,0,0,0,0,0,0,0,0,0,0,0,0,0.7832,0,0
"O_CrtvImag",0,0,0,0,0,0,0,0,0,0,0,0,0,0,0,0,0,0,0,0,0,0,0,0,0,0,0,0,0,0.6413,0
"O_IntCur",0,0,0,0,0,0,0,0,0,0,0,0,0,0,0,0,0,0,0,0,0,0,0,0,0,0,0,0,0,0,0.7098
