"","cumsumT","A_Cmpnlag","A_Rspctlag","A_Trustlag","C_Orglag","C_Prdctvlag","C_Rspnbllag","E_Assertlag","E_EnerLevlag","E_Scbltylag","N_Anxtylag","N_Deprlag","N_EmoVollag","O_AesSenslag","O_CrtvImaglag","O_IntCurlag","A_Cmpn","A_Rspct","A_Trust","C_Org","C_Prdctv","C_Rspnbl","E_Assert","E_EnerLev","E_Scblty","N_Anxty","N_Depr","N_EmoVol","O_AesSens","O_CrtvImag","O_IntCur"
"cumsumT",0.9687,-0.1142,-0.3517,-0.2519,0.0119,-0.0661,-0.0323,0.006,0.0166,-0.0221,-0.0037,0.1973,0.1538,0.0631,-0.0373,-0.0957,0,0,0,0,0,0,0,0,0,0,0,0,0,0,0
"A_Cmpnlag",-0.1142,1.0875,0.486,0.4241,0.0849,0.0774,0.2877,0.0361,0.3511,0.0896,-0.1131,-0.3093,-0.3799,0.0346,0.312,-0.0604,0,0,0,0,0,0,0,0,0,0,0,0,0,0,0
"A_Rspctlag",-0.3517,0.486,1.1086,0.3836,0.0718,0.1173,0.2549,0.2902,0.5859,0.2628,-0.2244,-0.4975,-0.4598,-0.0309,0.2986,0.2212,0,0,0,0,0,0,0,0,0,0,0,0,0,0,0
"A_Trustlag",-0.2519,0.4241,0.3836,1.0839,0.2098,0.2656,0.0163,0.0531,0.377,0.4738,-0.5583,-0.5351,-0.3976,0.0417,0.4064,0.0101,0,0,0,0,0,0,0,0,0,0,0,0,0,0,0
"C_Orglag",0.0119,0.0849,0.0718,0.2098,1.0686,0.5195,0.4287,0.0233,0.3403,0.1931,-0.4076,-0.2342,-0.193,-0.3281,0.1727,0.0464,0,0,0,0,0,0,0,0,0,0,0,0,0,0,0
"C_Prdctvlag",-0.0661,0.0774,0.1173,0.2656,0.5195,1.1035,0.4787,0.3287,0.3054,0.3027,-0.4143,-0.5196,-0.2318,-0.2835,0.2792,0.138,0,0,0,0,0,0,0,0,0,0,0,0,0,0,0
"C_Rspnbllag",-0.0323,0.2877,0.2549,0.0163,0.4287,0.4787,1.1439,0.0296,0.4111,0.0996,-0.2744,-0.3204,-0.2145,-0.5976,0.113,0.0776,0,0,0,0,0,0,0,0,0,0,0,0,0,0,0
"E_Assertlag",0.006,0.0361,0.2902,0.0531,0.0233,0.3287,0.0296,0.9591,0.1913,0.2151,-0.0504,-0.2763,-0.2617,0.0689,0.1844,0.074,0,0,0,0,0,0,0,0,0,0,0,0,0,0,0
"E_EnerLevlag",0.0166,0.3511,0.5859,0.377,0.3403,0.3054,0.4111,0.1913,1.2311,0.705,-0.7286,-0.8577,-0.6186,-0.238,0.5192,0.2997,0,0,0,0,0,0,0,0,0,0,0,0,0,0,0
"E_Scbltylag",-0.0221,0.0896,0.2628,0.4738,0.1931,0.3027,0.0996,0.2151,0.705,1.2044,-0.7716,-0.7067,-0.4913,-0.1439,0.2567,0.1464,0,0,0,0,0,0,0,0,0,0,0,0,0,0,0
"N_Anxtylag",-0.0037,-0.1131,-0.2244,-0.5583,-0.4076,-0.4143,-0.2744,-0.0504,-0.7286,-0.7716,1.225,0.8136,0.665,0.2062,-0.4467,-0.2452,0,0,0,0,0,0,0,0,0,0,0,0,0,0,0
"N_Deprlag",0.1973,-0.3093,-0.4975,-0.5351,-0.2342,-0.5196,-0.3204,-0.2763,-0.8577,-0.7067,0.8136,1.0893,0.7285,0.2254,-0.5271,-0.2366,0,0,0,0,0,0,0,0,0,0,0,0,0,0,0
"N_EmoVollag",0.1538,-0.3799,-0.4598,-0.3976,-0.193,-0.2318,-0.2145,-0.2617,-0.6186,-0.4913,0.665,0.7285,1.0734,0.0181,-0.6331,-0.3536,0,0,0,0,0,0,0,0,0,0,0,0,0,0,0
"O_AesSenslag",0.0631,0.0346,-0.0309,0.0417,-0.3281,-0.2835,-0.5976,0.0689,-0.238,-0.1439,0.2062,0.2254,0.0181,1.1091,-0.0595,-0.0157,0,0,0,0,0,0,0,0,0,0,0,0,0,0,0
"O_CrtvImaglag",-0.0373,0.312,0.2986,0.4064,0.1727,0.2792,0.113,0.1844,0.5192,0.2567,-0.4467,-0.5271,-0.6331,-0.0595,0.9486,0.3377,0,0,0,0,0,0,0,0,0,0,0,0,0,0,0
"O_IntCurlag",-0.0957,-0.0604,0.2212,0.0101,0.0464,0.138,0.0776,0.074,0.2997,0.1464,-0.2452,-0.2366,-0.3536,-0.0157,0.3377,1.0737,0,0,0,0,0,0,0,0,0,0,0,0,0,0,0
"A_Cmpn",0,0,0,0,0,0,0,0,0,0,0,0,0,0,0,0,0.779,0,0,0,0,0,0,0,0,0,0,0,0,0,0
"A_Rspct",0,0,0,0,0,0,0,0,0,0,0,0,0,0,0,0,0,0,0,0,0,0,0,0,0,0,0,0,0,0,0
"A_Trust",0,0,0,0,0,0,0,0,0,0,0,0,0,0,0,0,0,0,0.0238,0,0,0,0,0,0,0,0,0,0,0,0
"C_Org",0,0,0,0,0,0,0,0,0,0,0,0,0,0,0,0,0,0,0,0.8004,0,0,0,0,0,0,0,0,0,0,0
"C_Prdctv",0,0,0,0,0,0,0,0,0,0,0,0,0,0,0,0,0,0,0,0,0.1553,0,0,0,0,0,0,0,0,0,0
"C_Rspnbl",0,0,0,0,0,0,0,0,0,0,0,0,0,0,0,0,0,0,0,0,0,0.5573,0,0,0,0,0,0,0,0,0
"E_Assert",0,0,0,0,0,0,0,0,0,0,0,0,0,0,0,0,0,0,0,0,0,0,0.842,0,0,0,0,0,0,0,0
"E_EnerLev",0,0,0,0,0,0,0,0,0,0,0,0,0,0,0,0,0,0,0,0,0,0,0,0.1793,0,0,0,0,0,0,0
"E_Scblty",0,0,0,0,0,0,0,0,0,0,0,0,0,0,0,0,0,0,0,0,0,0,0,0,0.5169,0,0,0,0,0,0
"N_Anxty",0,0,0,0,0,0,0,0,0,0,0,0,0,0,0,0,0,0,0,0,0,0,0,0,0,0.5391,0,0,0,0,0
"N_Depr",0,0,0,0,0,0,0,0,0,0,0,0,0,0,0,0,0,0,0,0,0,0,0,0,0,0,0.2938,0,0,0,0
"N_EmoVol",0,0,0,0,0,0,0,0,0,0,0,0,0,0,0,0,0,0,0,0,0,0,0,0,0,0,0,0.266,0,0,0
"O_AesSens",0,0,0,0,0,0,0,0,0,0,0,0,0,0,0,0,0,0,0,0,0,0,0,0,0,0,0,0,0.4228,0,0
"O_CrtvImag",0,0,0,0,0,0,0,0,0,0,0,0,0,0,0,0,0,0,0,0,0,0,0,0,0,0,0,0,0,0.4724,0
"O_IntCur",0,0,0,0,0,0,0,0,0,0,0,0,0,0,0,0,0,0,0,0,0,0,0,0,0,0,0,0,0,0,0.7038
