"","cumsumT","A_Cmpnlag","A_Rspctlag","A_Trustlag","C_Orglag","C_Prdctvlag","C_Rspnbllag","E_Assertlag","E_EnerLevlag","E_Scbltylag","N_Anxtylag","N_Deprlag","N_EmoVollag","O_AesSenslag","O_CrtvImaglag","O_IntCurlag","A_Cmpn","A_Rspct","A_Trust","C_Org","C_Prdctv","C_Rspnbl","E_Assert","E_EnerLev","E_Scblty","N_Anxty","N_Depr","N_EmoVol","O_AesSens","O_CrtvImag","O_IntCur"
"cumsumT",0.9388,-0.1184,-0.2498,-0.2487,0.1368,0.0084,-0.0366,0.0431,0.0914,-0.0109,-0.048,0.1391,0.0161,0.1095,0.0547,-0.0103,0,0,0,0,0,0,0,0,0,0,0,0,0,0,0
"A_Cmpnlag",-0.1184,0.9727,0.4103,0.3461,0.0351,0.0594,0.1709,0.0181,0.2439,0.0207,-0.056,-0.2473,-0.3234,0.1034,0.2513,-0.142,0,0,0,0,0,0,0,0,0,0,0,0,0,0,0
"A_Rspctlag",-0.2498,0.4103,0.9885,0.3109,-0.0148,0.0911,0.1584,0.2917,0.4393,0.2064,-0.1262,-0.3932,-0.3131,0.0328,0.1935,0.1188,0,0,0,0,0,0,0,0,0,0,0,0,0,0,0
"A_Trustlag",-0.2487,0.3461,0.3109,0.9745,0.0717,0.1403,-0.121,0.0162,0.231,0.2988,-0.4163,-0.4309,-0.3427,0.1622,0.3391,-0.0867,0,0,0,0,0,0,0,0,0,0,0,0,0,0,0
"C_Orglag",0.1368,0.0351,-0.0148,0.0717,0.9995,0.4269,0.2601,0.0362,0.1662,0.016,-0.2366,-0.1058,-0.1264,-0.1639,0.1323,0.0085,0,0,0,0,0,0,0,0,0,0,0,0,0,0,0
"C_Prdctvlag",0.0084,0.0594,0.0911,0.1403,0.4269,0.999,0.3575,0.3352,0.1894,0.0845,-0.2548,-0.436,-0.2183,-0.1465,0.31,0.1852,0,0,0,0,0,0,0,0,0,0,0,0,0,0,0
"C_Rspnbllag",-0.0366,0.1709,0.1584,-0.121,0.2601,0.3575,1,-2e-04,0.2044,-0.0299,-0.1,-0.1806,-0.0757,-0.4605,-0.0256,-0.0062,0,0,0,0,0,0,0,0,0,0,0,0,0,0,0
"E_Assertlag",0.0431,0.0181,0.2917,0.0162,0.0362,0.3352,-2e-04,0.9925,0.1967,0.169,-0.0411,-0.282,-0.298,0.1028,0.2315,0.1059,0,0,0,0,0,0,0,0,0,0,0,0,0,0,0
"E_EnerLevlag",0.0914,0.2439,0.4393,0.231,0.1662,0.1894,0.2044,0.1967,0.999,0.5276,-0.5106,-0.7063,-0.477,-0.0958,0.4059,0.1356,0,0,0,0,0,0,0,0,0,0,0,0,0,0,0
"E_Scbltylag",-0.0109,0.0207,0.2064,0.2988,0.016,0.0845,-0.0299,0.169,0.5276,0.9907,-0.5507,-0.557,-0.4329,-0.0177,0.18,0.0881,0,0,0,0,0,0,0,0,0,0,0,0,0,0,0
"N_Anxtylag",-0.048,-0.056,-0.1262,-0.4163,-0.2366,-0.2548,-0.1,-0.0411,-0.5106,-0.5507,0.9998,0.6676,0.5728,0.0656,-0.3527,-0.1293,0,0,0,0,0,0,0,0,0,0,0,0,0,0,0
"N_Deprlag",0.1391,-0.2473,-0.3932,-0.4309,-0.1058,-0.436,-0.1806,-0.282,-0.7063,-0.557,0.6676,1,0.6536,0.1243,-0.4664,-0.1291,0,0,0,0,0,0,0,0,0,0,0,0,0,0,0
"N_EmoVollag",0.0161,-0.3234,-0.3131,-0.3427,-0.1264,-0.2183,-0.0757,-0.298,-0.477,-0.4329,0.5728,0.6536,0.9849,-0.039,-0.5701,-0.2116,0,0,0,0,0,0,0,0,0,0,0,0,0,0,0
"O_AesSenslag",0.1095,0.1034,0.0328,0.1622,-0.1639,-0.1465,-0.4605,0.1028,-0.0958,-0.0177,0.0656,0.1243,-0.039,0.9733,0.031,0.0975,0,0,0,0,0,0,0,0,0,0,0,0,0,0,0
"O_CrtvImaglag",0.0547,0.2513,0.1935,0.3391,0.1323,0.31,-0.0256,0.2315,0.4059,0.18,-0.3527,-0.4664,-0.5701,0.031,0.9989,0.2379,0,0,0,0,0,0,0,0,0,0,0,0,0,0,0
"O_IntCurlag",-0.0103,-0.142,0.1188,-0.0867,0.0085,0.1852,-0.0062,0.1059,0.1356,0.0881,-0.1293,-0.1291,-0.2116,0.0975,0.2379,1,0,0,0,0,0,0,0,0,0,0,0,0,0,0,0
"A_Cmpn",0,0,0,0,0,0,0,0,0,0,0,0,0,0,0,0,0.8279,0,0,0,0,0,0,0,0,0,0,0,0,0,0
"A_Rspct",0,0,0,0,0,0,0,0,0,0,0,0,0,0,0,0,0,0.48,0,0,0,0,0,0,0,0,0,0,0,0,0
"A_Trust",0,0,0,0,0,0,0,0,0,0,0,0,0,0,0,0,0,0,0.4355,0,0,0,0,0,0,0,0,0,0,0,0
"C_Org",0,0,0,0,0,0,0,0,0,0,0,0,0,0,0,0,0,0,0,0.7075,0,0,0,0,0,0,0,0,0,0,0
"C_Prdctv",0,0,0,0,0,0,0,0,0,0,0,0,0,0,0,0,0,0,0,0,0.773,0,0,0,0,0,0,0,0,0,0
"C_Rspnbl",0,0,0,0,0,0,0,0,0,0,0,0,0,0,0,0,0,0,0,0,0,0.8613,0,0,0,0,0,0,0,0,0
"E_Assert",0,0,0,0,0,0,0,0,0,0,0,0,0,0,0,0,0,0,0,0,0,0,0.933,0,0,0,0,0,0,0,0
"E_EnerLev",0,0,0,0,0,0,0,0,0,0,0,0,0,0,0,0,0,0,0,0,0,0,0,0.7021,0,0,0,0,0,0,0
"E_Scblty",0,0,0,0,0,0,0,0,0,0,0,0,0,0,0,0,0,0,0,0,0,0,0,0,0.4994,0,0,0,0,0,0
"N_Anxty",0,0,0,0,0,0,0,0,0,0,0,0,0,0,0,0,0,0,0,0,0,0,0,0,0,0.5398,0,0,0,0,0
"N_Depr",0,0,0,0,0,0,0,0,0,0,0,0,0,0,0,0,0,0,0,0,0,0,0,0,0,0,0.2548,0,0,0,0
"N_EmoVol",0,0,0,0,0,0,0,0,0,0,0,0,0,0,0,0,0,0,0,0,0,0,0,0,0,0,0,0.5018,0,0,0
"O_AesSens",0,0,0,0,0,0,0,0,0,0,0,0,0,0,0,0,0,0,0,0,0,0,0,0,0,0,0,0,0.7482,0,0
"O_CrtvImag",0,0,0,0,0,0,0,0,0,0,0,0,0,0,0,0,0,0,0,0,0,0,0,0,0,0,0,0,0,0.6652,0
"O_IntCur",0,0,0,0,0,0,0,0,0,0,0,0,0,0,0,0,0,0,0,0,0,0,0,0,0,0,0,0,0,0,0.6563
