"","cumsumT","A_Cmpnlag","A_Rspctlag","A_Trustlag","C_Orglag","C_Prdctvlag","C_Rspnbllag","E_Assertlag","E_EnerLevlag","E_Scbltylag","N_Anxtylag","N_Deprlag","N_EmoVollag","O_AesSenslag","O_CrtvImaglag","O_IntCurlag","A_Cmpn","A_Rspct","A_Trust","C_Org","C_Prdctv","C_Rspnbl","E_Assert","E_EnerLev","E_Scblty","N_Anxty","N_Depr","N_EmoVol","O_AesSens","O_CrtvImag","O_IntCur"
"cumsumT",0.9685,0.4145,-0.0816,0.1087,-0.0111,0.0129,0.2665,0.1377,-0.2019,-0.1023,-0.2738,-0.4819,-0.2322,-0.016,0.1975,0.0059,0,0,0,0,0,0,0,0,0,0,0,0,0,0,0
"A_Cmpnlag",0.4145,1.0517,0.1963,0.2993,0.0469,0.0352,0.5517,0.4384,0.0185,-4e-04,0.0616,-0.5816,-0.5029,-0.0261,0.282,-0.2665,0,0,0,0,0,0,0,0,0,0,0,0,0,0,0
"A_Rspctlag",-0.0816,0.1963,1.0241,0.0576,0.1438,0.1029,0.3901,0.1772,0.243,-0.0322,0.432,-0.5126,-0.3671,0.1344,0.4128,-0.4048,0,0,0,0,0,0,0,0,0,0,0,0,0,0,0
"A_Trustlag",0.1087,0.2993,0.0576,1.1774,0.2762,0.0334,0.0938,0.4205,-0.0327,-0.3321,-0.3098,-0.2935,-0.3377,-0.1626,-0.0536,-0.2741,0,0,0,0,0,0,0,0,0,0,0,0,0,0,0
"C_Orglag",-0.0111,0.0469,0.1438,0.2762,1.1814,0.2893,-0.0873,0.4013,0.239,-0.0494,-0.146,-0.6026,-0.6753,0.0599,0.3773,-0.2052,0,0,0,0,0,0,0,0,0,0,0,0,0,0,0
"C_Prdctvlag",0.0129,0.0352,0.1029,0.0334,0.2893,1.0001,0.2193,0.1549,0.37,0.039,0.063,-0.097,-0.362,0.121,0.1969,0.0878,0,0,0,0,0,0,0,0,0,0,0,0,0,0,0
"C_Rspnbllag",0.2665,0.5517,0.3901,0.0938,-0.0873,0.2193,1.1775,0.5788,-0.1739,-0.3253,0.1207,-0.7633,-0.524,0.0608,0.294,-0.4084,0,0,0,0,0,0,0,0,0,0,0,0,0,0,0
"E_Assertlag",0.1377,0.4384,0.1772,0.4205,0.4013,0.1549,0.5788,1.4594,-0.2883,-0.2454,-0.2978,-1.0768,-0.7825,0.2026,0.3438,-0.4876,0,0,0,0,0,0,0,0,0,0,0,0,0,0,0
"E_EnerLevlag",-0.2019,0.0185,0.243,-0.0327,0.239,0.37,-0.1739,-0.2883,1.1949,0.2252,0.5358,0.3945,0.017,-0.0099,0.0482,0.041,0,0,0,0,0,0,0,0,0,0,0,0,0,0,0
"E_Scbltylag",-0.1023,-4e-04,-0.0322,-0.3321,-0.0494,0.039,-0.3253,-0.2454,0.2252,1.0273,0.0719,0.2353,-0.0659,-0.0047,0.0329,0.2722,0,0,0,0,0,0,0,0,0,0,0,0,0,0,0
"N_Anxtylag",-0.2738,0.0616,0.432,-0.3098,-0.146,0.063,0.1207,-0.2978,0.5358,0.0719,1.1868,0.2992,0.4248,0.2421,0.1328,-0.0533,0,0,0,0,0,0,0,0,0,0,0,0,0,0,0
"N_Deprlag",-0.4819,-0.5816,-0.5126,-0.2935,-0.6026,-0.097,-0.7633,-1.0768,0.3945,0.2353,0.2992,2.3296,1.2235,-0.0964,-0.8553,0.6394,0,0,0,0,0,0,0,0,0,0,0,0,0,0,0
"N_EmoVollag",-0.2322,-0.5029,-0.3671,-0.3377,-0.6753,-0.362,-0.524,-0.7825,0.017,-0.0659,0.4248,1.2235,1.5124,-0.0273,-0.5496,0.537,0,0,0,0,0,0,0,0,0,0,0,0,0,0,0
"O_AesSenslag",-0.016,-0.0261,0.1344,-0.1626,0.0599,0.121,0.0608,0.2026,-0.0099,-0.0047,0.2421,-0.0964,-0.0273,0.9849,0.168,0.0752,0,0,0,0,0,0,0,0,0,0,0,0,0,0,0
"O_CrtvImaglag",0.1975,0.282,0.4128,-0.0536,0.3773,0.1969,0.294,0.3438,0.0482,0.0329,0.1328,-0.8553,-0.5496,0.168,1.057,-0.2783,0,0,0,0,0,0,0,0,0,0,0,0,0,0,0
"O_IntCurlag",0.0059,-0.2665,-0.4048,-0.2741,-0.2052,0.0878,-0.4084,-0.4876,0.041,0.2722,-0.0533,0.6394,0.537,0.0752,-0.2783,1.2103,0,0,0,0,0,0,0,0,0,0,0,0,0,0,0
"A_Cmpn",0,0,0,0,0,0,0,0,0,0,0,0,0,0,0,0,0.2695,0,0,0,0,0,0,0,0,0,0,0,0,0,0
"A_Rspct",0,0,0,0,0,0,0,0,0,0,0,0,0,0,0,0,0,0.4195,0,0,0,0,0,0,0,0,0,0,0,0,0
"A_Trust",0,0,0,0,0,0,0,0,0,0,0,0,0,0,0,0,0,0,0.7509,0,0,0,0,0,0,0,0,0,0,0,0
"C_Org",0,0,0,0,0,0,0,0,0,0,0,0,0,0,0,0,0,0,0,0.5345,0,0,0,0,0,0,0,0,0,0,0
"C_Prdctv",0,0,0,0,0,0,0,0,0,0,0,0,0,0,0,0,0,0,0,0,0.6284,0,0,0,0,0,0,0,0,0,0
"C_Rspnbl",0,0,0,0,0,0,0,0,0,0,0,0,0,0,0,0,0,0,0,0,0,0.5361,0,0,0,0,0,0,0,0,0
"E_Assert",0,0,0,0,0,0,0,0,0,0,0,0,0,0,0,0,0,0,0,0,0,0,0.8,0,0,0,0,0,0,0,0
"E_EnerLev",0,0,0,0,0,0,0,0,0,0,0,0,0,0,0,0,0,0,0,0,0,0,0,0.7661,0,0,0,0,0,0,0
"E_Scblty",0,0,0,0,0,0,0,0,0,0,0,0,0,0,0,0,0,0,0,0,0,0,0,0,0.5952,0,0,0,0,0,0
"N_Anxty",0,0,0,0,0,0,0,0,0,0,0,0,0,0,0,0,0,0,0,0,0,0,0,0,0,0.3566,0,0,0,0,0
"N_Depr",0,0,0,0,0,0,0,0,0,0,0,0,0,0,0,0,0,0,0,0,0,0,0,0,0,0,0.0729,0,0,0,0
"N_EmoVol",0,0,0,0,0,0,0,0,0,0,0,0,0,0,0,0,0,0,0,0,0,0,0,0,0,0,0,0.6034,0,0,0
"O_AesSens",0,0,0,0,0,0,0,0,0,0,0,0,0,0,0,0,0,0,0,0,0,0,0,0,0,0,0,0,0.6978,0,0
"O_CrtvImag",0,0,0,0,0,0,0,0,0,0,0,0,0,0,0,0,0,0,0,0,0,0,0,0,0,0,0,0,0,0.5403,0
"O_IntCur",0,0,0,0,0,0,0,0,0,0,0,0,0,0,0,0,0,0,0,0,0,0,0,0,0,0,0,0,0,0,0.819
