"","cumsumT","A_Cmpnlag","A_Rspctlag","A_Trustlag","C_Orglag","C_Prdctvlag","C_Rspnbllag","E_Assertlag","E_EnerLevlag","E_Scbltylag","N_Anxtylag","N_Deprlag","N_EmoVollag","O_AesSenslag","O_CrtvImaglag","O_IntCurlag","A_Cmpn","A_Rspct","A_Trust","C_Org","C_Prdctv","C_Rspnbl","E_Assert","E_EnerLev","E_Scblty","N_Anxty","N_Depr","N_EmoVol","O_AesSens","O_CrtvImag","O_IntCur"
"cumsumT",1,0.1084,-0.0803,-0.1272,0.1558,0.0796,0.2599,-0.0416,-0.0342,-0.005,0.1719,0.0505,0.1387,0.0918,0.181,0.2976,0,0,0,0,0,0,0,0,0,0,0,0,0,0,0
"A_Cmpnlag",0.1084,1,0.0595,-0.0083,0.412,0.1395,0.2035,0.3315,0.221,0.2856,-0.2276,-0.1915,-0.1169,0.0074,0.3228,0.0731,0,0,0,0,0,0,0,0,0,0,0,0,0,0,0
"A_Rspctlag",-0.0803,0.0595,1,0.3594,0.0733,0.2994,0.3453,0.116,0.126,-0.0231,-0.2418,-0.4092,-0.2488,0.0189,0.5363,0.1841,0,0,0,0,0,0,0,0,0,0,0,0,0,0,0
"A_Trustlag",-0.1272,-0.0083,0.3594,1,0.1596,0.1884,0.3521,0.2403,0.1784,0.0629,-0.4005,-0.4695,-0.4226,0.0526,0.3706,0.1358,0,0,0,0,0,0,0,0,0,0,0,0,0,0,0
"C_Orglag",0.1558,0.412,0.0733,0.1596,1,0.5548,0.3945,0.4305,0.381,0.379,-0.2535,-0.3905,-0.1653,-0.0266,0.2118,0.3897,0,0,0,0,0,0,0,0,0,0,0,0,0,0,0
"C_Prdctvlag",0.0796,0.1395,0.2994,0.1884,0.5548,1,0.4026,0.2977,0.5545,0.2951,-0.1947,-0.3436,-0.2279,-0.0087,0.2694,0.4257,0,0,0,0,0,0,0,0,0,0,0,0,0,0,0
"C_Rspnbllag",0.2599,0.2035,0.3453,0.3521,0.3945,0.4026,1,0.2642,0.3071,0.1552,-0.349,-0.4007,-0.2265,0.0759,0.3994,0.22,0,0,0,0,0,0,0,0,0,0,0,0,0,0,0
"E_Assertlag",-0.0416,0.3315,0.116,0.2403,0.4305,0.2977,0.2642,1,0.1289,0.4679,-0.3654,-0.4392,-0.3808,-0.0598,0.0922,0.0789,0,0,0,0,0,0,0,0,0,0,0,0,0,0,0
"E_EnerLevlag",-0.0342,0.221,0.126,0.1784,0.381,0.5545,0.3071,0.1289,1,0.4015,-0.1393,-0.3116,-0.1474,0.0539,0.2982,0.2894,0,0,0,0,0,0,0,0,0,0,0,0,0,0,0
"E_Scbltylag",-0.005,0.2856,-0.0231,0.0629,0.379,0.2951,0.1552,0.4679,0.4015,1,-0.2081,-0.2891,-0.0686,-0.0032,0.1959,0.0028,0,0,0,0,0,0,0,0,0,0,0,0,0,0,0
"N_Anxtylag",0.1719,-0.2276,-0.2418,-0.4005,-0.2535,-0.1947,-0.349,-0.3654,-0.1393,-0.2081,1,0.6989,0.5024,-0.0456,-0.2112,0.1294,0,0,0,0,0,0,0,0,0,0,0,0,0,0,0
"N_Deprlag",0.0505,-0.1915,-0.4092,-0.4695,-0.3905,-0.3436,-0.4007,-0.4392,-0.3116,-0.2891,0.6989,1,0.5127,-0.0238,-0.4823,-0.1046,0,0,0,0,0,0,0,0,0,0,0,0,0,0,0
"N_EmoVollag",0.1387,-0.1169,-0.2488,-0.4226,-0.1653,-0.2279,-0.2265,-0.3808,-0.1474,-0.0686,0.5024,0.5127,1,-0.0524,-0.3289,-0.0898,0,0,0,0,0,0,0,0,0,0,0,0,0,0,0
"O_AesSenslag",0.0918,0.0074,0.0189,0.0526,-0.0266,-0.0087,0.0759,-0.0598,0.0539,-0.0032,-0.0456,-0.0238,-0.0524,1,0.1715,0.0538,0,0,0,0,0,0,0,0,0,0,0,0,0,0,0
"O_CrtvImaglag",0.181,0.3228,0.5363,0.3706,0.2118,0.2694,0.3994,0.0922,0.2982,0.1959,-0.2112,-0.4823,-0.3289,0.1715,1,0.2016,0,0,0,0,0,0,0,0,0,0,0,0,0,0,0
"O_IntCurlag",0.2976,0.0731,0.1841,0.1358,0.3897,0.4257,0.22,0.0789,0.2894,0.0028,0.1294,-0.1046,-0.0898,0.0538,0.2016,1,0,0,0,0,0,0,0,0,0,0,0,0,0,0,0
"A_Cmpn",0,0,0,0,0,0,0,0,0,0,0,0,0,0,0,0,0.5422,0,0,0,0,0,0,0,0,0,0,0,0,0,0
"A_Rspct",0,0,0,0,0,0,0,0,0,0,0,0,0,0,0,0,0,0.4825,0,0,0,0,0,0,0,0,0,0,0,0,0
"A_Trust",0,0,0,0,0,0,0,0,0,0,0,0,0,0,0,0,0,0,0.4507,0,0,0,0,0,0,0,0,0,0,0,0
"C_Org",0,0,0,0,0,0,0,0,0,0,0,0,0,0,0,0,0,0,0,0.7247,0,0,0,0,0,0,0,0,0,0,0
"C_Prdctv",0,0,0,0,0,0,0,0,0,0,0,0,0,0,0,0,0,0,0,0,0.6096,0,0,0,0,0,0,0,0,0,0
"C_Rspnbl",0,0,0,0,0,0,0,0,0,0,0,0,0,0,0,0,0,0,0,0,0,0.712,0,0,0,0,0,0,0,0,0
"E_Assert",0,0,0,0,0,0,0,0,0,0,0,0,0,0,0,0,0,0,0,0,0,0,0.8315,0,0,0,0,0,0,0,0
"E_EnerLev",0,0,0,0,0,0,0,0,0,0,0,0,0,0,0,0,0,0,0,0,0,0,0,0.7472,0,0,0,0,0,0,0
"E_Scblty",0,0,0,0,0,0,0,0,0,0,0,0,0,0,0,0,0,0,0,0,0,0,0,0,0.8247,0,0,0,0,0,0
"N_Anxty",0,0,0,0,0,0,0,0,0,0,0,0,0,0,0,0,0,0,0,0,0,0,0,0,0,0.7553,0,0,0,0,0
"N_Depr",0,0,0,0,0,0,0,0,0,0,0,0,0,0,0,0,0,0,0,0,0,0,0,0,0,0,0.4801,0,0,0,0
"N_EmoVol",0,0,0,0,0,0,0,0,0,0,0,0,0,0,0,0,0,0,0,0,0,0,0,0,0,0,0,0.7283,0,0,0
"O_AesSens",0,0,0,0,0,0,0,0,0,0,0,0,0,0,0,0,0,0,0,0,0,0,0,0,0,0,0,0,0.6348,0,0
"O_CrtvImag",0,0,0,0,0,0,0,0,0,0,0,0,0,0,0,0,0,0,0,0,0,0,0,0,0,0,0,0,0,0.3495,0
"O_IntCur",0,0,0,0,0,0,0,0,0,0,0,0,0,0,0,0,0,0,0,0,0,0,0,0,0,0,0,0,0,0,0.6517
