"","cumsumT","A_Cmpnlag","A_Rspctlag","A_Trustlag","C_Orglag","C_Prdctvlag","C_Rspnbllag","E_Assertlag","E_EnerLevlag","E_Scbltylag","N_Anxtylag","N_Deprlag","N_EmoVollag","O_AesSenslag","O_CrtvImaglag","O_IntCurlag","A_Cmpn","A_Rspct","A_Trust","C_Org","C_Prdctv","C_Rspnbl","E_Assert","E_EnerLev","E_Scblty","N_Anxty","N_Depr","N_EmoVol","O_AesSens","O_CrtvImag","O_IntCur"
"cumsumT",0.9686,0.1066,-0.0812,-0.1256,0.1562,0.0778,0.2634,-0.042,-0.033,-0.0049,0.1684,0.0507,0.1367,0.0901,0.1812,0.2926,0,0,0,0,0,0,0,0,0,0,0,0,0,0,0
"A_Cmpnlag",0.1066,0.999,0.0611,-0.0083,0.4196,0.1385,0.2094,0.3397,0.2168,0.283,-0.2265,-0.1952,-0.117,0.0073,0.3281,0.0729,0,0,0,0,0,0,0,0,0,0,0,0,0,0,0
"A_Rspctlag",-0.0812,0.0611,1.0545,0.3704,0.0767,0.3054,0.365,0.1221,0.1269,-0.0235,-0.2472,-0.4286,-0.2559,0.0193,0.5601,0.1888,0,0,0,0,0,0,0,0,0,0,0,0,0,0,0
"A_Trustlag",-0.1256,-0.0083,0.3704,1.0073,0.1632,0.1878,0.3638,0.2473,0.1757,0.0626,-0.4003,-0.4806,-0.4247,0.0526,0.3782,0.1362,0,0,0,0,0,0,0,0,0,0,0,0,0,0,0
"C_Orglag",0.1562,0.4196,0.0767,0.1632,1.0381,0.5616,0.4138,0.4498,0.3809,0.3827,-0.2572,-0.4058,-0.1686,-0.027,0.2195,0.3966,0,0,0,0,0,0,0,0,0,0,0,0,0,0,0
"C_Prdctvlag",0.0778,0.1385,0.3054,0.1878,0.5616,0.9867,0.4117,0.3033,0.5405,0.2905,-0.1925,-0.3481,-0.2267,-0.0086,0.2721,0.4224,0,0,0,0,0,0,0,0,0,0,0,0,0,0,0
"C_Rspnbllag",0.2634,0.2094,0.365,0.3638,0.4138,0.4117,1.0598,0.2789,0.3102,0.1584,-0.3578,-0.4207,-0.2335,0.078,0.4182,0.2262,0,0,0,0,0,0,0,0,0,0,0,0,0,0,0
"E_Assertlag",-0.042,0.3397,0.1221,0.2473,0.4498,0.3033,0.2789,1.0515,0.1297,0.4755,-0.3731,-0.4593,-0.3911,-0.0612,0.0961,0.0809,0,0,0,0,0,0,0,0,0,0,0,0,0,0,0
"E_EnerLevlag",-0.033,0.2168,0.1269,0.1757,0.3809,0.5405,0.3102,0.1297,0.9628,0.3904,-0.1361,-0.3118,-0.1448,0.0527,0.2975,0.2836,0,0,0,0,0,0,0,0,0,0,0,0,0,0,0
"E_Scbltylag",-0.0049,0.283,-0.0235,0.0626,0.3827,0.2905,0.1584,0.4755,0.3904,0.9823,-0.2053,-0.2922,-0.068,-0.0032,0.1974,0.0028,0,0,0,0,0,0,0,0,0,0,0,0,0,0,0
"N_Anxtylag",0.1684,-0.2265,-0.2472,-0.4003,-0.2572,-0.1925,-0.3578,-0.3731,-0.1361,-0.2053,0.9915,0.7098,0.501,-0.0453,-0.2139,0.1287,0,0,0,0,0,0,0,0,0,0,0,0,0,0,0
"N_Deprlag",0.0507,-0.1952,-0.4286,-0.4806,-0.4058,-0.3481,-0.4207,-0.4593,-0.3118,-0.2922,0.7098,1.0402,0.5236,-0.0242,-0.5002,-0.1065,0,0,0,0,0,0,0,0,0,0,0,0,0,0,0
"N_EmoVollag",0.1367,-0.117,-0.2559,-0.4247,-0.1686,-0.2267,-0.2335,-0.3911,-0.1448,-0.068,0.501,0.5236,1.0029,-0.0523,-0.335,-0.0898,0,0,0,0,0,0,0,0,0,0,0,0,0,0,0
"O_AesSenslag",0.0901,0.0073,0.0193,0.0526,-0.027,-0.0086,0.078,-0.0612,0.0527,-0.0032,-0.0453,-0.0242,-0.0523,0.9942,0.1739,0.0535,0,0,0,0,0,0,0,0,0,0,0,0,0,0,0
"O_CrtvImaglag",0.1812,0.3281,0.5601,0.3782,0.2195,0.2721,0.4182,0.0961,0.2975,0.1974,-0.2139,-0.5002,-0.335,0.1739,1.0343,0.2048,0,0,0,0,0,0,0,0,0,0,0,0,0,0,0
"O_IntCurlag",0.2926,0.0729,0.1888,0.1362,0.3966,0.4224,0.2262,0.0809,0.2836,0.0028,0.1287,-0.1065,-0.0898,0.0535,0.2048,0.9977,0,0,0,0,0,0,0,0,0,0,0,0,0,0,0
"A_Cmpn",0,0,0,0,0,0,0,0,0,0,0,0,0,0,0,0,0.586,0,0,0,0,0,0,0,0,0,0,0,0,0,0
"A_Rspct",0,0,0,0,0,0,0,0,0,0,0,0,0,0,0,0,0,0.4847,0,0,0,0,0,0,0,0,0,0,0,0,0
"A_Trust",0,0,0,0,0,0,0,0,0,0,0,0,0,0,0,0,0,0,0.5096,0,0,0,0,0,0,0,0,0,0,0,0
"C_Org",0,0,0,0,0,0,0,0,0,0,0,0,0,0,0,0,0,0,0,0.7141,0,0,0,0,0,0,0,0,0,0,0
"C_Prdctv",0,0,0,0,0,0,0,0,0,0,0,0,0,0,0,0,0,0,0,0,0.6025,0,0,0,0,0,0,0,0,0,0
"C_Rspnbl",0,0,0,0,0,0,0,0,0,0,0,0,0,0,0,0,0,0,0,0,0,0.749,0,0,0,0,0,0,0,0,0
"E_Assert",0,0,0,0,0,0,0,0,0,0,0,0,0,0,0,0,0,0,0,0,0,0,0.9331,0,0,0,0,0,0,0,0
"E_EnerLev",0,0,0,0,0,0,0,0,0,0,0,0,0,0,0,0,0,0,0,0,0,0,0,0.7655,0,0,0,0,0,0,0
"E_Scblty",0,0,0,0,0,0,0,0,0,0,0,0,0,0,0,0,0,0,0,0,0,0,0,0,0.8978,0,0,0,0,0,0
"N_Anxty",0,0,0,0,0,0,0,0,0,0,0,0,0,0,0,0,0,0,0,0,0,0,0,0,0,0.7859,0,0,0,0,0
"N_Depr",0,0,0,0,0,0,0,0,0,0,0,0,0,0,0,0,0,0,0,0,0,0,0,0,0,0,0.4864,0,0,0,0
"N_EmoVol",0,0,0,0,0,0,0,0,0,0,0,0,0,0,0,0,0,0,0,0,0,0,0,0,0,0,0,0.736,0,0,0
"O_AesSens",0,0,0,0,0,0,0,0,0,0,0,0,0,0,0,0,0,0,0,0,0,0,0,0,0,0,0,0,0.6527,0,0
"O_CrtvImag",0,0,0,0,0,0,0,0,0,0,0,0,0,0,0,0,0,0,0,0,0,0,0,0,0,0,0,0,0,0.3741,0
"O_IntCur",0,0,0,0,0,0,0,0,0,0,0,0,0,0,0,0,0,0,0,0,0,0,0,0,0,0,0,0,0,0,0.6386
