"","cumsumT","A_Cmpnlag","A_Rspctlag","A_Trustlag","C_Orglag","C_Prdctvlag","C_Rspnbllag","E_Assertlag","E_EnerLevlag","E_Scbltylag","N_Anxtylag","N_Deprlag","N_EmoVollag","O_AesSenslag","O_CrtvImaglag","O_IntCurlag","A_Cmpn","A_Rspct","A_Trust","C_Org","C_Prdctv","C_Rspnbl","E_Assert","E_EnerLev","E_Scblty","N_Anxty","N_Depr","N_EmoVol","O_AesSens","O_CrtvImag","O_IntCur"
"cumsumT",0.9494,0.0832,-0.0743,-0.1464,0.1018,0.1027,0.2203,-0.1142,0.023,-3e-04,0.2203,0.0816,0.1377,0.0729,0.2073,0.3317,0,0,0,0,0,0,0,0,0,0,0,0,0,0,0
"A_Cmpnlag",0.0832,0.9933,0.035,-0.0325,0.3892,0.1409,0.1721,0.3296,0.2279,0.2936,-0.2154,-0.1775,-0.1066,0.0026,0.3104,0.0478,0,0,0,0,0,0,0,0,0,0,0,0,0,0,0
"A_Rspctlag",-0.0743,0.035,0.9996,0.3326,0.0402,0.286,0.3234,0.1269,0.1142,-0.0144,-0.228,-0.3897,-0.2087,0.0292,0.5001,0.1392,0,0,0,0,0,0,0,0,0,0,0,0,0,0,0
"A_Trustlag",-0.1464,-0.0325,0.3326,0.9968,0.125,0.1711,0.3293,0.248,0.1629,0.0668,-0.3929,-0.4608,-0.4072,0.0651,0.3424,0.0981,0,0,0,0,0,0,0,0,0,0,0,0,0,0,0
"C_Orglag",0.1018,0.3892,0.0402,0.125,0.9927,0.5515,0.3472,0.3808,0.4043,0.369,-0.218,-0.355,-0.1432,-0.0202,0.1807,0.3767,0,0,0,0,0,0,0,0,0,0,0,0,0,0,0
"C_Prdctvlag",0.1027,0.1409,0.286,0.1711,0.5515,0.9615,0.3866,0.2611,0.5424,0.2644,-0.1596,-0.2943,-0.1586,-0.0362,0.2327,0.4131,0,0,0,0,0,0,0,0,0,0,0,0,0,0,0
"C_Rspnbllag",0.2203,0.1721,0.3234,0.3293,0.3472,0.3866,0.9964,0.2216,0.3239,0.1453,-0.3116,-0.3615,-0.1933,0.0686,0.3735,0.1955,0,0,0,0,0,0,0,0,0,0,0,0,0,0,0
"E_Assertlag",-0.1142,0.3296,0.1269,0.248,0.3808,0.2611,0.2216,0.9999,0.1141,0.4499,-0.3573,-0.4265,-0.3712,-0.0517,0.0731,0.0524,0,0,0,0,0,0,0,0,0,0,0,0,0,0,0
"E_EnerLevlag",0.023,0.2279,0.1142,0.1629,0.4043,0.5424,0.3239,0.1141,0.9834,0.3901,-0.1231,-0.2939,-0.1119,0.0413,0.2902,0.2912,0,0,0,0,0,0,0,0,0,0,0,0,0,0,0
"E_Scbltylag",-3e-04,0.2936,-0.0144,0.0668,0.369,0.2644,0.1453,0.4499,0.3901,0.9825,-0.1903,-0.2686,-0.0282,-0.0252,0.192,-0.0038,0,0,0,0,0,0,0,0,0,0,0,0,0,0,0
"N_Anxtylag",0.2203,-0.2154,-0.228,-0.3929,-0.218,-0.1596,-0.3116,-0.3573,-0.1231,-0.1903,0.9935,0.6816,0.4693,-0.0289,-0.1685,0.1722,0,0,0,0,0,0,0,0,0,0,0,0,0,0,0
"N_Deprlag",0.0816,-0.1775,-0.3897,-0.4608,-0.355,-0.2943,-0.3615,-0.4265,-0.2939,-0.2686,0.6816,0.9914,0.4708,-0.0061,-0.4467,-0.0598,0,0,0,0,0,0,0,0,0,0,0,0,0,0,0
"N_EmoVollag",0.1377,-0.1066,-0.2087,-0.4072,-0.1432,-0.1586,-0.1933,-0.3712,-0.1119,-0.0282,0.4693,0.4708,0.9722,-0.028,-0.2857,-0.048,0,0,0,0,0,0,0,0,0,0,0,0,0,0,0
"O_AesSenslag",0.0729,0.0026,0.0292,0.0651,-0.0202,-0.0362,0.0686,-0.0517,0.0413,-0.0252,-0.0289,-0.0061,-0.028,0.9747,0.1573,0.0573,0,0,0,0,0,0,0,0,0,0,0,0,0,0,0
"O_CrtvImaglag",0.2073,0.3104,0.5001,0.3424,0.1807,0.2327,0.3735,0.0731,0.2902,0.192,-0.1685,-0.4467,-0.2857,0.1573,0.9995,0.1659,0,0,0,0,0,0,0,0,0,0,0,0,0,0,0
"O_IntCurlag",0.3317,0.0478,0.1392,0.0981,0.3767,0.4131,0.1955,0.0524,0.2912,-0.0038,0.1722,-0.0598,-0.048,0.0573,0.1659,0.9997,0,0,0,0,0,0,0,0,0,0,0,0,0,0,0
"A_Cmpn",0,0,0,0,0,0,0,0,0,0,0,0,0,0,0,0,0.9755,0,0,0,0,0,0,0,0,0,0,0,0,0,0
"A_Rspct",0,0,0,0,0,0,0,0,0,0,0,0,0,0,0,0,0,0.496,0,0,0,0,0,0,0,0,0,0,0,0,0
"A_Trust",0,0,0,0,0,0,0,0,0,0,0,0,0,0,0,0,0,0,0.7866,0,0,0,0,0,0,0,0,0,0,0,0
"C_Org",0,0,0,0,0,0,0,0,0,0,0,0,0,0,0,0,0,0,0,0.7889,0,0,0,0,0,0,0,0,0,0,0
"C_Prdctv",0,0,0,0,0,0,0,0,0,0,0,0,0,0,0,0,0,0,0,0,1.0038,0,0,0,0,0,0,0,0,0,0
"C_Rspnbl",0,0,0,0,0,0,0,0,0,0,0,0,0,0,0,0,0,0,0,0,0,0.9376,0,0,0,0,0,0,0,0,0
"E_Assert",0,0,0,0,0,0,0,0,0,0,0,0,0,0,0,0,0,0,0,0,0,0,0.9375,0,0,0,0,0,0,0,0
"E_EnerLev",0,0,0,0,0,0,0,0,0,0,0,0,0,0,0,0,0,0,0,0,0,0,0,0.6182,0,0,0,0,0,0,0
"E_Scblty",0,0,0,0,0,0,0,0,0,0,0,0,0,0,0,0,0,0,0,0,0,0,0,0,0.6623,0,0,0,0,0,0
"N_Anxty",0,0,0,0,0,0,0,0,0,0,0,0,0,0,0,0,0,0,0,0,0,0,0,0,0,0.5183,0,0,0,0,0
"N_Depr",0,0,0,0,0,0,0,0,0,0,0,0,0,0,0,0,0,0,0,0,0,0,0,0,0,0,1.235,0,0,0,0
"N_EmoVol",0,0,0,0,0,0,0,0,0,0,0,0,0,0,0,0,0,0,0,0,0,0,0,0,0,0,0,0.9797,0,0,0
"O_AesSens",0,0,0,0,0,0,0,0,0,0,0,0,0,0,0,0,0,0,0,0,0,0,0,0,0,0,0,0,0.6141,0,0
"O_CrtvImag",0,0,0,0,0,0,0,0,0,0,0,0,0,0,0,0,0,0,0,0,0,0,0,0,0,0,0,0,0,0.5708,0
"O_IntCur",0,0,0,0,0,0,0,0,0,0,0,0,0,0,0,0,0,0,0,0,0,0,0,0,0,0,0,0,0,0,0.6946
