"","cumsumT","A_Cmpnlag","A_Rspctlag","A_Trustlag","C_Orglag","C_Prdctvlag","C_Rspnbllag","E_Assertlag","E_EnerLevlag","E_Scbltylag","N_Anxtylag","N_Deprlag","N_EmoVollag","O_AesSenslag","O_CrtvImaglag","O_IntCurlag","A_Cmpn","A_Rspct","A_Trust","C_Org","C_Prdctv","C_Rspnbl","E_Assert","E_EnerLev","E_Scblty","N_Anxty","N_Depr","N_EmoVol","O_AesSens","O_CrtvImag","O_IntCur"
"cumsumT",0.945,-0.008,-0.002,-0.2492,-0.0607,0.2099,0.0166,-0.1303,0.0391,-0.0932,0.1704,0.0758,0.0012,-0.0657,0.0268,0.0355,0,0,0,0,0,0,0,0,0,0,0,0,0,0,0
"A_Cmpnlag",-0.008,0.9979,0.393,0.0432,-0.0612,0.0836,0.4133,0.207,0.0322,0.1619,0.0909,0.0787,-0.1677,0.037,0.1678,-0.0434,0,0,0,0,0,0,0,0,0,0,0,0,0,0,0
"A_Rspctlag",-0.002,0.393,0.9999,-0.079,-0.248,0.0624,0.142,0.0607,-0.0353,0.1659,0.323,0.0695,-0.3066,-0.1547,0.184,-0.0452,0,0,0,0,0,0,0,0,0,0,0,0,0,0,0
"A_Trustlag",-0.2492,0.0432,-0.079,0.9836,0.0565,-0.006,0.1749,0.0558,0.2206,-0.0123,-0.039,-0.1774,0.0321,-0.2135,0.054,-0.0191,0,0,0,0,0,0,0,0,0,0,0,0,0,0,0
"C_Orglag",-0.0607,-0.0612,-0.248,0.0565,0.9998,0.1427,0.1152,0.1007,0.1757,-0.0149,-0.0913,-0.0509,-0.1161,-0.0283,0.0345,0.0548,0,0,0,0,0,0,0,0,0,0,0,0,0,0,0
"C_Prdctvlag",0.2099,0.0836,0.0624,-0.006,0.1427,0.996,0.3543,0.0466,0.2052,-0.022,0.1497,-0.0431,-0.2179,-0.2708,0.0095,0.0603,0,0,0,0,0,0,0,0,0,0,0,0,0,0,0
"C_Rspnbllag",0.0166,0.4133,0.142,0.1749,0.1152,0.3543,0.9982,0.0036,0.1428,0.087,0.0578,0.0113,0.0347,-0.1338,0.2197,-0.1485,0,0,0,0,0,0,0,0,0,0,0,0,0,0,0
"E_Assertlag",-0.1303,0.207,0.0607,0.0558,0.1007,0.0466,0.0036,0.9525,-0.0481,0.4419,0.0256,-0.2614,-0.0506,0.2093,0.1407,0.093,0,0,0,0,0,0,0,0,0,0,0,0,0,0,0
"E_EnerLevlag",0.0391,0.0322,-0.0353,0.2206,0.1757,0.2052,0.1428,-0.0481,0.9965,0.2029,-0.0135,0.1012,0.0616,-0.1374,0.2278,-0.1511,0,0,0,0,0,0,0,0,0,0,0,0,0,0,0
"E_Scbltylag",-0.0932,0.1619,0.1659,-0.0123,-0.0149,-0.022,0.087,0.4419,0.2029,0.9902,-0.2439,-0.1129,-0.1916,0.1225,0.1882,0.0067,0,0,0,0,0,0,0,0,0,0,0,0,0,0,0
"N_Anxtylag",0.1704,0.0909,0.323,-0.039,-0.0913,0.1497,0.0578,0.0256,-0.0135,-0.2439,0.9972,-0.2408,-0.1175,-0.0976,0.1989,-0.1507,0,0,0,0,0,0,0,0,0,0,0,0,0,0,0
"N_Deprlag",0.0758,0.0787,0.0695,-0.1774,-0.0509,-0.0431,0.0113,-0.2614,0.1012,-0.1129,-0.2408,0.9833,0.0247,-0.1964,0.1015,-0.1134,0,0,0,0,0,0,0,0,0,0,0,0,0,0,0
"N_EmoVollag",0.0012,-0.1677,-0.3066,0.0321,-0.1161,-0.2179,0.0347,-0.0506,0.0616,-0.1916,-0.1175,0.0247,0.9991,0.2085,0.1014,0.1125,0,0,0,0,0,0,0,0,0,0,0,0,0,0,0
"O_AesSenslag",-0.0657,0.037,-0.1547,-0.2135,-0.0283,-0.2708,-0.1338,0.2093,-0.1374,0.1225,-0.0976,-0.1964,0.2085,0.9866,0.0872,0.0637,0,0,0,0,0,0,0,0,0,0,0,0,0,0,0
"O_CrtvImaglag",0.0268,0.1678,0.184,0.054,0.0345,0.0095,0.2197,0.1407,0.2278,0.1882,0.1989,0.1015,0.1014,0.0872,0.9947,-0.0214,0,0,0,0,0,0,0,0,0,0,0,0,0,0,0
"O_IntCurlag",0.0355,-0.0434,-0.0452,-0.0191,0.0548,0.0603,-0.1485,0.093,-0.1511,0.0067,-0.1507,-0.1134,0.1125,0.0637,-0.0214,0.938,0,0,0,0,0,0,0,0,0,0,0,0,0,0,0
"A_Cmpn",0,0,0,0,0,0,0,0,0,0,0,0,0,0,0,0,0.9967,0,0,0,0,0,0,0,0,0,0,0,0,0,0
"A_Rspct",0,0,0,0,0,0,0,0,0,0,0,0,0,0,0,0,0,0.7567,0,0,0,0,0,0,0,0,0,0,0,0,0
"A_Trust",0,0,0,0,0,0,0,0,0,0,0,0,0,0,0,0,0,0,0.9753,0,0,0,0,0,0,0,0,0,0,0,0
"C_Org",0,0,0,0,0,0,0,0,0,0,0,0,0,0,0,0,0,0,0,0.8185,0,0,0,0,0,0,0,0,0,0,0
"C_Prdctv",0,0,0,0,0,0,0,0,0,0,0,0,0,0,0,0,0,0,0,0,0.9983,0,0,0,0,0,0,0,0,0,0
"C_Rspnbl",0,0,0,0,0,0,0,0,0,0,0,0,0,0,0,0,0,0,0,0,0,0.6861,0,0,0,0,0,0,0,0,0
"E_Assert",0,0,0,0,0,0,0,0,0,0,0,0,0,0,0,0,0,0,0,0,0,0,4.1509,0,0,0,0,0,0,0,0
"E_EnerLev",0,0,0,0,0,0,0,0,0,0,0,0,0,0,0,0,0,0,0,0,0,0,0,0.9575,0,0,0,0,0,0,0
"E_Scblty",0,0,0,0,0,0,0,0,0,0,0,0,0,0,0,0,0,0,0,0,0,0,0,0,0.5536,0,0,0,0,0,0
"N_Anxty",0,0,0,0,0,0,0,0,0,0,0,0,0,0,0,0,0,0,0,0,0,0,0,0,0,0.6594,0,0,0,0,0
"N_Depr",0,0,0,0,0,0,0,0,0,0,0,0,0,0,0,0,0,0,0,0,0,0,0,0,0,0,24.9556,0,0,0,0
"N_EmoVol",0,0,0,0,0,0,0,0,0,0,0,0,0,0,0,0,0,0,0,0,0,0,0,0,0,0,0,0.7965,0,0,0
"O_AesSens",0,0,0,0,0,0,0,0,0,0,0,0,0,0,0,0,0,0,0,0,0,0,0,0,0,0,0,0,0.8655,0,0
"O_CrtvImag",0,0,0,0,0,0,0,0,0,0,0,0,0,0,0,0,0,0,0,0,0,0,0,0,0,0,0,0,0,0.9938,0
"O_IntCur",0,0,0,0,0,0,0,0,0,0,0,0,0,0,0,0,0,0,0,0,0,0,0,0,0,0,0,0,0,0,0.95
