"","cumsumT","A_Cmpnlag","A_Rspctlag","A_Trustlag","C_Orglag","C_Prdctvlag","C_Rspnbllag","E_Assertlag","E_EnerLevlag","E_Scbltylag","N_Anxtylag","N_Deprlag","N_EmoVollag","O_AesSenslag","O_CrtvImaglag","O_IntCurlag","A_Cmpn","A_Rspct","A_Trust","C_Org","C_Prdctv","C_Rspnbl","E_Assert","E_EnerLev","E_Scblty","N_Anxty","N_Depr","N_EmoVol","O_AesSens","O_CrtvImag","O_IntCur"
"cumsumT",0.9503,0.1667,0.0727,0.1816,0.2274,0.2795,0.224,0.1676,-0.0068,-0.0194,-0.1143,0.0815,-0.1833,0.2223,-0.1773,-0.0818,0,0,0,0,0,0,0,0,0,0,0,0,0,0,0
"A_Cmpnlag",0.1667,0.9947,-0.0653,0.0955,0.0438,-0.026,0.0039,-0.0066,-0.0806,0.0699,-0.1401,-0.0636,0.0375,-0.0353,-0.0233,0.0128,0,0,0,0,0,0,0,0,0,0,0,0,0,0,0
"A_Rspctlag",0.0727,-0.0653,0.9933,0.0769,-0.0747,0.0548,0.2313,0.3791,0.1293,0.0498,0.179,0.1451,-0.2213,0.1481,0.1651,0.0884,0,0,0,0,0,0,0,0,0,0,0,0,0,0,0
"A_Trustlag",0.1816,0.0955,0.0769,0.9961,-0.0625,0.0137,-0.0714,-0.0409,-0.0075,-0.3534,0.0505,0.0525,-0.3785,0.1767,-0.2473,-0.0046,0,0,0,0,0,0,0,0,0,0,0,0,0,0,0
"C_Orglag",0.2274,0.0438,-0.0747,-0.0625,0.9963,0.1891,0.1628,-0.0974,0.1801,0.2293,-0.0066,0.0358,0.0248,0.2135,-0.022,0.1343,0,0,0,0,0,0,0,0,0,0,0,0,0,0,0
"C_Prdctvlag",0.2795,-0.026,0.0548,0.0137,0.1891,0.9573,0.2634,0.0297,0.1107,0.0538,-0.2984,-0.0741,-0.1548,0.2983,0.1351,0.3411,0,0,0,0,0,0,0,0,0,0,0,0,0,0,0
"C_Rspnbllag",0.224,0.0039,0.2313,-0.0714,0.1628,0.2634,0.9796,0.3811,-0.0759,0.1569,0.0885,-0.2825,-0.0154,0.0987,0.1809,0.3105,0,0,0,0,0,0,0,0,0,0,0,0,0,0,0
"E_Assertlag",0.1676,-0.0066,0.3791,-0.0409,-0.0974,0.0297,0.3811,0.9812,-0.0817,0.2596,0.1091,-0.1614,0.0161,0.1159,0.1832,-0.0231,0,0,0,0,0,0,0,0,0,0,0,0,0,0,0
"E_EnerLevlag",-0.0068,-0.0806,0.1293,-0.0075,0.1801,0.1107,-0.0759,-0.0817,0.836,0.1174,-0.0829,0.1079,0.0176,0.2646,-0.0937,0.1156,0,0,0,0,0,0,0,0,0,0,0,0,0,0,0
"E_Scbltylag",-0.0194,0.0699,0.0498,-0.3534,0.2293,0.0538,0.1569,0.2596,0.1174,0.9645,0.1539,0.0054,0.1793,0.1512,0.0118,-0.0315,0,0,0,0,0,0,0,0,0,0,0,0,0,0,0
"N_Anxtylag",-0.1143,-0.1401,0.179,0.0505,-0.0066,-0.2984,0.0885,0.1091,-0.0829,0.1539,0.9982,-0.026,0.0809,-0.0755,-0.0055,-0.0285,0,0,0,0,0,0,0,0,0,0,0,0,0,0,0
"N_Deprlag",0.0815,-0.0636,0.1451,0.0525,0.0358,-0.0741,-0.2825,-0.1614,0.1079,0.0054,-0.026,0.9965,0.0711,-0.0594,-0.203,-0.1787,0,0,0,0,0,0,0,0,0,0,0,0,0,0,0
"N_EmoVollag",-0.1833,0.0375,-0.2213,-0.3785,0.0248,-0.1548,-0.0154,0.0161,0.0176,0.1793,0.0809,0.0711,0.9954,-0.0757,-0.0333,-0.2338,0,0,0,0,0,0,0,0,0,0,0,0,0,0,0
"O_AesSenslag",0.2223,-0.0353,0.1481,0.1767,0.2135,0.2983,0.0987,0.1159,0.2646,0.1512,-0.0755,-0.0594,-0.0757,0.9829,-0.0234,0.0175,0,0,0,0,0,0,0,0,0,0,0,0,0,0,0
"O_CrtvImaglag",-0.1773,-0.0233,0.1651,-0.2473,-0.022,0.1351,0.1809,0.1832,-0.0937,0.0118,-0.0055,-0.203,-0.0333,-0.0234,0.9922,0.2266,0,0,0,0,0,0,0,0,0,0,0,0,0,0,0
"O_IntCurlag",-0.0818,0.0128,0.0884,-0.0046,0.1343,0.3411,0.3105,-0.0231,0.1156,-0.0315,-0.0285,-0.1787,-0.2338,0.0175,0.2266,0.9999,0,0,0,0,0,0,0,0,0,0,0,0,0,0,0
"A_Cmpn",0,0,0,0,0,0,0,0,0,0,0,0,0,0,0,0,0.9116,0,0,0,0,0,0,0,0,0,0,0,0,0,0
"A_Rspct",0,0,0,0,0,0,0,0,0,0,0,0,0,0,0,0,0,0.6394,0,0,0,0,0,0,0,0,0,0,0,0,0
"A_Trust",0,0,0,0,0,0,0,0,0,0,0,0,0,0,0,0,0,0,0.7694,0,0,0,0,0,0,0,0,0,0,0,0
"C_Org",0,0,0,0,0,0,0,0,0,0,0,0,0,0,0,0,0,0,0,0.7458,0,0,0,0,0,0,0,0,0,0,0
"C_Prdctv",0,0,0,0,0,0,0,0,0,0,0,0,0,0,0,0,0,0,0,0,0.8922,0,0,0,0,0,0,0,0,0,0
"C_Rspnbl",0,0,0,0,0,0,0,0,0,0,0,0,0,0,0,0,0,0,0,0,0,0.7615,0,0,0,0,0,0,0,0,0
"E_Assert",0,0,0,0,0,0,0,0,0,0,0,0,0,0,0,0,0,0,0,0,0,0,0.4799,0,0,0,0,0,0,0,0
"E_EnerLev",0,0,0,0,0,0,0,0,0,0,0,0,0,0,0,0,0,0,0,0,0,0,0,0.9693,0,0,0,0,0,0,0
"E_Scblty",0,0,0,0,0,0,0,0,0,0,0,0,0,0,0,0,0,0,0,0,0,0,0,0,0.8555,0,0,0,0,0,0
"N_Anxty",0,0,0,0,0,0,0,0,0,0,0,0,0,0,0,0,0,0,0,0,0,0,0,0,0,0.8623,0,0,0,0,0
"N_Depr",0,0,0,0,0,0,0,0,0,0,0,0,0,0,0,0,0,0,0,0,0,0,0,0,0,0,0.7883,0,0,0,0
"N_EmoVol",0,0,0,0,0,0,0,0,0,0,0,0,0,0,0,0,0,0,0,0,0,0,0,0,0,0,0,0.783,0,0,0
"O_AesSens",0,0,0,0,0,0,0,0,0,0,0,0,0,0,0,0,0,0,0,0,0,0,0,0,0,0,0,0,0.8108,0,0
"O_CrtvImag",0,0,0,0,0,0,0,0,0,0,0,0,0,0,0,0,0,0,0,0,0,0,0,0,0,0,0,0,0,0.7639,0
"O_IntCur",0,0,0,0,0,0,0,0,0,0,0,0,0,0,0,0,0,0,0,0,0,0,0,0,0,0,0,0,0,0,0.7529
