"","cumsumT","A_Cmpnlag","A_Rspctlag","A_Trustlag","C_Orglag","C_Prdctvlag","C_Rspnbllag","E_Assertlag","E_EnerLevlag","E_Scbltylag","N_Anxtylag","N_Deprlag","N_EmoVollag","O_AesSenslag","O_CrtvImaglag","O_IntCurlag","A_Cmpn","A_Rspct","A_Trust","C_Org","C_Prdctv","C_Rspnbl","E_Assert","E_EnerLev","E_Scblty","N_Anxty","N_Depr","N_EmoVol","O_AesSens","O_CrtvImag","O_IntCur"
"cumsumT",0.906,-0.086,0.0243,0.0139,-0.2309,0.1819,0.0801,-0.214,0.3413,0.0505,-0.2225,0.0293,0.2714,-0.1046,0.143,-0.0822,0,0,0,0,0,0,0,0,0,0,0,0,0,0,0
"A_Cmpnlag",-0.086,0.8732,0.4697,0.4134,0.2642,0.2762,0.2755,0.1586,0.3767,0.1503,-0.0605,-0.2281,-0.0087,0.2199,0.3402,0.0252,0,0,0,0,0,0,0,0,0,0,0,0,0,0,0
"A_Rspctlag",0.0243,0.4697,0.9417,0.1938,0.1902,0.2306,0.2674,0.0373,0.4569,0.1792,0.0511,-0.0712,-0.2496,0.2139,0.1323,0.1872,0,0,0,0,0,0,0,0,0,0,0,0,0,0,0
"A_Trustlag",0.0139,0.4134,0.1938,0.9999,0.4243,0.0888,0.2276,0.2217,0.2887,0.1434,-0.1237,-0.3282,0.0084,-0.1136,0.3067,0.1183,0,0,0,0,0,0,0,0,0,0,0,0,0,0,0
"C_Orglag",-0.2309,0.2642,0.1902,0.4243,0.8892,-0.0994,0.1877,0.1655,0.2651,0.3863,0.0395,-0.508,-0.2273,0.0627,0.0894,-0.0566,0,0,0,0,0,0,0,0,0,0,0,0,0,0,0
"C_Prdctvlag",0.1819,0.2762,0.2306,0.0888,-0.0994,0.965,0.5954,0.1081,-0.0056,0.1506,0.2345,0.0607,0.0127,-0.0127,0.3827,-0.1007,0,0,0,0,0,0,0,0,0,0,0,0,0,0,0
"C_Rspnbllag",0.0801,0.2755,0.2674,0.2276,0.1877,0.5954,0.9641,0.2572,0.1358,0.4384,0.2229,-0.3294,-0.2242,0.1289,0.2903,0.0771,0,0,0,0,0,0,0,0,0,0,0,0,0,0,0
"E_Assertlag",-0.214,0.1586,0.0373,0.2217,0.1655,0.1081,0.2572,0.9999,-0.1423,0.4341,-0.3831,-0.3789,-0.1609,0.1928,0.1781,-0.0868,0,0,0,0,0,0,0,0,0,0,0,0,0,0,0
"E_EnerLevlag",0.3413,0.3767,0.4569,0.2887,0.2651,-0.0056,0.1358,-0.1423,0.9362,0.2786,-0.4517,-0.305,-0.0617,0.0268,0.2644,0.0447,0,0,0,0,0,0,0,0,0,0,0,0,0,0,0
"E_Scbltylag",0.0505,0.1503,0.1792,0.1434,0.3863,0.1506,0.4384,0.4341,0.2786,0.9371,-0.3509,-0.4896,-0.356,-0.0741,0.3826,-0.1366,0,0,0,0,0,0,0,0,0,0,0,0,0,0,0
"N_Anxtylag",-0.2225,-0.0605,0.0511,-0.1237,0.0395,0.2345,0.2229,-0.3831,-0.4517,-0.3509,0.9984,0.1817,0.0074,0.097,-0.3491,0.1873,0,0,0,0,0,0,0,0,0,0,0,0,0,0,0
"N_Deprlag",0.0293,-0.2281,-0.0712,-0.3282,-0.508,0.0607,-0.3294,-0.3789,-0.305,-0.4896,0.1817,0.7653,0.3699,-0.2086,-0.1767,-0.0956,0,0,0,0,0,0,0,0,0,0,0,0,0,0,0
"N_EmoVollag",0.2714,-0.0087,-0.2496,0.0084,-0.2273,0.0127,-0.2242,-0.1609,-0.0617,-0.356,0.0074,0.3699,0.884,-0.3866,-0.2879,-0.2287,0,0,0,0,0,0,0,0,0,0,0,0,0,0,0
"O_AesSenslag",-0.1046,0.2199,0.2139,-0.1136,0.0627,-0.0127,0.1289,0.1928,0.0268,-0.0741,0.097,-0.2086,-0.3866,0.9977,0.1085,-0.0801,0,0,0,0,0,0,0,0,0,0,0,0,0,0,0
"O_CrtvImaglag",0.143,0.3402,0.1323,0.3067,0.0894,0.3827,0.2903,0.1781,0.2644,0.3826,-0.3491,-0.1767,-0.2879,0.1085,0.9361,0.0332,0,0,0,0,0,0,0,0,0,0,0,0,0,0,0
"O_IntCurlag",-0.0822,0.0252,0.1872,0.1183,-0.0566,-0.1007,0.0771,-0.0868,0.0447,-0.1366,0.1873,-0.0956,-0.2287,-0.0801,0.0332,0.9492,0,0,0,0,0,0,0,0,0,0,0,0,0,0,0
"A_Cmpn",0,0,0,0,0,0,0,0,0,0,0,0,0,0,0,0,0.5754,0,0,0,0,0,0,0,0,0,0,0,0,0,0
"A_Rspct",0,0,0,0,0,0,0,0,0,0,0,0,0,0,0,0,0,0.5803,0,0,0,0,0,0,0,0,0,0,0,0,0
"A_Trust",0,0,0,0,0,0,0,0,0,0,0,0,0,0,0,0,0,0,0.7736,0,0,0,0,0,0,0,0,0,0,0,0
"C_Org",0,0,0,0,0,0,0,0,0,0,0,0,0,0,0,0,0,0,0,0.9867,0,0,0,0,0,0,0,0,0,0,0
"C_Prdctv",0,0,0,0,0,0,0,0,0,0,0,0,0,0,0,0,0,0,0,0,0.058,0,0,0,0,0,0,0,0,0,0
"C_Rspnbl",0,0,0,0,0,0,0,0,0,0,0,0,0,0,0,0,0,0,0,0,0,0.4244,0,0,0,0,0,0,0,0,0
"E_Assert",0,0,0,0,0,0,0,0,0,0,0,0,0,0,0,0,0,0,0,0,0,0,7.6906,0,0,0,0,0,0,0,0
"E_EnerLev",0,0,0,0,0,0,0,0,0,0,0,0,0,0,0,0,0,0,0,0,0,0,0,0.0012,0,0,0,0,0,0,0
"E_Scblty",0,0,0,0,0,0,0,0,0,0,0,0,0,0,0,0,0,0,0,0,0,0,0,0,0.1811,0,0,0,0,0,0
"N_Anxty",0,0,0,0,0,0,0,0,0,0,0,0,0,0,0,0,0,0,0,0,0,0,0,0,0,0.7537,0,0,0,0,0
"N_Depr",0,0,0,0,0,0,0,0,0,0,0,0,0,0,0,0,0,0,0,0,0,0,0,0,0,0,0.3124,0,0,0,0
"N_EmoVol",0,0,0,0,0,0,0,0,0,0,0,0,0,0,0,0,0,0,0,0,0,0,0,0,0,0,0,0.2568,0,0,0
"O_AesSens",0,0,0,0,0,0,0,0,0,0,0,0,0,0,0,0,0,0,0,0,0,0,0,0,0,0,0,0,0.7423,0,0
"O_CrtvImag",0,0,0,0,0,0,0,0,0,0,0,0,0,0,0,0,0,0,0,0,0,0,0,0,0,0,0,0,0,0.165,0
"O_IntCur",0,0,0,0,0,0,0,0,0,0,0,0,0,0,0,0,0,0,0,0,0,0,0,0,0,0,0,0,0,0,0.7963
