"","cumsumT","A_Cmpnlag","A_Rspctlag","A_Trustlag","C_Orglag","C_Prdctvlag","C_Rspnbllag","E_Assertlag","E_EnerLevlag","E_Scbltylag","N_Anxtylag","N_Deprlag","N_EmoVollag","O_AesSenslag","O_CrtvImaglag","O_IntCurlag","A_Cmpn","A_Rspct","A_Trust","C_Org","C_Prdctv","C_Rspnbl","E_Assert","E_EnerLev","E_Scblty","N_Anxty","N_Depr","N_EmoVol","O_AesSens","O_CrtvImag","O_IntCur"
"cumsumT",0.9378,0.0326,-0.1145,0.1291,-0.3025,-0.1789,-0.2261,-0.2619,-0.3615,-0.2245,0.118,0.5027,0.1583,-0.1647,-0.3137,-0.3307,0,0,0,0,0,0,0,0,0,0,0,0,0,0,0
"A_Cmpnlag",0.0326,0.875,0.029,0.3796,0.2273,0.0494,0.2504,0.0854,0.04,-0.0539,-0.4257,-0.1061,-0.243,0.3124,0.0451,0.0726,0,0,0,0,0,0,0,0,0,0,0,0,0,0,0
"A_Rspctlag",-0.1145,0.029,0.8545,0.2112,0.0468,0.3409,0.3893,0.1897,0.0485,0.0453,-0.2953,-0.2177,-0.3726,-0.1421,0.3248,0.0573,0,0,0,0,0,0,0,0,0,0,0,0,0,0,0
"A_Trustlag",0.1291,0.3796,0.2112,0.9054,0.002,-0.1045,0.0755,-0.0431,-0.046,-0.4978,-0.3127,0.0026,-0.452,0.0922,-0.001,-0.121,0,0,0,0,0,0,0,0,0,0,0,0,0,0,0
"C_Orglag",-0.3025,0.2273,0.0468,0.002,0.9897,0.2788,0.4045,0.3345,0.3166,-0.0375,-0.2242,-0.3698,0.0344,-0.0138,0.0973,0.3399,0,0,0,0,0,0,0,0,0,0,0,0,0,0,0
"C_Prdctvlag",-0.1789,0.0494,0.3409,-0.1045,0.2788,0.9635,0.4683,0.4894,0.3009,0.2301,0.011,-0.2367,-0.0773,-0.0646,0.2129,0.1846,0,0,0,0,0,0,0,0,0,0,0,0,0,0,0
"C_Rspnbllag",-0.2261,0.2504,0.3893,0.0755,0.4045,0.4683,0.9686,0.1854,0.1599,-0.0936,-0.1898,-0.2583,-0.1128,0.2436,0.3029,0.1126,0,0,0,0,0,0,0,0,0,0,0,0,0,0,0
"E_Assertlag",-0.2619,0.0854,0.1897,-0.0431,0.3345,0.4894,0.1854,0.9365,0.4743,0.1163,-0.0769,-0.2562,-0.108,-0.2537,0.2533,0.6554,0,0,0,0,0,0,0,0,0,0,0,0,0,0,0
"E_EnerLevlag",-0.3615,0.04,0.0485,-0.046,0.3166,0.3009,0.1599,0.4743,0.9904,0.4397,-0.1387,-0.5158,-0.1259,-0.1283,0.384,0.523,0,0,0,0,0,0,0,0,0,0,0,0,0,0,0
"E_Scbltylag",-0.2245,-0.0539,0.0453,-0.4978,-0.0375,0.2301,-0.0936,0.1163,0.4397,0.9339,0.0495,-0.2818,0.0965,-0.0246,0.2747,0.2393,0,0,0,0,0,0,0,0,0,0,0,0,0,0,0
"N_Anxtylag",0.118,-0.4257,-0.2953,-0.3127,-0.2242,0.011,-0.1898,-0.0769,-0.1387,0.0495,0.9881,0.4995,0.5806,-0.0572,-0.3005,-0.2212,0,0,0,0,0,0,0,0,0,0,0,0,0,0,0
"N_Deprlag",0.5027,-0.1061,-0.2177,0.0026,-0.3698,-0.2367,-0.2583,-0.2562,-0.5158,-0.2818,0.4995,0.9268,0.4049,0.1531,-0.2208,-0.4578,0,0,0,0,0,0,0,0,0,0,0,0,0,0,0
"N_EmoVollag",0.1583,-0.243,-0.3726,-0.452,0.0344,-0.0773,-0.1128,-0.108,-0.1259,0.0965,0.5806,0.4049,0.9355,-0.0159,-0.0908,-0.0697,0,0,0,0,0,0,0,0,0,0,0,0,0,0,0
"O_AesSenslag",-0.1647,0.3124,-0.1421,0.0922,-0.0138,-0.0646,0.2436,-0.2537,-0.1283,-0.0246,-0.0572,0.1531,-0.0159,0.9986,-0.0428,-0.1916,0,0,0,0,0,0,0,0,0,0,0,0,0,0,0
"O_CrtvImaglag",-0.3137,0.0451,0.3248,-0.001,0.0973,0.2129,0.3029,0.2533,0.384,0.2747,-0.3005,-0.2208,-0.0908,-0.0428,0.9763,0.427,0,0,0,0,0,0,0,0,0,0,0,0,0,0,0
"O_IntCurlag",-0.3307,0.0726,0.0573,-0.121,0.3399,0.1846,0.1126,0.6554,0.523,0.2393,-0.2212,-0.4578,-0.0697,-0.1916,0.427,0.9955,0,0,0,0,0,0,0,0,0,0,0,0,0,0,0
"A_Cmpn",0,0,0,0,0,0,0,0,0,0,0,0,0,0,0,0,0.3391,0,0,0,0,0,0,0,0,0,0,0,0,0,0
"A_Rspct",0,0,0,0,0,0,0,0,0,0,0,0,0,0,0,0,0,0.2,0,0,0,0,0,0,0,0,0,0,0,0,0
"A_Trust",0,0,0,0,0,0,0,0,0,0,0,0,0,0,0,0,0,0,0.0023,0,0,0,0,0,0,0,0,0,0,0,0
"C_Org",0,0,0,0,0,0,0,0,0,0,0,0,0,0,0,0,0,0,0,0.651,0,0,0,0,0,0,0,0,0,0,0
"C_Prdctv",0,0,0,0,0,0,0,0,0,0,0,0,0,0,0,0,0,0,0,0,0.7978,0,0,0,0,0,0,0,0,0,0
"C_Rspnbl",0,0,0,0,0,0,0,0,0,0,0,0,0,0,0,0,0,0,0,0,0,0.3583,0,0,0,0,0,0,0,0,0
"E_Assert",0,0,0,0,0,0,0,0,0,0,0,0,0,0,0,0,0,0,0,0,0,0,0.417,0,0,0,0,0,0,0,0
"E_EnerLev",0,0,0,0,0,0,0,0,0,0,0,0,0,0,0,0,0,0,0,0,0,0,0,178.3132,0,0,0,0,0,0,0
"E_Scblty",0,0,0,0,0,0,0,0,0,0,0,0,0,0,0,0,0,0,0,0,0,0,0,0,1.7527,0,0,0,0,0,0
"N_Anxty",0,0,0,0,0,0,0,0,0,0,0,0,0,0,0,0,0,0,0,0,0,0,0,0,0,0.3797,0,0,0,0,0
"N_Depr",0,0,0,0,0,0,0,0,0,0,0,0,0,0,0,0,0,0,0,0,0,0,0,0,0,0,0.7392,0,0,0,0
"N_EmoVol",0,0,0,0,0,0,0,0,0,0,0,0,0,0,0,0,0,0,0,0,0,0,0,0,0,0,0,0.1961,0,0,0
"O_AesSens",0,0,0,0,0,0,0,0,0,0,0,0,0,0,0,0,0,0,0,0,0,0,0,0,0,0,0,0,3.2514,0,0
"O_CrtvImag",0,0,0,0,0,0,0,0,0,0,0,0,0,0,0,0,0,0,0,0,0,0,0,0,0,0,0,0,0,0.375,0
"O_IntCur",0,0,0,0,0,0,0,0,0,0,0,0,0,0,0,0,0,0,0,0,0,0,0,0,0,0,0,0,0,0,0.7619
