"","cumsumT","A_Cmpnlag","A_Rspctlag","A_Trustlag","C_Orglag","C_Prdctvlag","C_Rspnbllag","E_Assertlag","E_EnerLevlag","E_Scbltylag","N_Anxtylag","N_Deprlag","N_EmoVollag","O_AesSenslag","O_CrtvImaglag","O_IntCurlag","A_Cmpn","A_Rspct","A_Trust","C_Org","C_Prdctv","C_Rspnbl","E_Assert","E_EnerLev","E_Scblty","N_Anxty","N_Depr","N_EmoVol","O_AesSens","O_CrtvImag","O_IntCur"
"cumsumT",1,0.036,-0.1279,0.1401,-0.314,-0.1882,-0.2373,-0.2795,-0.3751,-0.2399,0.1226,0.5392,0.1691,-0.1702,-0.3278,-0.3422,0,0,0,0,0,0,0,0,0,0,0,0,0,0,0
"A_Cmpnlag",0.036,1,0.0335,0.4265,0.2442,0.0538,0.2719,0.0943,0.0429,-0.0597,-0.4578,-0.1178,-0.2686,0.3342,0.0488,0.0778,0,0,0,0,0,0,0,0,0,0,0,0,0,0,0
"A_Rspctlag",-0.1279,0.0335,1,0.2401,0.0509,0.3757,0.4279,0.2121,0.0527,0.0507,-0.3213,-0.2446,-0.4167,-0.1539,0.3556,0.0621,0,0,0,0,0,0,0,0,0,0,0,0,0,0,0
"A_Trustlag",0.1401,0.4265,0.2401,1,0.0021,-0.1119,0.0806,-0.0468,-0.0486,-0.5414,-0.3306,0.0028,-0.4911,0.097,-0.0011,-0.1275,0,0,0,0,0,0,0,0,0,0,0,0,0,0,0
"C_Orglag",-0.314,0.2442,0.0509,0.0021,1,0.2855,0.4131,0.3475,0.3198,-0.039,-0.2267,-0.3861,0.0357,-0.0139,0.099,0.3425,0,0,0,0,0,0,0,0,0,0,0,0,0,0,0
"C_Prdctvlag",-0.1882,0.0538,0.3757,-0.1119,0.2855,1,0.4847,0.5152,0.308,0.2426,0.0113,-0.2504,-0.0814,-0.0658,0.2195,0.1885,0,0,0,0,0,0,0,0,0,0,0,0,0,0,0
"C_Rspnbllag",-0.2373,0.2719,0.4279,0.0806,0.4131,0.4847,1,0.1947,0.1632,-0.0984,-0.194,-0.2727,-0.1184,0.2476,0.3114,0.1146,0,0,0,0,0,0,0,0,0,0,0,0,0,0,0
"E_Assertlag",-0.2795,0.0943,0.2121,-0.0468,0.3475,0.5152,0.1947,1,0.4925,0.1244,-0.08,-0.275,-0.1154,-0.2624,0.2649,0.6788,0,0,0,0,0,0,0,0,0,0,0,0,0,0,0
"E_EnerLevlag",-0.3751,0.0429,0.0527,-0.0486,0.3198,0.308,0.1632,0.4925,1,0.4572,-0.1402,-0.5384,-0.1308,-0.129,0.3906,0.5267,0,0,0,0,0,0,0,0,0,0,0,0,0,0,0
"E_Scbltylag",-0.2399,-0.0597,0.0507,-0.5414,-0.039,0.2426,-0.0984,0.1244,0.4572,1,0.0515,-0.3029,0.1033,-0.0255,0.2877,0.2482,0,0,0,0,0,0,0,0,0,0,0,0,0,0,0
"N_Anxtylag",0.1226,-0.4578,-0.3213,-0.3306,-0.2267,0.0113,-0.194,-0.08,-0.1402,0.0515,1,0.522,0.6039,-0.0576,-0.3059,-0.223,0,0,0,0,0,0,0,0,0,0,0,0,0,0,0
"N_Deprlag",0.5392,-0.1178,-0.2446,0.0028,-0.3861,-0.2504,-0.2727,-0.275,-0.5384,-0.3029,0.522,1,0.4349,0.1592,-0.2322,-0.4766,0,0,0,0,0,0,0,0,0,0,0,0,0,0,0
"N_EmoVollag",0.1691,-0.2686,-0.4167,-0.4911,0.0357,-0.0814,-0.1184,-0.1154,-0.1308,0.1033,0.6039,0.4349,1,-0.0164,-0.095,-0.0723,0,0,0,0,0,0,0,0,0,0,0,0,0,0,0
"O_AesSenslag",-0.1702,0.3342,-0.1539,0.097,-0.0139,-0.0658,0.2476,-0.2624,-0.129,-0.0255,-0.0576,0.1592,-0.0164,1,-0.0433,-0.1921,0,0,0,0,0,0,0,0,0,0,0,0,0,0,0
"O_CrtvImaglag",-0.3278,0.0488,0.3556,-0.0011,0.099,0.2195,0.3114,0.2649,0.3906,0.2877,-0.3059,-0.2322,-0.095,-0.0433,1,0.4332,0,0,0,0,0,0,0,0,0,0,0,0,0,0,0
"O_IntCurlag",-0.3422,0.0778,0.0621,-0.1275,0.3425,0.1885,0.1146,0.6788,0.5267,0.2482,-0.223,-0.4766,-0.0723,-0.1921,0.4332,1,0,0,0,0,0,0,0,0,0,0,0,0,0,0,0
"A_Cmpn",0,0,0,0,0,0,0,0,0,0,0,0,0,0,0,0,0.4475,0,0,0,0,0,0,0,0,0,0,0,0,0,0
"A_Rspct",0,0,0,0,0,0,0,0,0,0,0,0,0,0,0,0,0,0.216,0,0,0,0,0,0,0,0,0,0,0,0,0
"A_Trust",0,0,0,0,0,0,0,0,0,0,0,0,0,0,0,0,0,0,0.0022,0,0,0,0,0,0,0,0,0,0,0,0
"C_Org",0,0,0,0,0,0,0,0,0,0,0,0,0,0,0,0,0,0,0,0.6286,0,0,0,0,0,0,0,0,0,0,0
"C_Prdctv",0,0,0,0,0,0,0,0,0,0,0,0,0,0,0,0,0,0,0,0,0.7956,0,0,0,0,0,0,0,0,0,0
"C_Rspnbl",0,0,0,0,0,0,0,0,0,0,0,0,0,0,0,0,0,0,0,0,0,0.3384,0,0,0,0,0,0,0,0,0
"E_Assert",0,0,0,0,0,0,0,0,0,0,0,0,0,0,0,0,0,0,0,0,0,0,0.4014,0,0,0,0,0,0,0,0
"E_EnerLev",0,0,0,0,0,0,0,0,0,0,0,0,0,0,0,0,0,0,0,0,0,0,0,150.8004,0,0,0,0,0,0,0
"E_Scblty",0,0,0,0,0,0,0,0,0,0,0,0,0,0,0,0,0,0,0,0,0,0,0,0,1.7067,0,0,0,0,0,0
"N_Anxty",0,0,0,0,0,0,0,0,0,0,0,0,0,0,0,0,0,0,0,0,0,0,0,0,0,0.3789,0,0,0,0,0
"N_Depr",0,0,0,0,0,0,0,0,0,0,0,0,0,0,0,0,0,0,0,0,0,0,0,0,0,0,0.7442,0,0,0,0
"N_EmoVol",0,0,0,0,0,0,0,0,0,0,0,0,0,0,0,0,0,0,0,0,0,0,0,0,0,0,0,0.1926,0,0,0
"O_AesSens",0,0,0,0,0,0,0,0,0,0,0,0,0,0,0,0,0,0,0,0,0,0,0,0,0,0,0,0,3.6457,0,0
"O_CrtvImag",0,0,0,0,0,0,0,0,0,0,0,0,0,0,0,0,0,0,0,0,0,0,0,0,0,0,0,0,0,0.3802,0
"O_IntCur",0,0,0,0,0,0,0,0,0,0,0,0,0,0,0,0,0,0,0,0,0,0,0,0,0,0,0,0,0,0,0.7852
