"","cumsumT","A_Cmpnlag","A_Rspctlag","A_Trustlag","C_Orglag","C_Prdctvlag","C_Rspnbllag","E_Assertlag","E_EnerLevlag","E_Scbltylag","N_Anxtylag","N_Deprlag","N_EmoVollag","O_AesSenslag","O_CrtvImaglag","O_IntCurlag","A_Cmpn","A_Rspct","A_Trust","C_Org","C_Prdctv","C_Rspnbl","E_Assert","E_EnerLev","E_Scblty","N_Anxty","N_Depr","N_EmoVol","O_AesSens","O_CrtvImag","O_IntCur"
"cumsumT",0.9489,-0.1359,-0.0768,-0.1374,-0.1449,-0.1722,-0.2575,-0.0709,-0.2104,-0.221,0.4235,0.4404,0.2732,-0.1625,-0.1052,-0.1618,0,0,0,0,0,0,0,0,0,0,0,0,0,0,0
"A_Cmpnlag",-0.1359,0.9983,-0.0765,0.2259,-0.0014,0.1406,0.2335,-7e-04,0.1061,-0.0037,-0.0013,-0.1199,-0.0231,0.0305,0.1443,0.0313,0,0,0,0,0,0,0,0,0,0,0,0,0,0,0
"A_Rspctlag",-0.0768,-0.0765,0.981,0.0035,0.045,-0.0414,-0.0033,0.0075,0.141,0.0384,0.0706,-0.005,-0.316,-0.2126,0.0858,-0.0618,0,0,0,0,0,0,0,0,0,0,0,0,0,0,0
"A_Trustlag",-0.1374,0.2259,0.0035,0.972,-0.0772,-0.0109,-0.0397,-0.0261,0.3315,0.0028,-0.0804,-0.1644,-0.281,0.2878,0.1793,0.0459,0,0,0,0,0,0,0,0,0,0,0,0,0,0,0
"C_Orglag",-0.1449,-0.0014,0.045,-0.0772,0.9668,0.4457,0.1706,0.0097,0.181,0.0469,-0.0109,0.0427,0.0377,0.1124,-0.1001,0.1384,0,0,0,0,0,0,0,0,0,0,0,0,0,0,0
"C_Prdctvlag",-0.1722,0.1406,-0.0414,-0.0109,0.4457,0.9644,0.2814,0.0953,0.0602,0.17,0.0277,0.024,-0.1081,0.2355,-0.0145,-0.0104,0,0,0,0,0,0,0,0,0,0,0,0,0,0,0
"C_Rspnbllag",-0.2575,0.2335,-0.0033,-0.0397,0.1706,0.2814,0.9992,0.1005,0.1193,0.224,0.0201,-0.1142,-0.2,-0.0539,-0.1015,0.2041,0,0,0,0,0,0,0,0,0,0,0,0,0,0,0
"E_Assertlag",-0.0709,-7e-04,0.0075,-0.0261,0.0097,0.0953,0.1005,0.9992,0.2343,0.4462,-0.2141,-0.0957,0.0652,0.144,0.1965,0.1111,0,0,0,0,0,0,0,0,0,0,0,0,0,0,0
"E_EnerLevlag",-0.2104,0.1061,0.141,0.3315,0.181,0.0602,0.1193,0.2343,0.9786,0.2542,-0.2907,-0.2881,-0.0793,0.1691,0.2695,0.0966,0,0,0,0,0,0,0,0,0,0,0,0,0,0,0
"E_Scbltylag",-0.221,-0.0037,0.0384,0.0028,0.0469,0.17,0.224,0.4462,0.2542,0.9988,-0.1329,-0.3026,-0.0178,0.2065,0.1952,0.1077,0,0,0,0,0,0,0,0,0,0,0,0,0,0,0
"N_Anxtylag",0.4235,-0.0013,0.0706,-0.0804,-0.0109,0.0277,0.0201,-0.2141,-0.2907,-0.1329,0.9992,0.5316,0.1465,-0.2509,-0.1499,-0.1058,0,0,0,0,0,0,0,0,0,0,0,0,0,0,0
"N_Deprlag",0.4404,-0.1199,-0.005,-0.1644,0.0427,0.024,-0.1142,-0.0957,-0.2881,-0.3026,0.5316,0.9999,0.314,-0.1644,-0.241,-0.1209,0,0,0,0,0,0,0,0,0,0,0,0,0,0,0
"N_EmoVollag",0.2732,-0.0231,-0.316,-0.281,0.0377,-0.1081,-0.2,0.0652,-0.0793,-0.0178,0.1465,0.314,0.994,-0.1448,0.0841,-0.1783,0,0,0,0,0,0,0,0,0,0,0,0,0,0,0
"O_AesSenslag",-0.1625,0.0305,-0.2126,0.2878,0.1124,0.2355,-0.0539,0.144,0.1691,0.2065,-0.2509,-0.1644,-0.1448,0.9277,-0.0051,0.028,0,0,0,0,0,0,0,0,0,0,0,0,0,0,0
"O_CrtvImaglag",-0.1052,0.1443,0.0858,0.1793,-0.1001,-0.0145,-0.1015,0.1965,0.2695,0.1952,-0.1499,-0.241,0.0841,-0.0051,0.9986,0.1434,0,0,0,0,0,0,0,0,0,0,0,0,0,0,0
"O_IntCurlag",-0.1618,0.0313,-0.0618,0.0459,0.1384,-0.0104,0.2041,0.1111,0.0966,0.1077,-0.1058,-0.1209,-0.1783,0.028,0.1434,0.9998,0,0,0,0,0,0,0,0,0,0,0,0,0,0,0
"A_Cmpn",0,0,0,0,0,0,0,0,0,0,0,0,0,0,0,0,0.6404,0,0,0,0,0,0,0,0,0,0,0,0,0,0
"A_Rspct",0,0,0,0,0,0,0,0,0,0,0,0,0,0,0,0,0,0.951,0,0,0,0,0,0,0,0,0,0,0,0,0
"A_Trust",0,0,0,0,0,0,0,0,0,0,0,0,0,0,0,0,0,0,0.8114,0,0,0,0,0,0,0,0,0,0,0,0
"C_Org",0,0,0,0,0,0,0,0,0,0,0,0,0,0,0,0,0,0,0,0.9895,0,0,0,0,0,0,0,0,0,0,0
"C_Prdctv",0,0,0,0,0,0,0,0,0,0,0,0,0,0,0,0,0,0,0,0,0.7321,0,0,0,0,0,0,0,0,0,0
"C_Rspnbl",0,0,0,0,0,0,0,0,0,0,0,0,0,0,0,0,0,0,0,0,0,0.7453,0,0,0,0,0,0,0,0,0
"E_Assert",0,0,0,0,0,0,0,0,0,0,0,0,0,0,0,0,0,0,0,0,0,0,0.7888,0,0,0,0,0,0,0,0
"E_EnerLev",0,0,0,0,0,0,0,0,0,0,0,0,0,0,0,0,0,0,0,0,0,0,0,0.5497,0,0,0,0,0,0,0
"E_Scblty",0,0,0,0,0,0,0,0,0,0,0,0,0,0,0,0,0,0,0,0,0,0,0,0,0.653,0,0,0,0,0,0
"N_Anxty",0,0,0,0,0,0,0,0,0,0,0,0,0,0,0,0,0,0,0,0,0,0,0,0,0,0.5326,0,0,0,0,0
"N_Depr",0,0,0,0,0,0,0,0,0,0,0,0,0,0,0,0,0,0,0,0,0,0,0,0,0,0,0.7251,0,0,0,0
"N_EmoVol",0,0,0,0,0,0,0,0,0,0,0,0,0,0,0,0,0,0,0,0,0,0,0,0,0,0,0,0.7407,0,0,0
"O_AesSens",0,0,0,0,0,0,0,0,0,0,0,0,0,0,0,0,0,0,0,0,0,0,0,0,0,0,0,0,0.6952,0,0
"O_CrtvImag",0,0,0,0,0,0,0,0,0,0,0,0,0,0,0,0,0,0,0,0,0,0,0,0,0,0,0,0,0,0.7551,0
"O_IntCur",0,0,0,0,0,0,0,0,0,0,0,0,0,0,0,0,0,0,0,0,0,0,0,0,0,0,0,0,0,0,0.8098
