"","cumsumT","A_Cmpnlag","A_Rspctlag","A_Trustlag","C_Orglag","C_Prdctvlag","C_Rspnbllag","E_Assertlag","E_EnerLevlag","E_Scbltylag","N_Anxtylag","N_Deprlag","N_EmoVollag","O_AesSenslag","O_CrtvImaglag","O_IntCurlag","A_Cmpn","A_Rspct","A_Trust","C_Org","C_Prdctv","C_Rspnbl","E_Assert","E_EnerLev","E_Scblty","N_Anxty","N_Depr","N_EmoVol","O_AesSens","O_CrtvImag","O_IntCur"
"cumsumT",0.9293,0.0059,0.0825,0.1626,-0.0857,-0.1415,-0.1307,-0.2288,0.1864,-0.1642,-0.0712,-0.0312,-0.1202,0.0542,0.1674,0.0223,0,0,0,0,0,0,0,0,0,0,0,0,0,0,0
"A_Cmpnlag",0.0059,0.9916,0.2351,0.1722,0.1631,-0.0055,0.1586,0.0317,0.1731,0.5303,-0.1557,-0.146,-0.2938,0.0606,0.2665,0.2128,0,0,0,0,0,0,0,0,0,0,0,0,0,0,0
"A_Rspctlag",0.0825,0.2351,0.99,0.3935,-0.0095,0.0714,0.2733,-0.1825,0.4596,0.0788,-0.5191,-0.4049,-0.533,-0.1437,0.3818,0.0498,0,0,0,0,0,0,0,0,0,0,0,0,0,0,0
"A_Trustlag",0.1626,0.1722,0.3935,0.9826,0.2709,0.3149,0.3537,0.053,0.379,0.092,-0.4689,-0.5388,-0.4643,0.0894,0.2798,0.0998,0,0,0,0,0,0,0,0,0,0,0,0,0,0,0
"C_Orglag",-0.0857,0.1631,-0.0095,0.2709,0.9998,0.2016,0.2339,-0.0751,0.1799,0.0043,-0.2042,-0.3015,-0.1453,0.0472,0.0989,0.0343,0,0,0,0,0,0,0,0,0,0,0,0,0,0,0
"C_Prdctvlag",-0.1415,-0.0055,0.0714,0.3149,0.2016,0.9717,0.4648,-0.0707,0.2867,0.3231,-0.1025,-0.1168,-0.0167,0.0387,0.0804,0.1129,0,0,0,0,0,0,0,0,0,0,0,0,0,0,0
"C_Rspnbllag",-0.1307,0.1586,0.2733,0.3537,0.2339,0.4648,0.9968,-0.1553,0.2704,0.1468,-0.4732,-0.2745,-0.3318,0.0786,0.2019,-0.0016,0,0,0,0,0,0,0,0,0,0,0,0,0,0,0
"E_Assertlag",-0.2288,0.0317,-0.1825,0.053,-0.0751,-0.0707,-0.1553,0.9869,-0.2682,0.2174,-0.0384,-0.0152,0.1105,-0.0363,-0.0473,0.1985,0,0,0,0,0,0,0,0,0,0,0,0,0,0,0
"E_EnerLevlag",0.1864,0.1731,0.4596,0.379,0.1799,0.2867,0.2704,-0.2682,0.9984,0.3426,-0.3819,-0.348,-0.4103,0.118,0.473,0.1361,0,0,0,0,0,0,0,0,0,0,0,0,0,0,0
"E_Scbltylag",-0.1642,0.5303,0.0788,0.092,0.0043,0.3231,0.1468,0.2174,0.3426,0.9553,-0.0923,-0.1909,-0.2334,0.1735,0.1823,0.2049,0,0,0,0,0,0,0,0,0,0,0,0,0,0,0
"N_Anxtylag",-0.0712,-0.1557,-0.5191,-0.4689,-0.2042,-0.1025,-0.4732,-0.0384,-0.3819,-0.0923,0.999,0.5191,0.5386,-0.0441,-0.4296,0.0197,0,0,0,0,0,0,0,0,0,0,0,0,0,0,0
"N_Deprlag",-0.0312,-0.146,-0.4049,-0.5388,-0.3015,-0.1168,-0.2745,-0.0152,-0.348,-0.1909,0.5191,0.959,0.6687,-0.0889,-0.4732,0.1033,0,0,0,0,0,0,0,0,0,0,0,0,0,0,0
"N_EmoVollag",-0.1202,-0.2938,-0.533,-0.4643,-0.1453,-0.0167,-0.3318,0.1105,-0.4103,-0.2334,0.5386,0.6687,0.9791,-0.3159,-0.3634,0.0436,0,0,0,0,0,0,0,0,0,0,0,0,0,0,0
"O_AesSenslag",0.0542,0.0606,-0.1437,0.0894,0.0472,0.0387,0.0786,-0.0363,0.118,0.1735,-0.0441,-0.0889,-0.3159,0.9997,-0.0872,0.1137,0,0,0,0,0,0,0,0,0,0,0,0,0,0,0
"O_CrtvImaglag",0.1674,0.2665,0.3818,0.2798,0.0989,0.0804,0.2019,-0.0473,0.473,0.1823,-0.4296,-0.4732,-0.3634,-0.0872,0.9993,0.0669,0,0,0,0,0,0,0,0,0,0,0,0,0,0,0
"O_IntCurlag",0.0223,0.2128,0.0498,0.0998,0.0343,0.1129,-0.0016,0.1985,0.1361,0.2049,0.0197,0.1033,0.0436,0.1137,0.0669,0.9982,0,0,0,0,0,0,0,0,0,0,0,0,0,0,0
"A_Cmpn",0,0,0,0,0,0,0,0,0,0,0,0,0,0,0,0,0.1893,0,0,0,0,0,0,0,0,0,0,0,0,0,0
"A_Rspct",0,0,0,0,0,0,0,0,0,0,0,0,0,0,0,0,0,0.4957,0,0,0,0,0,0,0,0,0,0,0,0,0
"A_Trust",0,0,0,0,0,0,0,0,0,0,0,0,0,0,0,0,0,0,0.2528,0,0,0,0,0,0,0,0,0,0,0,0
"C_Org",0,0,0,0,0,0,0,0,0,0,0,0,0,0,0,0,0,0,0,0.8776,0,0,0,0,0,0,0,0,0,0,0
"C_Prdctv",0,0,0,0,0,0,0,0,0,0,0,0,0,0,0,0,0,0,0,0,1.4139,0,0,0,0,0,0,0,0,0,0
"C_Rspnbl",0,0,0,0,0,0,0,0,0,0,0,0,0,0,0,0,0,0,0,0,0,0.1523,0,0,0,0,0,0,0,0,0
"E_Assert",0,0,0,0,0,0,0,0,0,0,0,0,0,0,0,0,0,0,0,0,0,0,0.856,0,0,0,0,0,0,0,0
"E_EnerLev",0,0,0,0,0,0,0,0,0,0,0,0,0,0,0,0,0,0,0,0,0,0,0,0.5909,0,0,0,0,0,0,0
"E_Scblty",0,0,0,0,0,0,0,0,0,0,0,0,0,0,0,0,0,0,0,0,0,0,0,0,0.2581,0,0,0,0,0,0
"N_Anxty",0,0,0,0,0,0,0,0,0,0,0,0,0,0,0,0,0,0,0,0,0,0,0,0,0,0.6157,0,0,0,0,0
"N_Depr",0,0,0,0,0,0,0,0,0,0,0,0,0,0,0,0,0,0,0,0,0,0,0,0,0,0,0.9132,0,0,0,0
"N_EmoVol",0,0,0,0,0,0,0,0,0,0,0,0,0,0,0,0,0,0,0,0,0,0,0,0,0,0,0,0.5033,0,0,0
"O_AesSens",0,0,0,0,0,0,0,0,0,0,0,0,0,0,0,0,0,0,0,0,0,0,0,0,0,0,0,0,0.8763,0,0
"O_CrtvImag",0,0,0,0,0,0,0,0,0,0,0,0,0,0,0,0,0,0,0,0,0,0,0,0,0,0,0,0,0,0.6167,0
"O_IntCur",0,0,0,0,0,0,0,0,0,0,0,0,0,0,0,0,0,0,0,0,0,0,0,0,0,0,0,0,0,0,0.9373
