"","cumsumT","A_Cmpnlag","A_Rspctlag","A_Trustlag","C_Orglag","C_Prdctvlag","C_Rspnbllag","E_Assertlag","E_EnerLevlag","E_Scbltylag","N_Anxtylag","N_Deprlag","N_EmoVollag","O_AesSenslag","O_CrtvImaglag","O_IntCurlag","A_Cmpn","A_Rspct","A_Trust","C_Org","C_Prdctv","C_Rspnbl","E_Assert","E_EnerLev","E_Scblty","N_Anxty","N_Depr","N_EmoVol","O_AesSens","O_CrtvImag","O_IntCur"
"cumsumT",1,0.0062,0.0861,0.1702,-0.089,-0.1489,-0.1358,-0.2389,0.1935,-0.1742,-0.0739,-0.0331,-0.126,0.0562,0.1737,0.0231,0,0,0,0,0,0,0,0,0,0,0,0,0,0,0
"A_Cmpnlag",0.0062,1,0.2373,0.1745,0.1638,-0.0056,0.1596,0.032,0.174,0.5448,-0.1565,-0.1497,-0.2982,0.0609,0.2677,0.2139,0,0,0,0,0,0,0,0,0,0,0,0,0,0,0
"A_Rspctlag",0.0861,0.2373,1,0.399,-0.0095,0.0728,0.2751,-0.1847,0.4623,0.081,-0.522,-0.4156,-0.5414,-0.1445,0.3838,0.0501,0,0,0,0,0,0,0,0,0,0,0,0,0,0,0
"A_Trustlag",0.1702,0.1745,0.399,1,0.2733,0.3222,0.3574,0.0538,0.3827,0.0949,-0.4733,-0.5551,-0.4734,0.0902,0.2823,0.1007,0,0,0,0,0,0,0,0,0,0,0,0,0,0,0
"C_Orglag",-0.089,0.1638,-0.0095,0.2733,1,0.2046,0.2343,-0.0756,0.18,0.0044,-0.2043,-0.3079,-0.1468,0.0472,0.099,0.0343,0,0,0,0,0,0,0,0,0,0,0,0,0,0,0
"C_Prdctvlag",-0.1489,-0.0056,0.0728,0.3222,0.2046,1,0.4723,-0.0722,0.2911,0.3353,-0.1041,-0.121,-0.0172,0.0393,0.0816,0.1146,0,0,0,0,0,0,0,0,0,0,0,0,0,0,0
"C_Rspnbllag",-0.1358,0.1596,0.2751,0.3574,0.2343,0.4723,1,-0.1566,0.2711,0.1504,-0.4742,-0.2808,-0.3358,0.0788,0.2023,-0.0016,0,0,0,0,0,0,0,0,0,0,0,0,0,0,0
"E_Assertlag",-0.2389,0.032,-0.1847,0.0538,-0.0756,-0.0722,-0.1566,1,-0.2702,0.2239,-0.0387,-0.0156,0.1124,-0.0365,-0.0476,0.2,0,0,0,0,0,0,0,0,0,0,0,0,0,0,0
"E_EnerLevlag",0.1935,0.174,0.4623,0.3827,0.18,0.2911,0.2711,-0.2702,1,0.3508,-0.3824,-0.3557,-0.415,0.1181,0.4736,0.1363,0,0,0,0,0,0,0,0,0,0,0,0,0,0,0
"E_Scbltylag",-0.1742,0.5448,0.081,0.0949,0.0044,0.3353,0.1504,0.2239,0.3508,1,-0.0945,-0.1995,-0.2413,0.1775,0.1866,0.2098,0,0,0,0,0,0,0,0,0,0,0,0,0,0,0
"N_Anxtylag",-0.0739,-0.1565,-0.522,-0.4733,-0.2043,-0.1041,-0.4742,-0.0387,-0.3824,-0.0945,1,0.5303,0.5445,-0.0441,-0.43,0.0197,0,0,0,0,0,0,0,0,0,0,0,0,0,0,0
"N_Deprlag",-0.0331,-0.1497,-0.4156,-0.5551,-0.3079,-0.121,-0.2808,-0.0156,-0.3557,-0.1995,0.5303,1,0.6901,-0.0907,-0.4834,0.1056,0,0,0,0,0,0,0,0,0,0,0,0,0,0,0
"N_EmoVollag",-0.126,-0.2982,-0.5414,-0.4734,-0.1468,-0.0172,-0.3358,0.1124,-0.415,-0.2413,0.5445,0.6901,1,-0.3193,-0.3674,0.0441,0,0,0,0,0,0,0,0,0,0,0,0,0,0,0
"O_AesSenslag",0.0562,0.0609,-0.1445,0.0902,0.0472,0.0393,0.0788,-0.0365,0.1181,0.1775,-0.0441,-0.0907,-0.3193,1,-0.0872,0.1139,0,0,0,0,0,0,0,0,0,0,0,0,0,0,0
"O_CrtvImaglag",0.1737,0.2677,0.3838,0.2823,0.099,0.0816,0.2023,-0.0476,0.4736,0.1866,-0.43,-0.4834,-0.3674,-0.0872,1,0.067,0,0,0,0,0,0,0,0,0,0,0,0,0,0,0
"O_IntCurlag",0.0231,0.2139,0.0501,0.1007,0.0343,0.1146,-0.0016,0.2,0.1363,0.2098,0.0197,0.1056,0.0441,0.1139,0.067,1,0,0,0,0,0,0,0,0,0,0,0,0,0,0,0
"A_Cmpn",0,0,0,0,0,0,0,0,0,0,0,0,0,0,0,0,0.1631,0,0,0,0,0,0,0,0,0,0,0,0,0,0
"A_Rspct",0,0,0,0,0,0,0,0,0,0,0,0,0,0,0,0,0,0.4777,0,0,0,0,0,0,0,0,0,0,0,0,0
"A_Trust",0,0,0,0,0,0,0,0,0,0,0,0,0,0,0,0,0,0,0.2583,0,0,0,0,0,0,0,0,0,0,0,0
"C_Org",0,0,0,0,0,0,0,0,0,0,0,0,0,0,0,0,0,0,0,0.8718,0,0,0,0,0,0,0,0,0,0,0
"C_Prdctv",0,0,0,0,0,0,0,0,0,0,0,0,0,0,0,0,0,0,0,0,1.3559,0,0,0,0,0,0,0,0,0,0
"C_Rspnbl",0,0,0,0,0,0,0,0,0,0,0,0,0,0,0,0,0,0,0,0,0,0.1424,0,0,0,0,0,0,0,0,0
"E_Assert",0,0,0,0,0,0,0,0,0,0,0,0,0,0,0,0,0,0,0,0,0,0,0.8346,0,0,0,0,0,0,0,0
"E_EnerLev",0,0,0,0,0,0,0,0,0,0,0,0,0,0,0,0,0,0,0,0,0,0,0,0.5979,0,0,0,0,0,0,0
"E_Scblty",0,0,0,0,0,0,0,0,0,0,0,0,0,0,0,0,0,0,0,0,0,0,0,0,0.2164,0,0,0,0,0,0
"N_Anxty",0,0,0,0,0,0,0,0,0,0,0,0,0,0,0,0,0,0,0,0,0,0,0,0,0,0.6333,0,0,0,0,0
"N_Depr",0,0,0,0,0,0,0,0,0,0,0,0,0,0,0,0,0,0,0,0,0,0,0,0,0,0,0.9369,0,0,0,0
"N_EmoVol",0,0,0,0,0,0,0,0,0,0,0,0,0,0,0,0,0,0,0,0,0,0,0,0,0,0,0,0.5466,0,0,0
"O_AesSens",0,0,0,0,0,0,0,0,0,0,0,0,0,0,0,0,0,0,0,0,0,0,0,0,0,0,0,0,0.8998,0,0
"O_CrtvImag",0,0,0,0,0,0,0,0,0,0,0,0,0,0,0,0,0,0,0,0,0,0,0,0,0,0,0,0,0,0.6263,0
"O_IntCur",0,0,0,0,0,0,0,0,0,0,0,0,0,0,0,0,0,0,0,0,0,0,0,0,0,0,0,0,0,0,0.9848
