"","cumsumT","A_Cmpnlag","A_Rspctlag","A_Trustlag","C_Orglag","C_Prdctvlag","C_Rspnbllag","E_Assertlag","E_EnerLevlag","E_Scbltylag","N_Anxtylag","N_Deprlag","N_EmoVollag","O_AesSenslag","O_CrtvImaglag","O_IntCurlag","A_Cmpn","A_Rspct","A_Trust","C_Org","C_Prdctv","C_Rspnbl","E_Assert","E_EnerLev","E_Scblty","N_Anxty","N_Depr","N_EmoVol","O_AesSens","O_CrtvImag","O_IntCur"
"cumsumT",0.9517,-0.1432,-0.3332,-0.1375,-0.2817,-0.0026,-0.0864,0.0343,0.0093,-0.0508,0.0694,0.1443,0.1789,0.0408,-0.1565,0.0061,0,0,0,0,0,0,0,0,0,0,0,0,0,0,0
"A_Cmpnlag",-0.1432,0.9935,0.1356,0.0913,0.1717,-0.1531,0.0416,0.1026,0.0036,-0.0196,0.0438,-0.2267,-0.2744,-0.0308,0.2581,-0.0998,0,0,0,0,0,0,0,0,0,0,0,0,0,0,0
"A_Rspctlag",-0.3332,0.1356,0.9801,0.2658,-0.0412,0.0911,-0.0646,0.1703,-0.0053,0.0336,-0.0347,-0.0159,-0.1852,0.1332,0.0935,0.0257,0,0,0,0,0,0,0,0,0,0,0,0,0,0,0
"A_Trustlag",-0.1375,0.0913,0.2658,0.9935,-0.0094,-0.1081,-0.0921,-0.1636,-0.2075,0.0036,-0.1781,-0.2189,-0.3453,-0.087,-0.1986,-0.0616,0,0,0,0,0,0,0,0,0,0,0,0,0,0,0
"C_Orglag",-0.2817,0.1717,-0.0412,-0.0094,0.993,0.0399,0.145,-0.1407,0.2133,0.1623,-0.1882,-0.2883,-0.1992,-0.0023,0.0386,0.2782,0,0,0,0,0,0,0,0,0,0,0,0,0,0,0
"C_Prdctvlag",-0.0026,-0.1531,0.0911,-0.1081,0.0399,0.999,0.1808,0.2309,0.1125,0.0224,0.001,0.0367,0.0112,-0.0955,0.0766,0.2742,0,0,0,0,0,0,0,0,0,0,0,0,0,0,0
"C_Rspnbllag",-0.0864,0.0416,-0.0646,-0.0921,0.145,0.1808,0.9939,-0.0575,0.1747,0.2177,-0.2346,-0.2033,-0.1077,-0.075,-0.0499,0.1869,0,0,0,0,0,0,0,0,0,0,0,0,0,0,0
"E_Assertlag",0.0343,0.1026,0.1703,-0.1636,-0.1407,0.2309,-0.0575,0.9998,0.1099,0.2219,0.0491,0.1844,0.0931,0.0261,0.1594,0.1376,0,0,0,0,0,0,0,0,0,0,0,0,0,0,0
"E_EnerLevlag",0.0093,0.0036,-0.0053,-0.2075,0.2133,0.1125,0.1747,0.1099,1,0.2063,-0.249,-0.1301,-0.0825,0.1624,-0.0018,0.2064,0,0,0,0,0,0,0,0,0,0,0,0,0,0,0
"E_Scbltylag",-0.0508,-0.0196,0.0336,0.0036,0.1623,0.0224,0.2177,0.2219,0.2063,0.9822,-0.2557,-0.2764,-0.0657,0.0863,-0.03,-0.0456,0,0,0,0,0,0,0,0,0,0,0,0,0,0,0
"N_Anxtylag",0.0694,0.0438,-0.0347,-0.1781,-0.1882,0.001,-0.2346,0.0491,-0.249,-0.2557,0.9994,0.3597,0.3705,0.0585,0.0118,0.0327,0,0,0,0,0,0,0,0,0,0,0,0,0,0,0
"N_Deprlag",0.1443,-0.2267,-0.0159,-0.2189,-0.2883,0.0367,-0.2033,0.1844,-0.1301,-0.2764,0.3597,0.9715,0.24,-0.0335,-0.0972,-0.044,0,0,0,0,0,0,0,0,0,0,0,0,0,0,0
"N_EmoVollag",0.1789,-0.2744,-0.1852,-0.3453,-0.1992,0.0112,-0.1077,0.0931,-0.0825,-0.0657,0.3705,0.24,0.8996,0.0823,-0.0443,0.0329,0,0,0,0,0,0,0,0,0,0,0,0,0,0,0
"O_AesSenslag",0.0408,-0.0308,0.1332,-0.087,-0.0023,-0.0955,-0.075,0.0261,0.1624,0.0863,0.0585,-0.0335,0.0823,0.9999,-0.0409,0.0896,0,0,0,0,0,0,0,0,0,0,0,0,0,0,0
"O_CrtvImaglag",-0.1565,0.2581,0.0935,-0.1986,0.0386,0.0766,-0.0499,0.1594,-0.0018,-0.03,0.0118,-0.0972,-0.0443,-0.0409,0.9977,-0.0825,0,0,0,0,0,0,0,0,0,0,0,0,0,0,0
"O_IntCurlag",0.0061,-0.0998,0.0257,-0.0616,0.2782,0.2742,0.1869,0.1376,0.2064,-0.0456,0.0327,-0.044,0.0329,0.0896,-0.0825,0.9999,0,0,0,0,0,0,0,0,0,0,0,0,0,0,0
"A_Cmpn",0,0,0,0,0,0,0,0,0,0,0,0,0,0,0,0,0.895,0,0,0,0,0,0,0,0,0,0,0,0,0,0
"A_Rspct",0,0,0,0,0,0,0,0,0,0,0,0,0,0,0,0,0,0.6035,0,0,0,0,0,0,0,0,0,0,0,0,0
"A_Trust",0,0,0,0,0,0,0,0,0,0,0,0,0,0,0,0,0,0,0.7061,0,0,0,0,0,0,0,0,0,0,0,0
"C_Org",0,0,0,0,0,0,0,0,0,0,0,0,0,0,0,0,0,0,0,0.6716,0,0,0,0,0,0,0,0,0,0,0
"C_Prdctv",0,0,0,0,0,0,0,0,0,0,0,0,0,0,0,0,0,0,0,0,0.7781,0,0,0,0,0,0,0,0,0,0
"C_Rspnbl",0,0,0,0,0,0,0,0,0,0,0,0,0,0,0,0,0,0,0,0,0,0.9142,0,0,0,0,0,0,0,0,0
"E_Assert",0,0,0,0,0,0,0,0,0,0,0,0,0,0,0,0,0,0,0,0,0,0,0.9998,0,0,0,0,0,0,0,0
"E_EnerLev",0,0,0,0,0,0,0,0,0,0,0,0,0,0,0,0,0,0,0,0,0,0,0,0.754,0,0,0,0,0,0,0
"E_Scblty",0,0,0,0,0,0,0,0,0,0,0,0,0,0,0,0,0,0,0,0,0,0,0,0,0.7807,0,0,0,0,0,0
"N_Anxty",0,0,0,0,0,0,0,0,0,0,0,0,0,0,0,0,0,0,0,0,0,0,0,0,0,0.7965,0,0,0,0,0
"N_Depr",0,0,0,0,0,0,0,0,0,0,0,0,0,0,0,0,0,0,0,0,0,0,0,0,0,0,0.7874,0,0,0,0
"N_EmoVol",0,0,0,0,0,0,0,0,0,0,0,0,0,0,0,0,0,0,0,0,0,0,0,0,0,0,0,0.9061,0,0,0
"O_AesSens",0,0,0,0,0,0,0,0,0,0,0,0,0,0,0,0,0,0,0,0,0,0,0,0,0,0,0,0,0.7753,0,0
"O_CrtvImag",0,0,0,0,0,0,0,0,0,0,0,0,0,0,0,0,0,0,0,0,0,0,0,0,0,0,0,0,0,0.9681,0
"O_IntCur",0,0,0,0,0,0,0,0,0,0,0,0,0,0,0,0,0,0,0,0,0,0,0,0,0,0,0,0,0,0,0.968
