"","cumsumT","A_Cmpnlag","A_Rspctlag","A_Trustlag","C_Orglag","C_Prdctvlag","C_Rspnbllag","E_Assertlag","E_EnerLevlag","E_Scbltylag","N_Anxtylag","N_Deprlag","N_EmoVollag","O_AesSenslag","O_CrtvImaglag","O_IntCurlag","A_Cmpn","A_Rspct","A_Trust","C_Org","C_Prdctv","C_Rspnbl","E_Assert","E_EnerLev","E_Scblty","N_Anxty","N_Depr","N_EmoVol","O_AesSens","O_CrtvImag","O_IntCur"
"cumsumT",1,0.1188,-0.0726,0.0549,-0.082,0.1051,0.1061,0.2318,0.2379,-0.0191,0.2528,-0.0847,0.3697,0.0933,0.1776,0.309,0,0,0,0,0,0,0,0,0,0,0,0,0,0,0
"A_Cmpnlag",0.1188,1,0.2647,0.5101,0.315,0.4359,0.4515,0.4782,0.392,0.5032,-0.1156,-0.1567,-0.2836,-0.0296,0.4853,0.3386,0,0,0,0,0,0,0,0,0,0,0,0,0,0,0
"A_Rspctlag",-0.0726,0.2647,1,-0.0365,0.4615,0.2756,0.3415,0.4084,0.5877,0.6111,-0.2432,-0.3915,-0.2519,-0.1476,0.4415,0.0207,0,0,0,0,0,0,0,0,0,0,0,0,0,0,0
"A_Trustlag",0.0549,0.5101,-0.0365,1,0.2506,0.3611,0.4282,0.294,0.2138,0.2769,-0.1816,-0.2956,-0.333,0.1295,0.2272,0.2921,0,0,0,0,0,0,0,0,0,0,0,0,0,0,0
"C_Orglag",-0.082,0.315,0.4615,0.2506,1,0.3064,0.3987,0.269,0.3155,0.3881,-0.5039,-0.2772,-0.1276,0.005,0.2078,-0.1156,0,0,0,0,0,0,0,0,0,0,0,0,0,0,0
"C_Prdctvlag",0.1051,0.4359,0.2756,0.3611,0.3064,1,0.4477,0.35,0.4794,0.2767,-0.1808,-0.1122,-0.2538,-0.3349,0.3323,0.3348,0,0,0,0,0,0,0,0,0,0,0,0,0,0,0
"C_Rspnbllag",0.1061,0.4515,0.3415,0.4282,0.3987,0.4477,1,0.2522,0.4782,0.3309,-0.3951,-0.2065,-0.1776,-0.0815,0.3908,0.2524,0,0,0,0,0,0,0,0,0,0,0,0,0,0,0
"E_Assertlag",0.2318,0.4782,0.4084,0.294,0.269,0.35,0.2522,1,0.4209,0.3806,-0.1461,-0.3859,-0.1794,-0.0431,0.3459,0.3014,0,0,0,0,0,0,0,0,0,0,0,0,0,0,0
"E_EnerLevlag",0.2379,0.392,0.5877,0.2138,0.3155,0.4794,0.4782,0.4209,1,0.5353,-0.3352,-0.3363,-0.0603,-0.1474,0.5863,0.3406,0,0,0,0,0,0,0,0,0,0,0,0,0,0,0
"E_Scbltylag",-0.0191,0.5032,0.6111,0.2769,0.3881,0.2767,0.3309,0.3806,0.5353,1,-0.3688,-0.4296,-0.2815,0.0195,0.511,-0.0676,0,0,0,0,0,0,0,0,0,0,0,0,0,0,0
"N_Anxtylag",0.2528,-0.1156,-0.2432,-0.1816,-0.5039,-0.1808,-0.3951,-0.1461,-0.3352,-0.3688,1,0.1194,0.2922,0.1392,-0.3131,0.216,0,0,0,0,0,0,0,0,0,0,0,0,0,0,0
"N_Deprlag",-0.0847,-0.1567,-0.3915,-0.2956,-0.2772,-0.1122,-0.2065,-0.3859,-0.3363,-0.4296,0.1194,1,0.2937,-0.0515,-0.1301,-0.1769,0,0,0,0,0,0,0,0,0,0,0,0,0,0,0
"N_EmoVollag",0.3697,-0.2836,-0.2519,-0.333,-0.1276,-0.2538,-0.1776,-0.1794,-0.0603,-0.2815,0.2922,0.2937,1,0.0203,-0.0747,-0.1854,0,0,0,0,0,0,0,0,0,0,0,0,0,0,0
"O_AesSenslag",0.0933,-0.0296,-0.1476,0.1295,0.005,-0.3349,-0.0815,-0.0431,-0.1474,0.0195,0.1392,-0.0515,0.0203,1,0.097,0.0292,0,0,0,0,0,0,0,0,0,0,0,0,0,0,0
"O_CrtvImaglag",0.1776,0.4853,0.4415,0.2272,0.2078,0.3323,0.3908,0.3459,0.5863,0.511,-0.3131,-0.1301,-0.0747,0.097,1,0.1339,0,0,0,0,0,0,0,0,0,0,0,0,0,0,0
"O_IntCurlag",0.309,0.3386,0.0207,0.2921,-0.1156,0.3348,0.2524,0.3014,0.3406,-0.0676,0.216,-0.1769,-0.1854,0.0292,0.1339,1,0,0,0,0,0,0,0,0,0,0,0,0,0,0,0
"A_Cmpn",0,0,0,0,0,0,0,0,0,0,0,0,0,0,0,0,1.018,0,0,0,0,0,0,0,0,0,0,0,0,0,0
"A_Rspct",0,0,0,0,0,0,0,0,0,0,0,0,0,0,0,0,0,0.4029,0,0,0,0,0,0,0,0,0,0,0,0,0
"A_Trust",0,0,0,0,0,0,0,0,0,0,0,0,0,0,0,0,0,0,0.8559,0,0,0,0,0,0,0,0,0,0,0,0
"C_Org",0,0,0,0,0,0,0,0,0,0,0,0,0,0,0,0,0,0,0,0.5842,0,0,0,0,0,0,0,0,0,0,0
"C_Prdctv",0,0,0,0,0,0,0,0,0,0,0,0,0,0,0,0,0,0,0,0,0.6015,0,0,0,0,0,0,0,0,0,0
"C_Rspnbl",0,0,0,0,0,0,0,0,0,0,0,0,0,0,0,0,0,0,0,0,0,0.3358,0,0,0,0,0,0,0,0,0
"E_Assert",0,0,0,0,0,0,0,0,0,0,0,0,0,0,0,0,0,0,0,0,0,0,0.5702,0,0,0,0,0,0,0,0
"E_EnerLev",0,0,0,0,0,0,0,0,0,0,0,0,0,0,0,0,0,0,0,0,0,0,0,0.3335,0,0,0,0,0,0,0
"E_Scblty",0,0,0,0,0,0,0,0,0,0,0,0,0,0,0,0,0,0,0,0,0,0,0,0,0.5059,0,0,0,0,0,0
"N_Anxty",0,0,0,0,0,0,0,0,0,0,0,0,0,0,0,0,0,0,0,0,0,0,0,0,0,0.7489,0,0,0,0,0
"N_Depr",0,0,0,0,0,0,0,0,0,0,0,0,0,0,0,0,0,0,0,0,0,0,0,0,0,0,0.67,0,0,0,0
"N_EmoVol",0,0,0,0,0,0,0,0,0,0,0,0,0,0,0,0,0,0,0,0,0,0,0,0,0,0,0,1.5703,0,0,0
"O_AesSens",0,0,0,0,0,0,0,0,0,0,0,0,0,0,0,0,0,0,0,0,0,0,0,0,0,0,0,0,0.7501,0,0
"O_CrtvImag",0,0,0,0,0,0,0,0,0,0,0,0,0,0,0,0,0,0,0,0,0,0,0,0,0,0,0,0,0,0.6642,0
"O_IntCur",0,0,0,0,0,0,0,0,0,0,0,0,0,0,0,0,0,0,0,0,0,0,0,0,0,0,0,0,0,0,0.7273
