"","cumsumT","A_Cmpnlag","A_Rspctlag","A_Trustlag","C_Orglag","C_Prdctvlag","C_Rspnbllag","E_Assertlag","E_EnerLevlag","E_Scbltylag","N_Anxtylag","N_Deprlag","N_EmoVollag","O_AesSenslag","O_CrtvImaglag","O_IntCurlag","A_Cmpn","A_Rspct","A_Trust","C_Org","C_Prdctv","C_Rspnbl","E_Assert","E_EnerLev","E_Scblty","N_Anxty","N_Depr","N_EmoVol","O_AesSens","O_CrtvImag","O_IntCur"
"cumsumT",0.9517,-0.1338,-0.2329,0.1532,0.1153,-0.0494,-0.0481,-0.1815,-0.229,0.062,-0.013,0.1398,-3e-04,0.181,-0.0696,0.1039,0,0,0,0,0,0,0,0,0,0,0,0,0,0,0
"A_Cmpnlag",-0.1338,0.9963,0.4368,0.2353,0.1342,-0.3578,0.0494,0.3623,0.1469,0.0321,-0.0894,-0.0519,0.0335,0.1094,-0.2255,0.1897,0,0,0,0,0,0,0,0,0,0,0,0,0,0,0
"A_Rspctlag",-0.2329,0.4368,0.998,0.3621,0.1598,-0.1905,0.0767,0.2435,0.2061,0.3364,0.0267,-0.1664,-0.1467,0.0727,-0.1581,0.0668,0,0,0,0,0,0,0,0,0,0,0,0,0,0,0
"A_Trustlag",0.1532,0.2353,0.3621,0.994,0.1375,-0.2279,-0.1287,-1e-04,-0.1679,-0.0174,-0.1296,-0.2584,-0.19,0.2382,-0.448,0.2439,0,0,0,0,0,0,0,0,0,0,0,0,0,0,0
"C_Orglag",0.1153,0.1342,0.1598,0.1375,0.9896,-0.063,0.0834,0.1034,0.0975,0.5298,-0.1682,-0.144,-0.2416,0.0878,-0.3084,0.1278,0,0,0,0,0,0,0,0,0,0,0,0,0,0,0
"C_Prdctvlag",-0.0494,-0.3578,-0.1905,-0.2279,-0.063,0.9922,0.2872,-0.2557,0.1948,0.0706,0.0194,-0.0173,-0.0477,-0.4136,0.151,-0.0465,0,0,0,0,0,0,0,0,0,0,0,0,0,0,0
"C_Rspnbllag",-0.0481,0.0494,0.0767,-0.1287,0.0834,0.2872,0.991,-0.0637,0.23,0.0958,-0.0941,-0.2284,-0.0695,-0.4178,0.1392,-0.0414,0,0,0,0,0,0,0,0,0,0,0,0,0,0,0
"E_Assertlag",-0.1815,0.3623,0.2435,-1e-04,0.1034,-0.2557,-0.0637,0.9897,0.2657,-0.1078,-0.0514,-0.1377,0.1348,0.2236,-0.1097,0.3697,0,0,0,0,0,0,0,0,0,0,0,0,0,0,0
"E_EnerLevlag",-0.229,0.1469,0.2061,-0.1679,0.0975,0.1948,0.23,0.2657,0.9994,0.3681,-0.2514,-0.0926,-0.0628,-0.1351,0.2125,0.0388,0,0,0,0,0,0,0,0,0,0,0,0,0,0,0
"E_Scbltylag",0.062,0.0321,0.3364,-0.0174,0.5298,0.0706,0.0958,-0.1078,0.3681,1,-0.2741,-0.0847,-0.3821,0.1501,0.1042,-0.0111,0,0,0,0,0,0,0,0,0,0,0,0,0,0,0
"N_Anxtylag",-0.013,-0.0894,0.0267,-0.1296,-0.1682,0.0194,-0.0941,-0.0514,-0.2514,-0.2741,0.9995,0.2761,0.1871,-0.0152,-0.1177,-0.0991,0,0,0,0,0,0,0,0,0,0,0,0,0,0,0
"N_Deprlag",0.1398,-0.0519,-0.1664,-0.2584,-0.144,-0.0173,-0.2284,-0.1377,-0.0926,-0.0847,0.2761,0.989,0.2585,-0.0818,0.0129,-0.1831,0,0,0,0,0,0,0,0,0,0,0,0,0,0,0
"N_EmoVollag",-3e-04,0.0335,-0.1467,-0.19,-0.2416,-0.0477,-0.0695,0.1348,-0.0628,-0.3821,0.1871,0.2585,0.9961,-0.1368,0.0539,-0.1265,0,0,0,0,0,0,0,0,0,0,0,0,0,0,0
"O_AesSenslag",0.181,0.1094,0.0727,0.2382,0.0878,-0.4136,-0.4178,0.2236,-0.1351,0.1501,-0.0152,-0.0818,-0.1368,0.9904,-0.1449,0.19,0,0,0,0,0,0,0,0,0,0,0,0,0,0,0
"O_CrtvImaglag",-0.0696,-0.2255,-0.1581,-0.448,-0.3084,0.151,0.1392,-0.1097,0.2125,0.1042,-0.1177,0.0129,0.0539,-0.1449,0.9951,-0.0272,0,0,0,0,0,0,0,0,0,0,0,0,0,0,0
"O_IntCurlag",0.1039,0.1897,0.0668,0.2439,0.1278,-0.0465,-0.0414,0.3697,0.0388,-0.0111,-0.0991,-0.1831,-0.1265,0.19,-0.0272,0.9921,0,0,0,0,0,0,0,0,0,0,0,0,0,0,0
"A_Cmpn",0,0,0,0,0,0,0,0,0,0,0,0,0,0,0,0,0.6511,0,0,0,0,0,0,0,0,0,0,0,0,0,0
"A_Rspct",0,0,0,0,0,0,0,0,0,0,0,0,0,0,0,0,0,0.5546,0,0,0,0,0,0,0,0,0,0,0,0,0
"A_Trust",0,0,0,0,0,0,0,0,0,0,0,0,0,0,0,0,0,0,0.4962,0,0,0,0,0,0,0,0,0,0,0,0
"C_Org",0,0,0,0,0,0,0,0,0,0,0,0,0,0,0,0,0,0,0,0.3971,0,0,0,0,0,0,0,0,0,0,0
"C_Prdctv",0,0,0,0,0,0,0,0,0,0,0,0,0,0,0,0,0,0,0,0,0.6169,0,0,0,0,0,0,0,0,0,0
"C_Rspnbl",0,0,0,0,0,0,0,0,0,0,0,0,0,0,0,0,0,0,0,0,0,0.7872,0,0,0,0,0,0,0,0,0
"E_Assert",0,0,0,0,0,0,0,0,0,0,0,0,0,0,0,0,0,0,0,0,0,0,0.7665,0,0,0,0,0,0,0,0
"E_EnerLev",0,0,0,0,0,0,0,0,0,0,0,0,0,0,0,0,0,0,0,0,0,0,0,0.7059,0,0,0,0,0,0,0
"E_Scblty",0,0,0,0,0,0,0,0,0,0,0,0,0,0,0,0,0,0,0,0,0,0,0,0,0.7271,0,0,0,0,0,0
"N_Anxty",0,0,0,0,0,0,0,0,0,0,0,0,0,0,0,0,0,0,0,0,0,0,0,0,0,0.769,0,0,0,0,0
"N_Depr",0,0,0,0,0,0,0,0,0,0,0,0,0,0,0,0,0,0,0,0,0,0,0,0,0,0,0.8367,0,0,0,0
"N_EmoVol",0,0,0,0,0,0,0,0,0,0,0,0,0,0,0,0,0,0,0,0,0,0,0,0,0,0,0,0.6851,0,0,0
"O_AesSens",0,0,0,0,0,0,0,0,0,0,0,0,0,0,0,0,0,0,0,0,0,0,0,0,0,0,0,0,0.7606,0,0
"O_CrtvImag",0,0,0,0,0,0,0,0,0,0,0,0,0,0,0,0,0,0,0,0,0,0,0,0,0,0,0,0,0,0.952,0
"O_IntCur",0,0,0,0,0,0,0,0,0,0,0,0,0,0,0,0,0,0,0,0,0,0,0,0,0,0,0,0,0,0,0.7147
