"","cumsumT","A_Cmpnlag","A_Rspctlag","A_Trustlag","C_Orglag","C_Prdctvlag","C_Rspnbllag","E_Assertlag","E_EnerLevlag","E_Scbltylag","N_Anxtylag","N_Deprlag","N_EmoVollag","O_AesSenslag","O_CrtvImaglag","O_IntCurlag","A_Cmpn","A_Rspct","A_Trust","C_Org","C_Prdctv","C_Rspnbl","E_Assert","E_EnerLev","E_Scblty","N_Anxty","N_Depr","N_EmoVol","O_AesSens","O_CrtvImag","O_IntCur"
"cumsumT",0.9545,0.0558,0.1325,-0.0321,0.1401,-0.1959,-0.1397,-0.08,-0.0932,0.0679,0.1123,0.2353,0.0768,0.1615,-0.0518,-0.0087,0,0,0,0,0,0,0,0,0,0,0,0,0,0,0
"A_Cmpnlag",0.0558,0.7625,0.1424,0.1502,0.2033,0.0667,0.0832,0.0649,0.199,0.0294,0.1787,0.1456,-0.1094,0.0586,0.1323,0.022,0,0,0,0,0,0,0,0,0,0,0,0,0,0,0
"A_Rspctlag",0.1325,0.1424,0.7871,0.1957,-0.032,-0.01,0.0669,-0.2163,0.0552,0.0262,-0.0296,-0.1486,-0.2722,-0.0591,0.1692,-0.1624,0,0,0,0,0,0,0,0,0,0,0,0,0,0,0
"A_Trustlag",-0.0321,0.1502,0.1957,0.8404,0.0606,-0.0346,-0.0625,-0.1733,0.1531,-0.0033,-0.1569,-0.2555,-0.4136,-0.0289,0.1405,-0.1546,0,0,0,0,0,0,0,0,0,0,0,0,0,0,0
"C_Orglag",0.1401,0.2033,-0.032,0.0606,0.905,0.3925,0.3391,0.1156,0.1621,-0.1251,0.0627,-0.0355,-0.1028,-0.0732,0.1177,0.2089,0,0,0,0,0,0,0,0,0,0,0,0,0,0,0
"C_Prdctvlag",-0.1959,0.0667,-0.01,-0.0346,0.3925,0.9513,0.582,0.2657,0.2351,0.3672,-0.0548,-0.1954,-0.0414,-0.2504,0.1051,0.3523,0,0,0,0,0,0,0,0,0,0,0,0,0,0,0
"C_Rspnbllag",-0.1397,0.0832,0.0669,-0.0625,0.3391,0.582,0.9396,0.168,0.0873,0.2393,0.1395,-0.3082,-0.0396,-0.0591,0.1728,0.0867,0,0,0,0,0,0,0,0,0,0,0,0,0,0,0
"E_Assertlag",-0.08,0.0649,-0.2163,-0.1733,0.1156,0.2657,0.168,0.9426,0.2935,0.2939,0.161,0.1041,0.1351,0.0129,0.3548,0.3597,0,0,0,0,0,0,0,0,0,0,0,0,0,0,0
"E_EnerLevlag",-0.0932,0.199,0.0552,0.1531,0.1621,0.2351,0.0873,0.2935,0.9262,0.4705,0.2574,-0.0496,-0.1841,-0.1892,0.4079,0.5183,0,0,0,0,0,0,0,0,0,0,0,0,0,0,0
"E_Scbltylag",0.0679,0.0294,0.0262,-0.0033,-0.1251,0.3672,0.2393,0.2939,0.4705,0.9993,0.1703,-0.0366,-0.0846,-0.2213,0.3354,0.4267,0,0,0,0,0,0,0,0,0,0,0,0,0,0,0
"N_Anxtylag",0.1123,0.1787,-0.0296,-0.1569,0.0627,-0.0548,0.1395,0.161,0.2574,0.1703,0.8871,0.3345,0.2113,0.0027,0.3196,0.0913,0,0,0,0,0,0,0,0,0,0,0,0,0,0,0
"N_Deprlag",0.2353,0.1456,-0.1486,-0.2555,-0.0355,-0.1954,-0.3082,0.1041,-0.0496,-0.0366,0.3345,0.8876,0.3749,-0.0061,0.064,-0.0727,0,0,0,0,0,0,0,0,0,0,0,0,0,0,0
"N_EmoVollag",0.0768,-0.1094,-0.2722,-0.4136,-0.1028,-0.0414,-0.0396,0.1351,-0.1841,-0.0846,0.2113,0.3749,0.8769,0.0961,-0.1371,0.0378,0,0,0,0,0,0,0,0,0,0,0,0,0,0,0
"O_AesSenslag",0.1615,0.0586,-0.0591,-0.0289,-0.0732,-0.2504,-0.0591,0.0129,-0.1892,-0.2213,0.0027,-0.0061,0.0961,0.9943,-0.0629,0.0042,0,0,0,0,0,0,0,0,0,0,0,0,0,0,0
"O_CrtvImaglag",-0.0518,0.1323,0.1692,0.1405,0.1177,0.1051,0.1728,0.3548,0.4079,0.3354,0.3196,0.064,-0.1371,-0.0629,0.8951,0.106,0,0,0,0,0,0,0,0,0,0,0,0,0,0,0
"O_IntCurlag",-0.0087,0.022,-0.1624,-0.1546,0.2089,0.3523,0.0867,0.3597,0.5183,0.4267,0.0913,-0.0727,0.0378,0.0042,0.106,0.9561,0,0,0,0,0,0,0,0,0,0,0,0,0,0,0
"A_Cmpn",0,0,0,0,0,0,0,0,0,0,0,0,0,0,0,0,0.8408,0,0,0,0,0,0,0,0,0,0,0,0,0,0
"A_Rspct",0,0,0,0,0,0,0,0,0,0,0,0,0,0,0,0,0,0.7738,0,0,0,0,0,0,0,0,0,0,0,0,0
"A_Trust",0,0,0,0,0,0,0,0,0,0,0,0,0,0,0,0,0,0,0.8092,0,0,0,0,0,0,0,0,0,0,0,0
"C_Org",0,0,0,0,0,0,0,0,0,0,0,0,0,0,0,0,0,0,0,0.6942,0,0,0,0,0,0,0,0,0,0,0
"C_Prdctv",0,0,0,0,0,0,0,0,0,0,0,0,0,0,0,0,0,0,0,0,0.7028,0,0,0,0,0,0,0,0,0,0
"C_Rspnbl",0,0,0,0,0,0,0,0,0,0,0,0,0,0,0,0,0,0,0,0,0,0.7674,0,0,0,0,0,0,0,0,0
"E_Assert",0,0,0,0,0,0,0,0,0,0,0,0,0,0,0,0,0,0,0,0,0,0,0.9435,0,0,0,0,0,0,0,0
"E_EnerLev",0,0,0,0,0,0,0,0,0,0,0,0,0,0,0,0,0,0,0,0,0,0,0,0.4605,0,0,0,0,0,0,0
"E_Scblty",0,0,0,0,0,0,0,0,0,0,0,0,0,0,0,0,0,0,0,0,0,0,0,0,0.5955,0,0,0,0,0,0
"N_Anxty",0,0,0,0,0,0,0,0,0,0,0,0,0,0,0,0,0,0,0,0,0,0,0,0,0,0.8092,0,0,0,0,0
"N_Depr",0,0,0,0,0,0,0,0,0,0,0,0,0,0,0,0,0,0,0,0,0,0,0,0,0,0,0.6398,0,0,0,0
"N_EmoVol",0,0,0,0,0,0,0,0,0,0,0,0,0,0,0,0,0,0,0,0,0,0,0,0,0,0,0,0.63,0,0,0
"O_AesSens",0,0,0,0,0,0,0,0,0,0,0,0,0,0,0,0,0,0,0,0,0,0,0,0,0,0,0,0,0.9981,0,0
"O_CrtvImag",0,0,0,0,0,0,0,0,0,0,0,0,0,0,0,0,0,0,0,0,0,0,0,0,0,0,0,0,0,0.8013,0
"O_IntCur",0,0,0,0,0,0,0,0,0,0,0,0,0,0,0,0,0,0,0,0,0,0,0,0,0,0,0,0,0,0,0.8225
