"","cumsumT","A_Cmpnlag","A_Rspctlag","A_Trustlag","C_Orglag","C_Prdctvlag","C_Rspnbllag","E_Assertlag","E_EnerLevlag","E_Scbltylag","N_Anxtylag","N_Deprlag","N_EmoVollag","O_AesSenslag","O_CrtvImaglag","O_IntCurlag","A_Cmpn","A_Rspct","A_Trust","C_Org","C_Prdctv","C_Rspnbl","E_Assert","E_EnerLev","E_Scblty","N_Anxty","N_Depr","N_EmoVol","O_AesSens","O_CrtvImag","O_IntCur"
"cumsumT",0.9342,0.0274,0.0684,-0.0685,0.1806,0.0911,-0.0861,0.0014,0.0337,-0.0834,0.0037,-0.1038,0.0049,0.1642,0.1582,-0.1159,0,0,0,0,0,0,0,0,0,0,0,0,0,0,0
"A_Cmpnlag",0.0274,0.9789,0.0528,0.1022,-0.0143,0.0066,-0.098,-0.0146,0.0502,0.0628,-0.1561,-0.2102,-0.3224,0.0036,0.0183,-0.1036,0,0,0,0,0,0,0,0,0,0,0,0,0,0,0
"A_Rspctlag",0.0684,0.0528,0.9989,0.1189,0.2526,-0.0304,0.2737,-0.0118,0.0203,0.2706,-0.0502,-0.0409,-0.0663,-0.2062,0.3141,0.055,0,0,0,0,0,0,0,0,0,0,0,0,0,0,0
"A_Trustlag",-0.0685,0.1022,0.1189,0.9952,0.0709,0.2395,0.1224,0.3424,0.1997,0.0183,-0.5018,-0.1628,-0.364,-0.0923,0.3231,-0.0942,0,0,0,0,0,0,0,0,0,0,0,0,0,0,0
"C_Orglag",0.1806,-0.0143,0.2526,0.0709,0.9742,0.4155,0.5505,-0.0538,0.321,0.354,-0.2091,-0.2936,-0.2014,-0.2419,0.335,0.0412,0,0,0,0,0,0,0,0,0,0,0,0,0,0,0
"C_Prdctvlag",0.0911,0.0066,-0.0304,0.2395,0.4155,0.9985,0.4538,0.1517,0.3535,-0.0818,-0.2101,-0.2601,-0.0273,-0.0523,0.2028,0.0168,0,0,0,0,0,0,0,0,0,0,0,0,0,0,0
"C_Rspnbllag",-0.0861,-0.098,0.2737,0.1224,0.5505,0.4538,0.9882,0.0481,0.3962,0.1227,-0.0866,-0.3487,-0.114,-0.3226,0.2884,-0.0456,0,0,0,0,0,0,0,0,0,0,0,0,0,0,0
"E_Assertlag",0.0014,-0.0146,-0.0118,0.3424,-0.0538,0.1517,0.0481,0.9385,0.1485,0.2149,-0.1545,-0.1318,-0.2237,0.007,0.0772,-0.0491,0,0,0,0,0,0,0,0,0,0,0,0,0,0,0
"E_EnerLevlag",0.0337,0.0502,0.0203,0.1997,0.321,0.3535,0.3962,0.1485,0.983,0.1665,-0.1686,-0.344,-0.2992,-0.3459,0.3061,0.2266,0,0,0,0,0,0,0,0,0,0,0,0,0,0,0
"E_Scbltylag",-0.0834,0.0628,0.2706,0.0183,0.354,-0.0818,0.1227,0.2149,0.1665,0.9981,-0.2836,-0.2987,-0.1615,-0.2711,0.1794,0.1908,0,0,0,0,0,0,0,0,0,0,0,0,0,0,0
"N_Anxtylag",0.0037,-0.1561,-0.0502,-0.5018,-0.2091,-0.2101,-0.0866,-0.1545,-0.1686,-0.2836,0.9894,0.1821,0.3857,0.0034,-0.2369,0.043,0,0,0,0,0,0,0,0,0,0,0,0,0,0,0
"N_Deprlag",-0.1038,-0.2102,-0.0409,-0.1628,-0.2936,-0.2601,-0.3487,-0.1318,-0.344,-0.2987,0.1821,0.9986,0.2023,0.3472,-0.3864,-0.14,0,0,0,0,0,0,0,0,0,0,0,0,0,0,0
"N_EmoVollag",0.0049,-0.3224,-0.0663,-0.364,-0.2014,-0.0273,-0.114,-0.2237,-0.2992,-0.1615,0.3857,0.2023,0.9999,0.116,0.0101,0.1029,0,0,0,0,0,0,0,0,0,0,0,0,0,0,0
"O_AesSenslag",0.1642,0.0036,-0.2062,-0.0923,-0.2419,-0.0523,-0.3226,0.007,-0.3459,-0.2711,0.0034,0.3472,0.116,0.9913,-0.176,-0.4421,0,0,0,0,0,0,0,0,0,0,0,0,0,0,0
"O_CrtvImaglag",0.1582,0.0183,0.3141,0.3231,0.335,0.2028,0.2884,0.0772,0.3061,0.1794,-0.2369,-0.3864,0.0101,-0.176,0.9999,0.1462,0,0,0,0,0,0,0,0,0,0,0,0,0,0,0
"O_IntCurlag",-0.1159,-0.1036,0.055,-0.0942,0.0412,0.0168,-0.0456,-0.0491,0.2266,0.1908,0.043,-0.14,0.1029,-0.4421,0.1462,0.9859,0,0,0,0,0,0,0,0,0,0,0,0,0,0,0
"A_Cmpn",0,0,0,0,0,0,0,0,0,0,0,0,0,0,0,0,0.6568,0,0,0,0,0,0,0,0,0,0,0,0,0,0
"A_Rspct",0,0,0,0,0,0,0,0,0,0,0,0,0,0,0,0,0,0.7985,0,0,0,0,0,0,0,0,0,0,0,0,0
"A_Trust",0,0,0,0,0,0,0,0,0,0,0,0,0,0,0,0,0,0,0.7619,0,0,0,0,0,0,0,0,0,0,0,0
"C_Org",0,0,0,0,0,0,0,0,0,0,0,0,0,0,0,0,0,0,0,0.668,0,0,0,0,0,0,0,0,0,0,0
"C_Prdctv",0,0,0,0,0,0,0,0,0,0,0,0,0,0,0,0,0,0,0,0,0.7964,0,0,0,0,0,0,0,0,0,0
"C_Rspnbl",0,0,0,0,0,0,0,0,0,0,0,0,0,0,0,0,0,0,0,0,0,0.644,0,0,0,0,0,0,0,0,0
"E_Assert",0,0,0,0,0,0,0,0,0,0,0,0,0,0,0,0,0,0,0,0,0,0,0.8876,0,0,0,0,0,0,0,0
"E_EnerLev",0,0,0,0,0,0,0,0,0,0,0,0,0,0,0,0,0,0,0,0,0,0,0,0.6329,0,0,0,0,0,0,0
"E_Scblty",0,0,0,0,0,0,0,0,0,0,0,0,0,0,0,0,0,0,0,0,0,0,0,0,0.8727,0,0,0,0,0,0
"N_Anxty",0,0,0,0,0,0,0,0,0,0,0,0,0,0,0,0,0,0,0,0,0,0,0,0,0,0.5968,0,0,0,0,0
"N_Depr",0,0,0,0,0,0,0,0,0,0,0,0,0,0,0,0,0,0,0,0,0,0,0,0,0,0,1.16,0,0,0,0
"N_EmoVol",0,0,0,0,0,0,0,0,0,0,0,0,0,0,0,0,0,0,0,0,0,0,0,0,0,0,0,0.3684,0,0,0
"O_AesSens",0,0,0,0,0,0,0,0,0,0,0,0,0,0,0,0,0,0,0,0,0,0,0,0,0,0,0,0,0.5851,0,0
"O_CrtvImag",0,0,0,0,0,0,0,0,0,0,0,0,0,0,0,0,0,0,0,0,0,0,0,0,0,0,0,0,0,0.6277,0
"O_IntCur",0,0,0,0,0,0,0,0,0,0,0,0,0,0,0,0,0,0,0,0,0,0,0,0,0,0,0,0,0,0,0.7055
