"","cumsumT","A_Cmpnlag","A_Rspctlag","A_Trustlag","C_Orglag","C_Prdctvlag","C_Rspnbllag","E_Assertlag","E_EnerLevlag","E_Scbltylag","N_Anxtylag","N_Deprlag","N_EmoVollag","O_AesSenslag","O_CrtvImaglag","O_IntCurlag","A_Cmpn","A_Rspct","A_Trust","C_Org","C_Prdctv","C_Rspnbl","E_Assert","E_EnerLev","E_Scblty","N_Anxty","N_Depr","N_EmoVol","O_AesSens","O_CrtvImag","O_IntCur"
"cumsumT",0.9428,-0.1037,0.1304,-0.172,-0.0372,-0.0681,0.1363,0.0217,-0.0337,-0.2648,-0.2322,-0.1271,0.015,-0.0041,0.0827,0.2014,0,0,0,0,0,0,0,0,0,0,0,0,0,0,0
"A_Cmpnlag",-0.1037,0.9769,0.201,0.3207,0.2051,-0.0763,-1e-04,0.1837,-0.0967,0.2602,-0.1764,0.0682,-0.0541,0.1205,0.1828,0.0412,0,0,0,0,0,0,0,0,0,0,0,0,0,0,0
"A_Rspctlag",0.1304,0.201,0.8723,0.0706,0.2706,0.2216,-0.0357,0.2407,-0.0569,0.0213,-0.4596,-0.2399,-0.0883,-0.191,-1e-04,0.0922,0,0,0,0,0,0,0,0,0,0,0,0,0,0,0
"A_Trustlag",-0.172,0.3207,0.0706,0.9837,0.2231,0.0884,-0.1203,0.0193,0.1454,-0.1746,-0.0036,-0.0225,-0.3513,-0.0699,0.1318,-0.0651,0,0,0,0,0,0,0,0,0,0,0,0,0,0,0
"C_Orglag",-0.0372,0.2051,0.2706,0.2231,0.9842,0.2962,0.2637,0.1548,0.0389,-0.0336,-0.2204,-0.2274,0.0045,-0.1981,-0.1209,0.2164,0,0,0,0,0,0,0,0,0,0,0,0,0,0,0
"C_Prdctvlag",-0.0681,-0.0763,0.2216,0.0884,0.2962,0.98,0.1058,0.2162,0.2679,0.1006,-0.1009,-0.038,-0.103,-0.2082,-0.3607,0.2853,0,0,0,0,0,0,0,0,0,0,0,0,0,0,0
"C_Rspnbllag",0.1363,-1e-04,-0.0357,-0.1203,0.2637,0.1058,0.9771,0.3184,-0.0753,0.0647,0.0645,-0.2921,-0.0455,0.07,0.0424,0.3084,0,0,0,0,0,0,0,0,0,0,0,0,0,0,0
"E_Assertlag",0.0217,0.1837,0.2407,0.0193,0.1548,0.2162,0.3184,0.9673,0.1185,0.3447,-0.1843,-0.1986,-0.3236,0.0467,0.1481,0.1822,0,0,0,0,0,0,0,0,0,0,0,0,0,0,0
"E_EnerLevlag",-0.0337,-0.0967,-0.0569,0.1454,0.0389,0.2679,-0.0753,0.1185,0.8829,0.0871,-0.0173,-0.244,-0.1885,0.0538,0.0196,0.0418,0,0,0,0,0,0,0,0,0,0,0,0,0,0,0
"E_Scbltylag",-0.2648,0.2602,0.0213,-0.1746,-0.0336,0.1006,0.0647,0.3447,0.0871,0.9275,-0.0602,-0.2284,-0.1231,0.22,0.0165,0.2736,0,0,0,0,0,0,0,0,0,0,0,0,0,0,0
"N_Anxtylag",-0.2322,-0.1764,-0.4596,-0.0036,-0.2204,-0.1009,0.0645,-0.1843,-0.0173,-0.0602,0.8663,0.1323,0.0617,-0.0149,0.0396,-0.1929,0,0,0,0,0,0,0,0,0,0,0,0,0,0,0
"N_Deprlag",-0.1271,0.0682,-0.2399,-0.0225,-0.2274,-0.038,-0.2921,-0.1986,-0.244,-0.2284,0.1323,0.9433,0.1693,0.1831,-0.241,-0.0548,0,0,0,0,0,0,0,0,0,0,0,0,0,0,0
"N_EmoVollag",0.015,-0.0541,-0.0883,-0.3513,0.0045,-0.103,-0.0455,-0.3236,-0.1885,-0.1231,0.0617,0.1693,0.8862,-0.2616,-0.3094,-0.0225,0,0,0,0,0,0,0,0,0,0,0,0,0,0,0
"O_AesSenslag",-0.0041,0.1205,-0.191,-0.0699,-0.1981,-0.2082,0.07,0.0467,0.0538,0.22,-0.0149,0.1831,-0.2616,0.9611,0.1853,0.0869,0,0,0,0,0,0,0,0,0,0,0,0,0,0,0
"O_CrtvImaglag",0.0827,0.1828,-1e-04,0.1318,-0.1209,-0.3607,0.0424,0.1481,0.0196,0.0165,0.0396,-0.241,-0.3094,0.1853,0.9955,-0.0571,0,0,0,0,0,0,0,0,0,0,0,0,0,0,0
"O_IntCurlag",0.2014,0.0412,0.0922,-0.0651,0.2164,0.2853,0.3084,0.1822,0.0418,0.2736,-0.1929,-0.0548,-0.0225,0.0869,-0.0571,0.9983,0,0,0,0,0,0,0,0,0,0,0,0,0,0,0
"A_Cmpn",0,0,0,0,0,0,0,0,0,0,0,0,0,0,0,0,0.4952,0,0,0,0,0,0,0,0,0,0,0,0,0,0
"A_Rspct",0,0,0,0,0,0,0,0,0,0,0,0,0,0,0,0,0,0.6206,0,0,0,0,0,0,0,0,0,0,0,0,0
"A_Trust",0,0,0,0,0,0,0,0,0,0,0,0,0,0,0,0,0,0,0.321,0,0,0,0,0,0,0,0,0,0,0,0
"C_Org",0,0,0,0,0,0,0,0,0,0,0,0,0,0,0,0,0,0,0,1.1945,0,0,0,0,0,0,0,0,0,0,0
"C_Prdctv",0,0,0,0,0,0,0,0,0,0,0,0,0,0,0,0,0,0,0,0,1.3894,0,0,0,0,0,0,0,0,0,0
"C_Rspnbl",0,0,0,0,0,0,0,0,0,0,0,0,0,0,0,0,0,0,0,0,0,0.4582,0,0,0,0,0,0,0,0,0
"E_Assert",0,0,0,0,0,0,0,0,0,0,0,0,0,0,0,0,0,0,0,0,0,0,0.4239,0,0,0,0,0,0,0,0
"E_EnerLev",0,0,0,0,0,0,0,0,0,0,0,0,0,0,0,0,0,0,0,0,0,0,0,0.7383,0,0,0,0,0,0,0
"E_Scblty",0,0,0,0,0,0,0,0,0,0,0,0,0,0,0,0,0,0,0,0,0,0,0,0,0.4676,0,0,0,0,0,0
"N_Anxty",0,0,0,0,0,0,0,0,0,0,0,0,0,0,0,0,0,0,0,0,0,0,0,0,0,0.5016,0,0,0,0,0
"N_Depr",0,0,0,0,0,0,0,0,0,0,0,0,0,0,0,0,0,0,0,0,0,0,0,0,0,0,0.6969,0,0,0,0
"N_EmoVol",0,0,0,0,0,0,0,0,0,0,0,0,0,0,0,0,0,0,0,0,0,0,0,0,0,0,0,0.7053,0,0,0
"O_AesSens",0,0,0,0,0,0,0,0,0,0,0,0,0,0,0,0,0,0,0,0,0,0,0,0,0,0,0,0,0.5179,0,0
"O_CrtvImag",0,0,0,0,0,0,0,0,0,0,0,0,0,0,0,0,0,0,0,0,0,0,0,0,0,0,0,0,0,0.6195,0
"O_IntCur",0,0,0,0,0,0,0,0,0,0,0,0,0,0,0,0,0,0,0,0,0,0,0,0,0,0,0,0,0,0,0.3905
