"","cumsumT","A_Cmpnlag","A_Rspctlag","A_Trustlag","C_Orglag","C_Prdctvlag","C_Rspnbllag","E_Assertlag","E_EnerLevlag","E_Scbltylag","N_Anxtylag","N_Deprlag","N_EmoVollag","O_AesSenslag","O_CrtvImaglag","O_IntCurlag","A_Cmpn","A_Rspct","A_Trust","C_Org","C_Prdctv","C_Rspnbl","E_Assert","E_EnerLev","E_Scblty","N_Anxty","N_Depr","N_EmoVol","O_AesSens","O_CrtvImag","O_IntCur"
"cumsumT",0.9429,-0.0336,0.335,0.1132,0.1137,-0.2113,-0.0375,-0.1702,-0.1136,-0.3469,0.4371,0.3651,0.1005,0.0998,-0.0766,-0.1027,0,0,0,0,0,0,0,0,0,0,0,0,0,0,0
"A_Cmpnlag",-0.0336,0.9746,0.4243,0.3521,0.4079,0.3749,0.4349,0.5556,0.4929,0.2984,-0.393,-0.3642,-0.3979,0.0687,0.2213,0.4789,0,0,0,0,0,0,0,0,0,0,0,0,0,0,0
"A_Rspctlag",0.335,0.4243,0.996,0.3461,0.3756,0.3284,0.3494,0.1605,0.4634,0.0819,-0.2422,-0.0961,-0.2319,0.1609,0.1097,0.0455,0,0,0,0,0,0,0,0,0,0,0,0,0,0,0
"A_Trustlag",0.1132,0.3521,0.3461,0.9583,-0.0414,0.0852,-0.0423,0.0835,0.1041,0.1309,-0.0983,-0.2665,-0.1857,0.3768,-0.2113,0.3841,0,0,0,0,0,0,0,0,0,0,0,0,0,0,0
"C_Orglag",0.1137,0.4079,0.3756,-0.0414,0.9312,0.4251,0.5275,0.2051,0.4928,-0.008,-0.2646,0.0371,-0.0299,-0.3616,0.262,0.0549,0,0,0,0,0,0,0,0,0,0,0,0,0,0,0
"C_Prdctvlag",-0.2113,0.3749,0.3284,0.0852,0.4251,0.9246,0.3214,0.332,0.484,0.343,-0.4519,-0.2323,-0.374,-0.0702,7e-04,0.0105,0,0,0,0,0,0,0,0,0,0,0,0,0,0,0
"C_Rspnbllag",-0.0375,0.4349,0.3494,-0.0423,0.5275,0.3214,0.9939,0.2194,0.3111,0.1362,-0.3829,-0.2887,-0.1811,-0.3816,0.2073,0.0341,0,0,0,0,0,0,0,0,0,0,0,0,0,0,0
"E_Assertlag",-0.1702,0.5556,0.1605,0.0835,0.2051,0.332,0.2194,0.9506,0.3093,0.3399,-0.371,-0.2482,-0.3617,0.0374,0.2161,0.4281,0,0,0,0,0,0,0,0,0,0,0,0,0,0,0
"E_EnerLevlag",-0.1136,0.4929,0.4634,0.1041,0.4928,0.484,0.3111,0.3093,0.9609,0.4919,-0.3909,-0.1106,-0.2392,0.2441,0.044,0.2449,0,0,0,0,0,0,0,0,0,0,0,0,0,0,0
"E_Scbltylag",-0.3469,0.2984,0.0819,0.1309,-0.008,0.343,0.1362,0.3399,0.4919,0.9763,-0.398,-0.3708,-0.3419,0.2257,0.0692,0.4125,0,0,0,0,0,0,0,0,0,0,0,0,0,0,0
"N_Anxtylag",0.4371,-0.393,-0.2422,-0.0983,-0.2646,-0.4519,-0.3829,-0.371,-0.3909,-0.398,0.9839,0.4583,0.3947,-0.097,-0.0292,-0.2938,0,0,0,0,0,0,0,0,0,0,0,0,0,0,0
"N_Deprlag",0.3651,-0.3642,-0.0961,-0.2665,0.0371,-0.2323,-0.2887,-0.2482,-0.1106,-0.3708,0.4583,0.8772,0.2401,-0.1213,-0.0783,-0.2656,0,0,0,0,0,0,0,0,0,0,0,0,0,0,0
"N_EmoVollag",0.1005,-0.3979,-0.2319,-0.1857,-0.0299,-0.374,-0.1811,-0.3617,-0.2392,-0.3419,0.3947,0.2401,0.8901,-0.2225,0.0258,-0.297,0,0,0,0,0,0,0,0,0,0,0,0,0,0,0
"O_AesSenslag",0.0998,0.0687,0.1609,0.3768,-0.3616,-0.0702,-0.3816,0.0374,0.2441,0.2257,-0.097,-0.1213,-0.2225,0.9974,-0.4101,0.2723,0,0,0,0,0,0,0,0,0,0,0,0,0,0,0
"O_CrtvImaglag",-0.0766,0.2213,0.1097,-0.2113,0.262,7e-04,0.2073,0.2161,0.044,0.0692,-0.0292,-0.0783,0.0258,-0.4101,0.9975,-0.0403,0,0,0,0,0,0,0,0,0,0,0,0,0,0,0
"O_IntCurlag",-0.1027,0.4789,0.0455,0.3841,0.0549,0.0105,0.0341,0.4281,0.2449,0.4125,-0.2938,-0.2656,-0.297,0.2723,-0.0403,0.9909,0,0,0,0,0,0,0,0,0,0,0,0,0,0,0
"A_Cmpn",0,0,0,0,0,0,0,0,0,0,0,0,0,0,0,0,0.6337,0,0,0,0,0,0,0,0,0,0,0,0,0,0
"A_Rspct",0,0,0,0,0,0,0,0,0,0,0,0,0,0,0,0,0,0.5405,0,0,0,0,0,0,0,0,0,0,0,0,0
"A_Trust",0,0,0,0,0,0,0,0,0,0,0,0,0,0,0,0,0,0,0.7006,0,0,0,0,0,0,0,0,0,0,0,0
"C_Org",0,0,0,0,0,0,0,0,0,0,0,0,0,0,0,0,0,0,0,0.3536,0,0,0,0,0,0,0,0,0,0,0
"C_Prdctv",0,0,0,0,0,0,0,0,0,0,0,0,0,0,0,0,0,0,0,0,0.5797,0,0,0,0,0,0,0,0,0,0
"C_Rspnbl",0,0,0,0,0,0,0,0,0,0,0,0,0,0,0,0,0,0,0,0,0,0.5347,0,0,0,0,0,0,0,0,0
"E_Assert",0,0,0,0,0,0,0,0,0,0,0,0,0,0,0,0,0,0,0,0,0,0,0.5452,0,0,0,0,0,0,0,0
"E_EnerLev",0,0,0,0,0,0,0,0,0,0,0,0,0,0,0,0,0,0,0,0,0,0,0,0.409,0,0,0,0,0,0,0
"E_Scblty",0,0,0,0,0,0,0,0,0,0,0,0,0,0,0,0,0,0,0,0,0,0,0,0,0.7416,0,0,0,0,0,0
"N_Anxty",0,0,0,0,0,0,0,0,0,0,0,0,0,0,0,0,0,0,0,0,0,0,0,0,0,0.5012,0,0,0,0,0
"N_Depr",0,0,0,0,0,0,0,0,0,0,0,0,0,0,0,0,0,0,0,0,0,0,0,0,0,0,0.3357,0,0,0,0
"N_EmoVol",0,0,0,0,0,0,0,0,0,0,0,0,0,0,0,0,0,0,0,0,0,0,0,0,0,0,0,0.0986,0,0,0
"O_AesSens",0,0,0,0,0,0,0,0,0,0,0,0,0,0,0,0,0,0,0,0,0,0,0,0,0,0,0,0,0.9901,0,0
"O_CrtvImag",0,0,0,0,0,0,0,0,0,0,0,0,0,0,0,0,0,0,0,0,0,0,0,0,0,0,0,0,0,0.8578,0
"O_IntCur",0,0,0,0,0,0,0,0,0,0,0,0,0,0,0,0,0,0,0,0,0,0,0,0,0,0,0,0,0,0,0.3326
