"","cumsumT","A_Cmpnlag","A_Rspctlag","A_Trustlag","C_Orglag","C_Prdctvlag","C_Rspnbllag","E_Assertlag","E_EnerLevlag","E_Scbltylag","N_Anxtylag","N_Deprlag","N_EmoVollag","O_AesSenslag","O_CrtvImaglag","O_IntCurlag","A_Cmpn","A_Rspct","A_Trust","C_Org","C_Prdctv","C_Rspnbl","E_Assert","E_EnerLev","E_Scblty","N_Anxty","N_Depr","N_EmoVol","O_AesSens","O_CrtvImag","O_IntCur"
"cumsumT",0.9415,-0.1291,-0.1395,0.1754,-0.142,0.054,-0.2318,0.1116,0.1509,-0.0381,0.1117,-0.1227,0.0232,0.0442,-0.0188,0.1071,0,0,0,0,0,0,0,0,0,0,0,0,0,0,0
"A_Cmpnlag",-0.1291,0.9934,0.4179,0.2912,0.2353,-0.0892,0.1902,0.467,0.1211,0.1649,-0.3211,-0.2954,-0.267,0.2604,0.2273,-0.174,0,0,0,0,0,0,0,0,0,0,0,0,0,0,0
"A_Rspctlag",-0.1395,0.4179,0.9988,0.3287,0.5045,0.1263,-0.0074,0.5164,-0.0035,-0.1389,-0.3101,-0.3619,-0.5816,-0.0778,-0.3053,-0.4027,0,0,0,0,0,0,0,0,0,0,0,0,0,0,0
"A_Trustlag",0.1754,0.2912,0.3287,0.9837,0.2176,0.0758,-0.3574,0.2652,0.2012,-0.0791,-0.1724,-0.4307,-0.1102,0.1939,-0.2371,0.1596,0,0,0,0,0,0,0,0,0,0,0,0,0,0,0
"C_Orglag",-0.142,0.2353,0.5045,0.2176,0.9751,0.2217,0.1355,0.2851,-0.0044,-0.2312,-0.1579,-0.3467,-0.6095,-0.0442,-0.3396,-0.3897,0,0,0,0,0,0,0,0,0,0,0,0,0,0,0
"C_Prdctvlag",0.054,-0.0892,0.1263,0.0758,0.2217,0.9946,-0.0407,0.0763,0.1832,0.1458,0.174,-0.594,-0.2038,-0.0128,-0.1459,0.0602,0,0,0,0,0,0,0,0,0,0,0,0,0,0,0
"C_Rspnbllag",-0.2318,0.1902,-0.0074,-0.3574,0.1355,-0.0407,0.9999,-0.0436,-0.0502,0.2994,-0.1688,-0.0467,-0.3319,0.1528,0.3897,-0.1377,0,0,0,0,0,0,0,0,0,0,0,0,0,0,0
"E_Assertlag",0.1116,0.467,0.5164,0.2652,0.2851,0.0763,-0.0436,0.8709,0.2077,0.0838,-0.1793,-0.293,-0.3892,0.0191,-0.0468,-0.3039,0,0,0,0,0,0,0,0,0,0,0,0,0,0,0
"E_EnerLevlag",0.1509,0.1211,-0.0035,0.2012,-0.0044,0.1832,-0.0502,0.2077,0.9994,0.5513,0.0605,-0.1541,0.2158,0.1275,0.259,0.3621,0,0,0,0,0,0,0,0,0,0,0,0,0,0,0
"E_Scbltylag",-0.0381,0.1649,-0.1389,-0.0791,-0.2312,0.1458,0.2994,0.0838,0.5513,0.9966,0.1976,-0.0459,0.1358,0.3828,0.4956,0.3802,0,0,0,0,0,0,0,0,0,0,0,0,0,0,0
"N_Anxtylag",0.1117,-0.3211,-0.3101,-0.1724,-0.1579,0.174,-0.1688,-0.1793,0.0605,0.1976,0.9972,0.2643,0.4733,-0.0454,0.049,0.3011,0,0,0,0,0,0,0,0,0,0,0,0,0,0,0
"N_Deprlag",-0.1227,-0.2954,-0.3619,-0.4307,-0.3467,-0.594,-0.0467,-0.293,-0.1541,-0.0459,0.2643,0.9867,0.4613,-0.1334,0.0298,-0.0416,0,0,0,0,0,0,0,0,0,0,0,0,0,0,0
"N_EmoVollag",0.0232,-0.267,-0.5816,-0.1102,-0.6095,-0.2038,-0.3319,-0.3892,0.2158,0.1358,0.4733,0.4613,0.9765,0.0324,0.2403,0.5063,0,0,0,0,0,0,0,0,0,0,0,0,0,0,0
"O_AesSenslag",0.0442,0.2604,-0.0778,0.1939,-0.0442,-0.0128,0.1528,0.0191,0.1275,0.3828,-0.0454,-0.1334,0.0324,0.9963,0.3459,0.1214,0,0,0,0,0,0,0,0,0,0,0,0,0,0,0
"O_CrtvImaglag",-0.0188,0.2273,-0.3053,-0.2371,-0.3396,-0.1459,0.3897,-0.0468,0.259,0.4956,0.049,0.0298,0.2403,0.3459,0.9743,0.2707,0,0,0,0,0,0,0,0,0,0,0,0,0,0,0
"O_IntCurlag",0.1071,-0.174,-0.4027,0.1596,-0.3897,0.0602,-0.1377,-0.3039,0.3621,0.3802,0.3011,-0.0416,0.5063,0.1214,0.2707,0.9998,0,0,0,0,0,0,0,0,0,0,0,0,0,0,0
"A_Cmpn",0,0,0,0,0,0,0,0,0,0,0,0,0,0,0,0,0.5101,0,0,0,0,0,0,0,0,0,0,0,0,0,0
"A_Rspct",0,0,0,0,0,0,0,0,0,0,0,0,0,0,0,0,0,0.3711,0,0,0,0,0,0,0,0,0,0,0,0,0
"A_Trust",0,0,0,0,0,0,0,0,0,0,0,0,0,0,0,0,0,0,0.7263,0,0,0,0,0,0,0,0,0,0,0,0
"C_Org",0,0,0,0,0,0,0,0,0,0,0,0,0,0,0,0,0,0,0,0.3667,0,0,0,0,0,0,0,0,0,0,0
"C_Prdctv",0,0,0,0,0,0,0,0,0,0,0,0,0,0,0,0,0,0,0,0,0.4262,0,0,0,0,0,0,0,0,0,0
"C_Rspnbl",0,0,0,0,0,0,0,0,0,0,0,0,0,0,0,0,0,0,0,0,0,0.7814,0,0,0,0,0,0,0,0,0
"E_Assert",0,0,0,0,0,0,0,0,0,0,0,0,0,0,0,0,0,0,0,0,0,0,1.1348,0,0,0,0,0,0,0,0
"E_EnerLev",0,0,0,0,0,0,0,0,0,0,0,0,0,0,0,0,0,0,0,0,0,0,0,0.2021,0,0,0,0,0,0,0
"E_Scblty",0,0,0,0,0,0,0,0,0,0,0,0,0,0,0,0,0,0,0,0,0,0,0,0,0.8439,0,0,0,0,0,0
"N_Anxty",0,0,0,0,0,0,0,0,0,0,0,0,0,0,0,0,0,0,0,0,0,0,0,0,0,0.7526,0,0,0,0,0
"N_Depr",0,0,0,0,0,0,0,0,0,0,0,0,0,0,0,0,0,0,0,0,0,0,0,0,0,0,0.756,0,0,0,0
"N_EmoVol",0,0,0,0,0,0,0,0,0,0,0,0,0,0,0,0,0,0,0,0,0,0,0,0,0,0,0,0.5221,0,0,0
"O_AesSens",0,0,0,0,0,0,0,0,0,0,0,0,0,0,0,0,0,0,0,0,0,0,0,0,0,0,0,0,0.8354,0,0
"O_CrtvImag",0,0,0,0,0,0,0,0,0,0,0,0,0,0,0,0,0,0,0,0,0,0,0,0,0,0,0,0,0,0.6815,0
"O_IntCur",0,0,0,0,0,0,0,0,0,0,0,0,0,0,0,0,0,0,0,0,0,0,0,0,0,0,0,0,0,0,0.9265
