"","cumsumT","A_Cmpnlag","A_Rspctlag","A_Trustlag","C_Orglag","C_Prdctvlag","C_Rspnbllag","E_Assertlag","E_EnerLevlag","E_Scbltylag","N_Anxtylag","N_Deprlag","N_EmoVollag","O_AesSenslag","O_CrtvImaglag","O_IntCurlag","A_Cmpn","A_Rspct","A_Trust","C_Org","C_Prdctv","C_Rspnbl","E_Assert","E_EnerLev","E_Scblty","N_Anxty","N_Depr","N_EmoVol","O_AesSens","O_CrtvImag","O_IntCur"
"cumsumT",0.9476,0.0635,-0.2541,0.013,-0.2071,-0.0729,-0.1673,-0.2671,-0.2495,-0.2542,0.2197,0.2289,0.3004,-0.0226,-0.187,-0.0026,0,0,0,0,0,0,0,0,0,0,0,0,0,0,0
"A_Cmpnlag",0.0635,0.9974,0.3564,0.3361,0.4716,0.3985,0.4889,0.2068,0.344,0.1287,-0.2037,-0.2733,-0.1983,0.032,0.3696,0.1755,0,0,0,0,0,0,0,0,0,0,0,0,0,0,0
"A_Rspctlag",-0.2541,0.3564,0.9998,0.1942,0.0712,0.2639,0.2958,0.4331,0.2964,0.5496,-0.0893,-0.3225,-0.3328,-0.0999,0.2731,0.0164,0,0,0,0,0,0,0,0,0,0,0,0,0,0,0
"A_Trustlag",0.013,0.3361,0.1942,0.9992,0.3768,0.0789,0.0819,0.1937,0.1246,0.1809,-0.2741,-0.1619,-0.1885,-0.0839,0.1665,0.1681,0,0,0,0,0,0,0,0,0,0,0,0,0,0,0
"C_Orglag",-0.2071,0.4716,0.0712,0.3768,0.9689,0.2729,0.3465,0.1272,0.3477,-0.1073,-0.2949,-0.3195,-0.2902,-0.1423,0.2876,0.1272,0,0,0,0,0,0,0,0,0,0,0,0,0,0,0
"C_Prdctvlag",-0.0729,0.3985,0.2639,0.0789,0.2729,0.9989,0.4877,0.4128,0.3866,0.2373,-0.0976,-0.3953,-0.5022,0.0915,0.2015,0.3509,0,0,0,0,0,0,0,0,0,0,0,0,0,0,0
"C_Rspnbllag",-0.1673,0.4889,0.2958,0.0819,0.3465,0.4877,0.974,0.306,0.4344,0.2772,-0.3263,-0.4355,-0.4401,-0.0105,0.4587,0.2115,0,0,0,0,0,0,0,0,0,0,0,0,0,0,0
"E_Assertlag",-0.2671,0.2068,0.4331,0.1937,0.1272,0.4128,0.306,0.9942,0.5431,0.6477,0.0293,-0.267,-0.2331,0.0522,0.2349,0.1987,0,0,0,0,0,0,0,0,0,0,0,0,0,0,0
"E_EnerLevlag",-0.2495,0.344,0.2964,0.1246,0.3477,0.3866,0.4344,0.5431,0.9967,0.5344,-0.2245,-0.3183,-0.3295,0.0277,0.4001,0.2197,0,0,0,0,0,0,0,0,0,0,0,0,0,0,0
"E_Scbltylag",-0.2542,0.1287,0.5496,0.1809,-0.1073,0.2373,0.2772,0.6477,0.5344,0.9865,-0.1047,-0.2611,-0.2454,-0.1194,0.2188,0.0927,0,0,0,0,0,0,0,0,0,0,0,0,0,0,0
"N_Anxtylag",0.2197,-0.2037,-0.0893,-0.2741,-0.2949,-0.0976,-0.3263,0.0293,-0.2245,-0.1047,0.9502,0.3702,0.4232,-0.1285,-0.4156,-0.031,0,0,0,0,0,0,0,0,0,0,0,0,0,0,0
"N_Deprlag",0.2289,-0.2733,-0.3225,-0.1619,-0.3195,-0.3953,-0.4355,-0.267,-0.3183,-0.2611,0.3702,0.9872,0.6239,0.1696,-0.4198,-0.2278,0,0,0,0,0,0,0,0,0,0,0,0,0,0,0
"N_EmoVollag",0.3004,-0.1983,-0.3328,-0.1885,-0.2902,-0.5022,-0.4401,-0.2331,-0.3295,-0.2454,0.4232,0.6239,0.987,0.0424,-0.3168,-0.2338,0,0,0,0,0,0,0,0,0,0,0,0,0,0,0
"O_AesSenslag",-0.0226,0.032,-0.0999,-0.0839,-0.1423,0.0915,-0.0105,0.0522,0.0277,-0.1194,-0.1285,0.1696,0.0424,0.9247,0.0567,0.2918,0,0,0,0,0,0,0,0,0,0,0,0,0,0,0
"O_CrtvImaglag",-0.187,0.3696,0.2731,0.1665,0.2876,0.2015,0.4587,0.2349,0.4001,0.2188,-0.4156,-0.4198,-0.3168,0.0567,0.9968,0.399,0,0,0,0,0,0,0,0,0,0,0,0,0,0,0
"O_IntCurlag",-0.0026,0.1755,0.0164,0.1681,0.1272,0.3509,0.2115,0.1987,0.2197,0.0927,-0.031,-0.2278,-0.2338,0.2918,0.399,0.9976,0,0,0,0,0,0,0,0,0,0,0,0,0,0,0
"A_Cmpn",0,0,0,0,0,0,0,0,0,0,0,0,0,0,0,0,0.7527,0,0,0,0,0,0,0,0,0,0,0,0,0,0
"A_Rspct",0,0,0,0,0,0,0,0,0,0,0,0,0,0,0,0,0,0.6048,0,0,0,0,0,0,0,0,0,0,0,0,0
"A_Trust",0,0,0,0,0,0,0,0,0,0,0,0,0,0,0,0,0,0,0.8798,0,0,0,0,0,0,0,0,0,0,0,0
"C_Org",0,0,0,0,0,0,0,0,0,0,0,0,0,0,0,0,0,0,0,0.7099,0,0,0,0,0,0,0,0,0,0,0
"C_Prdctv",0,0,0,0,0,0,0,0,0,0,0,0,0,0,0,0,0,0,0,0,0.6737,0,0,0,0,0,0,0,0,0,0
"C_Rspnbl",0,0,0,0,0,0,0,0,0,0,0,0,0,0,0,0,0,0,0,0,0,0.7514,0,0,0,0,0,0,0,0,0
"E_Assert",0,0,0,0,0,0,0,0,0,0,0,0,0,0,0,0,0,0,0,0,0,0,0.5071,0,0,0,0,0,0,0,0
"E_EnerLev",0,0,0,0,0,0,0,0,0,0,0,0,0,0,0,0,0,0,0,0,0,0,0,0.887,0,0,0,0,0,0,0
"E_Scblty",0,0,0,0,0,0,0,0,0,0,0,0,0,0,0,0,0,0,0,0,0,0,0,0,0.8026,0,0,0,0,0,0
"N_Anxty",0,0,0,0,0,0,0,0,0,0,0,0,0,0,0,0,0,0,0,0,0,0,0,0,0,0.3561,0,0,0,0,0
"N_Depr",0,0,0,0,0,0,0,0,0,0,0,0,0,0,0,0,0,0,0,0,0,0,0,0,0,0,0.4597,0,0,0,0
"N_EmoVol",0,0,0,0,0,0,0,0,0,0,0,0,0,0,0,0,0,0,0,0,0,0,0,0,0,0,0,0.507,0,0,0
"O_AesSens",0,0,0,0,0,0,0,0,0,0,0,0,0,0,0,0,0,0,0,0,0,0,0,0,0,0,0,0,0.662,0,0
"O_CrtvImag",0,0,0,0,0,0,0,0,0,0,0,0,0,0,0,0,0,0,0,0,0,0,0,0,0,0,0,0,0,0.6626,0
"O_IntCur",0,0,0,0,0,0,0,0,0,0,0,0,0,0,0,0,0,0,0,0,0,0,0,0,0,0,0,0,0,0,0.7558
