"","cumsumT","A_Cmpnlag","A_Rspctlag","A_Trustlag","C_Orglag","C_Prdctvlag","C_Rspnbllag","E_Assertlag","E_EnerLevlag","E_Scbltylag","N_Anxtylag","N_Deprlag","N_EmoVollag","O_AesSenslag","O_CrtvImaglag","O_IntCurlag","A_Cmpn","A_Rspct","A_Trust","C_Org","C_Prdctv","C_Rspnbl","E_Assert","E_EnerLev","E_Scblty","N_Anxty","N_Depr","N_EmoVol","O_AesSens","O_CrtvImag","O_IntCur"
"cumsumT",0.9501,-0.1356,-0.0792,0.0586,0.0394,-0.0233,8e-04,-0.0126,0.1855,-0.0077,0.3971,-0.0511,0.1747,-0.1232,0.1014,-0.1837,0,0,0,0,0,0,0,0,0,0,0,0,0,0,0
"A_Cmpnlag",-0.1356,0.9572,-0.0909,0.4675,0.4494,-0.3579,-0.2539,-0.0677,0.2235,-0.3999,-0.2064,0.2263,-0.0782,-0.0356,-0.4631,-0.3184,0,0,0,0,0,0,0,0,0,0,0,0,0,0,0
"A_Rspctlag",-0.0792,-0.0909,0.9942,0.0078,-0.1427,0.1792,0.0377,0.0846,-0.0479,0.1827,-0.0055,-0.0491,0.0616,0.1703,0.0723,-0.1151,0,0,0,0,0,0,0,0,0,0,0,0,0,0,0
"A_Trustlag",0.0586,0.4675,0.0078,0.89,0.221,-0.2057,-0.3749,0.1795,0.2763,-0.3351,0.021,0.0028,-0.1157,-0.0326,-0.2037,-0.2569,0,0,0,0,0,0,0,0,0,0,0,0,0,0,0
"C_Orglag",0.0394,0.4494,-0.1427,0.221,0.9922,-0.0308,0.2145,-0.2716,0.473,-0.3323,-0.2916,-0.1468,0.2841,-0.1765,-0.0213,-0.3962,0,0,0,0,0,0,0,0,0,0,0,0,0,0,0
"C_Prdctvlag",-0.0233,-0.3579,0.1792,-0.2057,-0.0308,0.9998,0.4776,0.1785,-0.0253,0.3242,-0.2659,-0.3351,-0.0556,-0.0715,0.2941,0.2558,0,0,0,0,0,0,0,0,0,0,0,0,0,0,0
"C_Rspnbllag",8e-04,-0.2539,0.0377,-0.3749,0.2145,0.4776,0.997,-0.2812,-0.0234,0.2623,-0.3365,-0.1793,0.0483,-0.0717,0.4981,0.0364,0,0,0,0,0,0,0,0,0,0,0,0,0,0,0
"E_Assertlag",-0.0126,-0.0677,0.0846,0.1795,-0.2716,0.1785,-0.2812,0.9971,-0.0735,0.1716,0.1995,0.0391,-0.296,-0.0011,-0.2264,0.2761,0,0,0,0,0,0,0,0,0,0,0,0,0,0,0
"E_EnerLevlag",0.1855,0.2235,-0.0479,0.2763,0.473,-0.0253,-0.0234,-0.0735,1,-0.1947,0.0539,-0.2239,0.0914,-0.1386,0.1418,-0.307,0,0,0,0,0,0,0,0,0,0,0,0,0,0,0
"E_Scbltylag",-0.0077,-0.3999,0.1827,-0.3351,-0.3323,0.3242,0.2623,0.1716,-0.1947,0.9973,-0.1186,-0.209,-0.2965,0.1071,0.2861,0.5031,0,0,0,0,0,0,0,0,0,0,0,0,0,0,0
"N_Anxtylag",0.3971,-0.2064,-0.0055,0.021,-0.2916,-0.2659,-0.3365,0.1995,0.0539,-0.1186,0.9926,0.2573,0.1784,0.2175,-0.0439,0.0256,0,0,0,0,0,0,0,0,0,0,0,0,0,0,0
"N_Deprlag",-0.0511,0.2263,-0.0491,0.0028,-0.1468,-0.3351,-0.1793,0.0391,-0.2239,-0.209,0.2573,0.9996,0.0082,0.0697,-0.4638,0.1336,0,0,0,0,0,0,0,0,0,0,0,0,0,0,0
"N_EmoVollag",0.1747,-0.0782,0.0616,-0.1157,0.2841,-0.0556,0.0483,-0.296,0.0914,-0.2965,0.1784,0.0082,0.9633,0.0863,0.0606,-0.3803,0,0,0,0,0,0,0,0,0,0,0,0,0,0,0
"O_AesSenslag",-0.1232,-0.0356,0.1703,-0.0326,-0.1765,-0.0715,-0.0717,-0.0011,-0.1386,0.1071,0.2175,0.0697,0.0863,0.9754,-0.1222,-0.0374,0,0,0,0,0,0,0,0,0,0,0,0,0,0,0
"O_CrtvImaglag",0.1014,-0.4631,0.0723,-0.2037,-0.0213,0.2941,0.4981,-0.2264,0.1418,0.2861,-0.0439,-0.4638,0.0606,-0.1222,0.9999,0.0446,0,0,0,0,0,0,0,0,0,0,0,0,0,0,0
"O_IntCurlag",-0.1837,-0.3184,-0.1151,-0.2569,-0.3962,0.2558,0.0364,0.2761,-0.307,0.5031,0.0256,0.1336,-0.3803,-0.0374,0.0446,0.9973,0,0,0,0,0,0,0,0,0,0,0,0,0,0,0
"A_Cmpn",0,0,0,0,0,0,0,0,0,0,0,0,0,0,0,0,0.5385,0,0,0,0,0,0,0,0,0,0,0,0,0,0
"A_Rspct",0,0,0,0,0,0,0,0,0,0,0,0,0,0,0,0,0,0.7084,0,0,0,0,0,0,0,0,0,0,0,0,0
"A_Trust",0,0,0,0,0,0,0,0,0,0,0,0,0,0,0,0,0,0,0.8188,0,0,0,0,0,0,0,0,0,0,0,0
"C_Org",0,0,0,0,0,0,0,0,0,0,0,0,0,0,0,0,0,0,0,0.8061,0,0,0,0,0,0,0,0,0,0,0
"C_Prdctv",0,0,0,0,0,0,0,0,0,0,0,0,0,0,0,0,0,0,0,0,0.5599,0,0,0,0,0,0,0,0,0,0
"C_Rspnbl",0,0,0,0,0,0,0,0,0,0,0,0,0,0,0,0,0,0,0,0,0,0.6659,0,0,0,0,0,0,0,0,0
"E_Assert",0,0,0,0,0,0,0,0,0,0,0,0,0,0,0,0,0,0,0,0,0,0,0.82,0,0,0,0,0,0,0,0
"E_EnerLev",0,0,0,0,0,0,0,0,0,0,0,0,0,0,0,0,0,0,0,0,0,0,0,0.7624,0,0,0,0,0,0,0
"E_Scblty",0,0,0,0,0,0,0,0,0,0,0,0,0,0,0,0,0,0,0,0,0,0,0,0,0.6322,0,0,0,0,0,0
"N_Anxty",0,0,0,0,0,0,0,0,0,0,0,0,0,0,0,0,0,0,0,0,0,0,0,0,0,0.6693,0,0,0,0,0
"N_Depr",0,0,0,0,0,0,0,0,0,0,0,0,0,0,0,0,0,0,0,0,0,0,0,0,0,0,0.8489,0,0,0,0
"N_EmoVol",0,0,0,0,0,0,0,0,0,0,0,0,0,0,0,0,0,0,0,0,0,0,0,0,0,0,0,0.5502,0,0,0
"O_AesSens",0,0,0,0,0,0,0,0,0,0,0,0,0,0,0,0,0,0,0,0,0,0,0,0,0,0,0,0,0.678,0,0
"O_CrtvImag",0,0,0,0,0,0,0,0,0,0,0,0,0,0,0,0,0,0,0,0,0,0,0,0,0,0,0,0,0,0.5719,0
"O_IntCur",0,0,0,0,0,0,0,0,0,0,0,0,0,0,0,0,0,0,0,0,0,0,0,0,0,0,0,0,0,0,0.5257
