"","cumsumT","A_Cmpnlag","A_Rspctlag","A_Trustlag","C_Orglag","C_Prdctvlag","C_Rspnbllag","E_Assertlag","E_EnerLevlag","E_Scbltylag","N_Anxtylag","N_Deprlag","N_EmoVollag","O_AesSenslag","O_CrtvImaglag","O_IntCurlag","A_Cmpn","A_Rspct","A_Trust","C_Org","C_Prdctv","C_Rspnbl","E_Assert","E_EnerLev","E_Scblty","N_Anxty","N_Depr","N_EmoVol","O_AesSens","O_CrtvImag","O_IntCur"
"cumsumT",1,-0.1422,-0.0815,0.0638,0.0406,-0.0239,9e-04,-0.0129,0.1903,-0.0079,0.4089,-0.0525,0.1827,-0.128,0.104,-0.1887,0,0,0,0,0,0,0,0,0,0,0,0,0,0,0
"A_Cmpnlag",-0.1422,1,-0.0932,0.5065,0.4612,-0.3658,-0.2599,-0.0693,0.2284,-0.4093,-0.2117,0.2313,-0.0814,-0.0369,-0.4734,-0.3258,0,0,0,0,0,0,0,0,0,0,0,0,0,0,0
"A_Rspctlag",-0.0815,-0.0932,1,0.0083,-0.1437,0.1797,0.0379,0.085,-0.048,0.1834,-0.0055,-0.0492,0.063,0.173,0.0725,-0.1156,0,0,0,0,0,0,0,0,0,0,0,0,0,0,0
"A_Trustlag",0.0638,0.5065,0.0083,1,0.2352,-0.218,-0.398,0.1905,0.2929,-0.3557,0.0224,0.003,-0.1249,-0.035,-0.2159,-0.2727,0,0,0,0,0,0,0,0,0,0,0,0,0,0,0
"C_Orglag",0.0406,0.4612,-0.1437,0.2352,1,-0.031,0.2157,-0.273,0.4748,-0.334,-0.2938,-0.1474,0.2906,-0.1794,-0.0214,-0.3983,0,0,0,0,0,0,0,0,0,0,0,0,0,0,0
"C_Prdctvlag",-0.0239,-0.3658,0.1797,-0.218,-0.031,1,0.4783,0.1787,-0.0253,0.3246,-0.2669,-0.3352,-0.0566,-0.0724,0.2941,0.2562,0,0,0,0,0,0,0,0,0,0,0,0,0,0,0
"C_Rspnbllag",9e-04,-0.2599,0.0379,-0.398,0.2157,0.4783,1,-0.282,-0.0235,0.2631,-0.3382,-0.1796,0.0493,-0.0727,0.4989,0.0365,0,0,0,0,0,0,0,0,0,0,0,0,0,0,0
"E_Assertlag",-0.0129,-0.0693,0.085,0.1905,-0.273,0.1787,-0.282,1,-0.0736,0.1721,0.2006,0.0392,-0.3021,-0.0011,-0.2267,0.2769,0,0,0,0,0,0,0,0,0,0,0,0,0,0,0
"E_EnerLevlag",0.1903,0.2284,-0.048,0.2929,0.4748,-0.0253,-0.0235,-0.0736,1,-0.195,0.0541,-0.224,0.0931,-0.1403,0.1419,-0.3074,0,0,0,0,0,0,0,0,0,0,0,0,0,0,0
"E_Scbltylag",-0.0079,-0.4093,0.1834,-0.3557,-0.334,0.3246,0.2631,0.1721,-0.195,1,-0.1192,-0.2093,-0.3025,0.1086,0.2865,0.5045,0,0,0,0,0,0,0,0,0,0,0,0,0,0,0
"N_Anxtylag",0.4089,-0.2117,-0.0055,0.0224,-0.2938,-0.2669,-0.3382,0.2006,0.0541,-0.1192,1,0.2583,0.1825,0.221,-0.0441,0.0257,0,0,0,0,0,0,0,0,0,0,0,0,0,0,0
"N_Deprlag",-0.0525,0.2313,-0.0492,0.003,-0.1474,-0.3352,-0.1796,0.0392,-0.224,-0.2093,0.2583,1,0.0084,0.0705,-0.4639,0.1338,0,0,0,0,0,0,0,0,0,0,0,0,0,0,0
"N_EmoVollag",0.1827,-0.0814,0.063,-0.1249,0.2906,-0.0566,0.0493,-0.3021,0.0931,-0.3025,0.1825,0.0084,1,0.0891,0.0618,-0.388,0,0,0,0,0,0,0,0,0,0,0,0,0,0,0
"O_AesSenslag",-0.128,-0.0369,0.173,-0.035,-0.1794,-0.0724,-0.0727,-0.0011,-0.1403,0.1086,0.221,0.0705,0.0891,1,-0.1237,-0.038,0,0,0,0,0,0,0,0,0,0,0,0,0,0,0
"O_CrtvImaglag",0.104,-0.4734,0.0725,-0.2159,-0.0214,0.2941,0.4989,-0.2267,0.1419,0.2865,-0.0441,-0.4639,0.0618,-0.1237,1,0.0447,0,0,0,0,0,0,0,0,0,0,0,0,0,0,0
"O_IntCurlag",-0.1887,-0.3258,-0.1156,-0.2727,-0.3983,0.2562,0.0365,0.2769,-0.3074,0.5045,0.0257,0.1338,-0.388,-0.038,0.0447,1,0,0,0,0,0,0,0,0,0,0,0,0,0,0,0
"A_Cmpn",0,0,0,0,0,0,0,0,0,0,0,0,0,0,0,0,0.5543,0,0,0,0,0,0,0,0,0,0,0,0,0,0
"A_Rspct",0,0,0,0,0,0,0,0,0,0,0,0,0,0,0,0,0,0.8711,0,0,0,0,0,0,0,0,0,0,0,0,0
"A_Trust",0,0,0,0,0,0,0,0,0,0,0,0,0,0,0,0,0,0,0.8238,0,0,0,0,0,0,0,0,0,0,0,0
"C_Org",0,0,0,0,0,0,0,0,0,0,0,0,0,0,0,0,0,0,0,0.786,0,0,0,0,0,0,0,0,0,0,0
"C_Prdctv",0,0,0,0,0,0,0,0,0,0,0,0,0,0,0,0,0,0,0,0,0.5608,0,0,0,0,0,0,0,0,0,0
"C_Rspnbl",0,0,0,0,0,0,0,0,0,0,0,0,0,0,0,0,0,0,0,0,0,0.6914,0,0,0,0,0,0,0,0,0
"E_Assert",0,0,0,0,0,0,0,0,0,0,0,0,0,0,0,0,0,0,0,0,0,0,0.8317,0,0,0,0,0,0,0,0
"E_EnerLev",0,0,0,0,0,0,0,0,0,0,0,0,0,0,0,0,0,0,0,0,0,0,0,0.7558,0,0,0,0,0,0,0
"E_Scblty",0,0,0,0,0,0,0,0,0,0,0,0,0,0,0,0,0,0,0,0,0,0,0,0,0.5919,0,0,0,0,0,0
"N_Anxty",0,0,0,0,0,0,0,0,0,0,0,0,0,0,0,0,0,0,0,0,0,0,0,0,0,0.6954,0,0,0,0,0
"N_Depr",0,0,0,0,0,0,0,0,0,0,0,0,0,0,0,0,0,0,0,0,0,0,0,0,0,0,0.8758,0,0,0,0
"N_EmoVol",0,0,0,0,0,0,0,0,0,0,0,0,0,0,0,0,0,0,0,0,0,0,0,0,0,0,0,0.5541,0,0,0
"O_AesSens",0,0,0,0,0,0,0,0,0,0,0,0,0,0,0,0,0,0,0,0,0,0,0,0,0,0,0,0,0.7379,0,0
"O_CrtvImag",0,0,0,0,0,0,0,0,0,0,0,0,0,0,0,0,0,0,0,0,0,0,0,0,0,0,0,0,0,0.5746,0
"O_IntCur",0,0,0,0,0,0,0,0,0,0,0,0,0,0,0,0,0,0,0,0,0,0,0,0,0,0,0,0,0,0,0.4823
