"","cumsumT","A_Cmpnlag","A_Rspctlag","A_Trustlag","C_Orglag","C_Prdctvlag","C_Rspnbllag","E_Assertlag","E_EnerLevlag","E_Scbltylag","N_Anxtylag","N_Deprlag","N_EmoVollag","O_AesSenslag","O_CrtvImaglag","O_IntCurlag","A_Cmpn","A_Rspct","A_Trust","C_Org","C_Prdctv","C_Rspnbl","E_Assert","E_EnerLev","E_Scblty","N_Anxty","N_Depr","N_EmoVol","O_AesSens","O_CrtvImag","O_IntCur"
"cumsumT",0.9451,-0.2411,-0.3841,-0.3807,-0.1865,-0.2978,-0.2855,-0.479,-0.1233,-0.0112,0.201,0.6316,0.3054,-0.208,-0.1357,-0.1444,0,0,0,0,0,0,0,0,0,0,0,0,0,0,0
"A_Cmpnlag",-0.2411,0.9994,0.3693,0.2139,-0.0614,-0.0802,0.5379,0.3181,-0.1533,0.1005,-0.3012,-0.2538,-0.1386,-0.1201,-0.131,0.0963,0,0,0,0,0,0,0,0,0,0,0,0,0,0,0
"A_Rspctlag",-0.3841,0.3693,0.9999,0.2197,-0.1555,0.1956,0.074,0.4785,0.1088,0.0104,-0.1207,-0.3174,-0.0698,0.166,-0.0929,0.1139,0,0,0,0,0,0,0,0,0,0,0,0,0,0,0
"A_Trustlag",-0.3807,0.2139,0.2197,0.9489,0.3148,0.0269,0.3416,0.2731,0.2708,-0.1123,-0.1533,-0.4557,-0.0085,0.1302,0.1758,0.2595,0,0,0,0,0,0,0,0,0,0,0,0,0,0,0
"C_Orglag",-0.1865,-0.0614,-0.1555,0.3148,0.9906,0.1385,0.2113,0.1649,0.1956,-0.2414,0.0839,-0.0856,0.2016,-0.0256,0.5179,0.1652,0,0,0,0,0,0,0,0,0,0,0,0,0,0,0
"C_Prdctvlag",-0.2978,-0.0802,0.1956,0.0269,0.1385,0.949,-0.0104,0.1937,0.2334,0.0378,0.2021,-0.2683,-0.1932,-0.1133,-0.1212,0.107,0,0,0,0,0,0,0,0,0,0,0,0,0,0,0
"C_Rspnbllag",-0.2855,0.5379,0.074,0.3416,0.2113,-0.0104,1,0.3022,-0.0982,-0.2013,-0.2236,-0.0849,0.1765,-0.2524,0.1834,0.0723,0,0,0,0,0,0,0,0,0,0,0,0,0,0,0
"E_Assertlag",-0.479,0.3181,0.4785,0.2731,0.1649,0.1937,0.3022,0.9981,0.141,-0.045,-0.2261,-0.4908,-0.2306,0.0798,0.0213,0.0845,0,0,0,0,0,0,0,0,0,0,0,0,0,0,0
"E_EnerLevlag",-0.1233,-0.1533,0.1088,0.2708,0.1956,0.2334,-0.0982,0.141,0.981,0.3066,0.03,-0.2754,-0.1064,0.3684,0.2571,0.135,0,0,0,0,0,0,0,0,0,0,0,0,0,0,0
"E_Scbltylag",-0.0112,0.1005,0.0104,-0.1123,-0.2414,0.0378,-0.2013,-0.045,0.3066,0.9293,-0.099,-0.2024,-0.1957,0.1521,0.0618,0.1738,0,0,0,0,0,0,0,0,0,0,0,0,0,0,0
"N_Anxtylag",0.201,-0.3012,-0.1207,-0.1533,0.0839,0.2021,-0.2236,-0.2261,0.03,-0.099,0.9922,0.3354,0.2382,0.1339,-0.1308,-0.0528,0,0,0,0,0,0,0,0,0,0,0,0,0,0,0
"N_Deprlag",0.6316,-0.2538,-0.3174,-0.4557,-0.0856,-0.2683,-0.0849,-0.4908,-0.2754,-0.2024,0.3354,0.9995,0.387,-0.2371,-0.0677,-0.1101,0,0,0,0,0,0,0,0,0,0,0,0,0,0,0
"N_EmoVollag",0.3054,-0.1386,-0.0698,-0.0085,0.2016,-0.1932,0.1765,-0.2306,-0.1064,-0.1957,0.2382,0.387,0.9983,-0.1788,0.1971,-0.1121,0,0,0,0,0,0,0,0,0,0,0,0,0,0,0
"O_AesSenslag",-0.208,-0.1201,0.166,0.1302,-0.0256,-0.1133,-0.2524,0.0798,0.3684,0.1521,0.1339,-0.2371,-0.1788,0.9951,0.1143,0.2,0,0,0,0,0,0,0,0,0,0,0,0,0,0,0
"O_CrtvImaglag",-0.1357,-0.131,-0.0929,0.1758,0.5179,-0.1212,0.1834,0.0213,0.2571,0.0618,-0.1308,-0.0677,0.1971,0.1143,0.9973,0.4833,0,0,0,0,0,0,0,0,0,0,0,0,0,0,0
"O_IntCurlag",-0.1444,0.0963,0.1139,0.2595,0.1652,0.107,0.0723,0.0845,0.135,0.1738,-0.0528,-0.1101,-0.1121,0.2,0.4833,0.925,0,0,0,0,0,0,0,0,0,0,0,0,0,0,0
"A_Cmpn",0,0,0,0,0,0,0,0,0,0,0,0,0,0,0,0,0.8723,0,0,0,0,0,0,0,0,0,0,0,0,0,0
"A_Rspct",0,0,0,0,0,0,0,0,0,0,0,0,0,0,0,0,0,0.7359,0,0,0,0,0,0,0,0,0,0,0,0,0
"A_Trust",0,0,0,0,0,0,0,0,0,0,0,0,0,0,0,0,0,0,0.6329,0,0,0,0,0,0,0,0,0,0,0,0
"C_Org",0,0,0,0,0,0,0,0,0,0,0,0,0,0,0,0,0,0,0,0.5561,0,0,0,0,0,0,0,0,0,0,0
"C_Prdctv",0,0,0,0,0,0,0,0,0,0,0,0,0,0,0,0,0,0,0,0,2.0323,0,0,0,0,0,0,0,0,0,0
"C_Rspnbl",0,0,0,0,0,0,0,0,0,0,0,0,0,0,0,0,0,0,0,0,0,0.4719,0,0,0,0,0,0,0,0,0
"E_Assert",0,0,0,0,0,0,0,0,0,0,0,0,0,0,0,0,0,0,0,0,0,0,0.7477,0,0,0,0,0,0,0,0
"E_EnerLev",0,0,0,0,0,0,0,0,0,0,0,0,0,0,0,0,0,0,0,0,0,0,0,0.6795,0,0,0,0,0,0,0
"E_Scblty",0,0,0,0,0,0,0,0,0,0,0,0,0,0,0,0,0,0,0,0,0,0,0,0,0.5522,0,0,0,0,0,0
"N_Anxty",0,0,0,0,0,0,0,0,0,0,0,0,0,0,0,0,0,0,0,0,0,0,0,0,0,0.7496,0,0,0,0,0
"N_Depr",0,0,0,0,0,0,0,0,0,0,0,0,0,0,0,0,0,0,0,0,0,0,0,0,0,0,0.514,0,0,0,0
"N_EmoVol",0,0,0,0,0,0,0,0,0,0,0,0,0,0,0,0,0,0,0,0,0,0,0,0,0,0,0,0.7073,0,0,0
"O_AesSens",0,0,0,0,0,0,0,0,0,0,0,0,0,0,0,0,0,0,0,0,0,0,0,0,0,0,0,0,0.9817,0,0
"O_CrtvImag",0,0,0,0,0,0,0,0,0,0,0,0,0,0,0,0,0,0,0,0,0,0,0,0,0,0,0,0,0,0.5002,0
"O_IntCur",0,0,0,0,0,0,0,0,0,0,0,0,0,0,0,0,0,0,0,0,0,0,0,0,0,0,0,0,0,0,0.5014
