"","cumsumT","A_Cmpnlag","A_Rspctlag","A_Trustlag","C_Orglag","C_Prdctvlag","C_Rspnbllag","E_Assertlag","E_EnerLevlag","E_Scbltylag","N_Anxtylag","N_Deprlag","N_EmoVollag","O_AesSenslag","O_CrtvImaglag","O_IntCurlag","A_Cmpn","A_Rspct","A_Trust","C_Org","C_Prdctv","C_Rspnbl","E_Assert","E_EnerLev","E_Scblty","N_Anxty","N_Depr","N_EmoVol","O_AesSens","O_CrtvImag","O_IntCur"
"cumsumT",0.9503,0.1646,0.0618,0.1799,0.21,0.2858,0.2184,0.1656,-0.0048,-0.0539,-0.1082,0.0719,-0.1732,0.2021,-0.1822,-0.0862,0,0,0,0,0,0,0,0,0,0,0,0,0,0,0
"A_Cmpnlag",0.1646,0.9951,-0.0616,0.1294,0.0794,-0.0106,0.0049,0.0042,-0.1116,0.1344,-0.1421,-0.0544,0.0302,0.0109,2e-04,0.0366,0,0,0,0,0,0,0,0,0,0,0,0,0,0,0
"A_Rspctlag",0.0618,-0.0616,0.9935,0.0926,-0.0575,0.0153,0.2367,0.349,0.1432,-0.0117,0.1846,0.0981,-0.2207,0.1629,0.1699,0.0936,0,0,0,0,0,0,0,0,0,0,0,0,0,0,0
"A_Trustlag",0.1799,0.1294,0.0926,0.9964,-0.0304,-0.01,-0.042,-0.0639,-0.0041,-0.3328,0.0576,0.0456,-0.3856,0.2051,-0.2399,0.0465,0,0,0,0,0,0,0,0,0,0,0,0,0,0,0
"C_Orglag",0.21,0.0794,-0.0575,-0.0304,0.9968,0.1681,0.1862,-0.1343,0.1768,0.2425,-0.0105,-0.0287,0.0195,0.2825,0.0176,0.1704,0,0,0,0,0,0,0,0,0,0,0,0,0,0,0
"C_Prdctvlag",0.2858,-0.0106,0.0153,-0.01,0.1681,0.9585,0.2225,-0.0019,0.1298,0.0199,-0.307,-0.0879,-0.1572,0.257,0.1096,0.3106,0,0,0,0,0,0,0,0,0,0,0,0,0,0,0
"C_Rspnbllag",0.2184,0.0049,0.2367,-0.042,0.1862,0.2225,0.9805,0.358,-0.0634,0.1043,0.0899,-0.3143,-0.0106,0.1416,0.1935,0.3152,0,0,0,0,0,0,0,0,0,0,0,0,0,0,0
"E_Assertlag",0.1656,0.0042,0.349,-0.0639,-0.1343,-0.0019,0.358,0.9812,-0.0666,0.2112,0.107,-0.165,0.0024,0.0729,0.1587,-0.0342,0,0,0,0,0,0,0,0,0,0,0,0,0,0,0
"E_EnerLevlag",-0.0048,-0.1116,0.1432,-0.0041,0.1768,0.1298,-0.0634,-0.0666,0.8389,0.099,-0.0793,0.0812,0.0346,0.2606,-0.088,0.0893,0,0,0,0,0,0,0,0,0,0,0,0,0,0,0
"E_Scbltylag",-0.0539,0.1344,-0.0117,-0.3328,0.2425,0.0199,0.1043,0.2112,0.099,0.9653,0.1347,0.0195,0.1664,0.1551,-0.0113,-0.0437,0,0,0,0,0,0,0,0,0,0,0,0,0,0,0
"N_Anxtylag",-0.1082,-0.1421,0.1846,0.0576,-0.0105,-0.307,0.0899,0.107,-0.0793,0.1347,0.9982,-0.0117,0.0892,-0.0746,-0.0015,-0.0066,0,0,0,0,0,0,0,0,0,0,0,0,0,0,0
"N_Deprlag",0.0719,-0.0544,0.0981,0.0456,-0.0287,-0.0879,-0.3143,-0.165,0.0812,0.0195,-0.0117,0.9965,0.0608,-0.109,-0.2542,-0.1756,0,0,0,0,0,0,0,0,0,0,0,0,0,0,0
"N_EmoVollag",-0.1732,0.0302,-0.2207,-0.3856,0.0195,-0.1572,-0.0106,0.0024,0.0346,0.1664,0.0892,0.0608,0.9956,-0.0715,-0.0324,-0.2228,0,0,0,0,0,0,0,0,0,0,0,0,0,0,0
"O_AesSenslag",0.2021,0.0109,0.1629,0.2051,0.2825,0.257,0.1416,0.0729,0.2606,0.1551,-0.0746,-0.109,-0.0715,0.985,0.0216,0.0785,0,0,0,0,0,0,0,0,0,0,0,0,0,0,0
"O_CrtvImaglag",-0.1822,2e-04,0.1699,-0.2399,0.0176,0.1096,0.1935,0.1587,-0.088,-0.0113,-0.0015,-0.2542,-0.0324,0.0216,0.9926,0.2335,0,0,0,0,0,0,0,0,0,0,0,0,0,0,0
"O_IntCurlag",-0.0862,0.0366,0.0936,0.0465,0.1704,0.3106,0.3152,-0.0342,0.0893,-0.0437,-0.0066,-0.1756,-0.2228,0.0785,0.2335,0.9998,0,0,0,0,0,0,0,0,0,0,0,0,0,0,0
"A_Cmpn",0,0,0,0,0,0,0,0,0,0,0,0,0,0,0,0,0.9108,0,0,0,0,0,0,0,0,0,0,0,0,0,0
"A_Rspct",0,0,0,0,0,0,0,0,0,0,0,0,0,0,0,0,0,0.9838,0,0,0,0,0,0,0,0,0,0,0,0,0
"A_Trust",0,0,0,0,0,0,0,0,0,0,0,0,0,0,0,0,0,0,0.8817,0,0,0,0,0,0,0,0,0,0,0,0
"C_Org",0,0,0,0,0,0,0,0,0,0,0,0,0,0,0,0,0,0,0,0.7081,0,0,0,0,0,0,0,0,0,0,0
"C_Prdctv",0,0,0,0,0,0,0,0,0,0,0,0,0,0,0,0,0,0,0,0,0.8865,0,0,0,0,0,0,0,0,0,0
"C_Rspnbl",0,0,0,0,0,0,0,0,0,0,0,0,0,0,0,0,0,0,0,0,0,0.8059,0,0,0,0,0,0,0,0,0
"E_Assert",0,0,0,0,0,0,0,0,0,0,0,0,0,0,0,0,0,0,0,0,0,0,0.539,0,0,0,0,0,0,0,0
"E_EnerLev",0,0,0,0,0,0,0,0,0,0,0,0,0,0,0,0,0,0,0,0,0,0,0,1.715,0,0,0,0,0,0,0
"E_Scblty",0,0,0,0,0,0,0,0,0,0,0,0,0,0,0,0,0,0,0,0,0,0,0,0,0.6945,0,0,0,0,0,0
"N_Anxty",0,0,0,0,0,0,0,0,0,0,0,0,0,0,0,0,0,0,0,0,0,0,0,0,0,0.8772,0,0,0,0,0
"N_Depr",0,0,0,0,0,0,0,0,0,0,0,0,0,0,0,0,0,0,0,0,0,0,0,0,0,0,0.824,0,0,0,0
"N_EmoVol",0,0,0,0,0,0,0,0,0,0,0,0,0,0,0,0,0,0,0,0,0,0,0,0,0,0,0,0.8244,0,0,0
"O_AesSens",0,0,0,0,0,0,0,0,0,0,0,0,0,0,0,0,0,0,0,0,0,0,0,0,0,0,0,0,0.9352,0,0
"O_CrtvImag",0,0,0,0,0,0,0,0,0,0,0,0,0,0,0,0,0,0,0,0,0,0,0,0,0,0,0,0,0,0.7837,0
"O_IntCur",0,0,0,0,0,0,0,0,0,0,0,0,0,0,0,0,0,0,0,0,0,0,0,0,0,0,0,0,0,0,0.7791
