"","cumsumT","A_Cmpnlag","A_Rspctlag","A_Trustlag","C_Orglag","C_Prdctvlag","C_Rspnbllag","E_Assertlag","E_EnerLevlag","E_Scbltylag","N_Anxtylag","N_Deprlag","N_EmoVollag","O_AesSenslag","O_CrtvImaglag","O_IntCurlag","A_Cmpn","A_Rspct","A_Trust","C_Org","C_Prdctv","C_Rspnbl","E_Assert","E_EnerLev","E_Scblty","N_Anxty","N_Depr","N_EmoVol","O_AesSens","O_CrtvImag","O_IntCur"
"cumsumT",0.9453,0.2863,0.0621,-0.089,-0.1542,0.0543,0.2829,0.1299,-0.0296,0.0797,0.0676,-0.0301,0.0907,-0.021,0.1351,-0.0276,0,0,0,0,0,0,0,0,0,0,0,0,0,0,0
"A_Cmpnlag",0.2863,0.9911,0.1965,0.1052,-0.0132,-2e-04,0.347,-0.1388,-0.0449,0.0079,-0.0135,0.0475,-0.2041,0.1055,0.2227,-0.2005,0,0,0,0,0,0,0,0,0,0,0,0,0,0,0
"A_Rspctlag",0.0621,0.1965,0.9991,1e-04,0.0418,0.4259,0.2039,0.2257,0.0645,0.2394,-0.2921,-0.1632,-0.0544,0.1783,0.0629,-0.0425,0,0,0,0,0,0,0,0,0,0,0,0,0,0,0
"A_Trustlag",-0.089,0.1052,1e-04,0.9932,0.2338,-0.0852,-0.1194,0.2857,-0.0927,-0.0303,0.0423,0.1495,-0.0881,0.008,-0.1345,0.1142,0,0,0,0,0,0,0,0,0,0,0,0,0,0,0
"C_Orglag",-0.1542,-0.0132,0.0418,0.2338,0.9772,0.0065,-0.1274,0.1134,-0.1123,-0.1841,0.005,0.1841,0.0082,0.0464,-0.0475,0.2246,0,0,0,0,0,0,0,0,0,0,0,0,0,0,0
"C_Prdctvlag",0.0543,-2e-04,0.4259,-0.0852,0.0065,0.9912,0.0211,0.0435,0.1448,0.2066,-0.2532,-0.2696,-0.0671,0.1629,0.0497,-0.078,0,0,0,0,0,0,0,0,0,0,0,0,0,0,0
"C_Rspnbllag",0.2829,0.347,0.2039,-0.1194,-0.1274,0.0211,0.9954,-0.0321,0.0244,-0.0372,-0.2052,-0.1372,0.0561,-0.1135,0.2279,-0.1488,0,0,0,0,0,0,0,0,0,0,0,0,0,0,0
"E_Assertlag",0.1299,-0.1388,0.2257,0.2857,0.1134,0.0435,-0.0321,0.9738,-0.0482,0.2569,-0.1834,-0.1805,-0.0713,0.2231,0.0552,0.1366,0,0,0,0,0,0,0,0,0,0,0,0,0,0,0
"E_EnerLevlag",-0.0296,-0.0449,0.0645,-0.0927,-0.1123,0.1448,0.0244,-0.0482,0.9795,0.3521,-0.2455,-0.3283,-0.1219,0.0966,0.1451,0.1514,0,0,0,0,0,0,0,0,0,0,0,0,0,0,0
"E_Scbltylag",0.0797,0.0079,0.2394,-0.0303,-0.1841,0.2066,-0.0372,0.2569,0.3521,0.9962,-0.2864,-0.3642,-0.3386,0.2744,0.1376,0.0365,0,0,0,0,0,0,0,0,0,0,0,0,0,0,0
"N_Anxtylag",0.0676,-0.0135,-0.2921,0.0423,0.005,-0.2532,-0.2052,-0.1834,-0.2455,-0.2864,0.9938,0.387,0.0797,-0.076,-0.0156,-0.1805,0,0,0,0,0,0,0,0,0,0,0,0,0,0,0
"N_Deprlag",-0.0301,0.0475,-0.1632,0.1495,0.1841,-0.2696,-0.1372,-0.1805,-0.3283,-0.3642,0.387,0.9783,0.2055,-0.173,-0.3844,-0.0896,0,0,0,0,0,0,0,0,0,0,0,0,0,0,0
"N_EmoVollag",0.0907,-0.2041,-0.0544,-0.0881,0.0082,-0.0671,0.0561,-0.0713,-0.1219,-0.3386,0.0797,0.2055,0.9981,-0.1743,-0.2314,-0.0142,0,0,0,0,0,0,0,0,0,0,0,0,0,0,0
"O_AesSenslag",-0.021,0.1055,0.1783,0.008,0.0464,0.1629,-0.1135,0.2231,0.0966,0.2744,-0.076,-0.173,-0.1743,0.9998,0.0376,-0.0804,0,0,0,0,0,0,0,0,0,0,0,0,0,0,0
"O_CrtvImaglag",0.1351,0.2227,0.0629,-0.1345,-0.0475,0.0497,0.2279,0.0552,0.1451,0.1376,-0.0156,-0.3844,-0.2314,0.0376,0.9868,0.0102,0,0,0,0,0,0,0,0,0,0,0,0,0,0,0
"O_IntCurlag",-0.0276,-0.2005,-0.0425,0.1142,0.2246,-0.078,-0.1488,0.1366,0.1514,0.0365,-0.1805,-0.0896,-0.0142,-0.0804,0.0102,0.9886,0,0,0,0,0,0,0,0,0,0,0,0,0,0,0
"A_Cmpn",0,0,0,0,0,0,0,0,0,0,0,0,0,0,0,0,5.5568,0,0,0,0,0,0,0,0,0,0,0,0,0,0
"A_Rspct",0,0,0,0,0,0,0,0,0,0,0,0,0,0,0,0,0,0.744,0,0,0,0,0,0,0,0,0,0,0,0,0
"A_Trust",0,0,0,0,0,0,0,0,0,0,0,0,0,0,0,0,0,0,0.6783,0,0,0,0,0,0,0,0,0,0,0,0
"C_Org",0,0,0,0,0,0,0,0,0,0,0,0,0,0,0,0,0,0,0,0.8079,0,0,0,0,0,0,0,0,0,0,0
"C_Prdctv",0,0,0,0,0,0,0,0,0,0,0,0,0,0,0,0,0,0,0,0,0.9917,0,0,0,0,0,0,0,0,0,0
"C_Rspnbl",0,0,0,0,0,0,0,0,0,0,0,0,0,0,0,0,0,0,0,0,0,1.8463,0,0,0,0,0,0,0,0,0
"E_Assert",0,0,0,0,0,0,0,0,0,0,0,0,0,0,0,0,0,0,0,0,0,0,0.6149,0,0,0,0,0,0,0,0
"E_EnerLev",0,0,0,0,0,0,0,0,0,0,0,0,0,0,0,0,0,0,0,0,0,0,0,0.84,0,0,0,0,0,0,0
"E_Scblty",0,0,0,0,0,0,0,0,0,0,0,0,0,0,0,0,0,0,0,0,0,0,0,0,0.6851,0,0,0,0,0,0
"N_Anxty",0,0,0,0,0,0,0,0,0,0,0,0,0,0,0,0,0,0,0,0,0,0,0,0,0,0.8683,0,0,0,0,0
"N_Depr",0,0,0,0,0,0,0,0,0,0,0,0,0,0,0,0,0,0,0,0,0,0,0,0,0,0,0.8464,0,0,0,0
"N_EmoVol",0,0,0,0,0,0,0,0,0,0,0,0,0,0,0,0,0,0,0,0,0,0,0,0,0,0,0,0.6205,0,0,0
"O_AesSens",0,0,0,0,0,0,0,0,0,0,0,0,0,0,0,0,0,0,0,0,0,0,0,0,0,0,0,0,0.8269,0,0
"O_CrtvImag",0,0,0,0,0,0,0,0,0,0,0,0,0,0,0,0,0,0,0,0,0,0,0,0,0,0,0,0,0,0.7611,0
"O_IntCur",0,0,0,0,0,0,0,0,0,0,0,0,0,0,0,0,0,0,0,0,0,0,0,0,0,0,0,0,0,0,0.806
