"","cumsumT","A_Cmpnlag","A_Rspctlag","A_Trustlag","C_Orglag","C_Prdctvlag","C_Rspnbllag","E_Assertlag","E_EnerLevlag","E_Scbltylag","N_Anxtylag","N_Deprlag","N_EmoVollag","O_AesSenslag","O_CrtvImaglag","O_IntCurlag","A_Cmpn","A_Rspct","A_Trust","C_Org","C_Prdctv","C_Rspnbl","E_Assert","E_EnerLev","E_Scblty","N_Anxty","N_Depr","N_EmoVol","O_AesSens","O_CrtvImag","O_IntCur"
"cumsumT",0.9489,-0.0917,0.0081,-0.1385,-0.0369,-0.1283,-0.1146,-0.0768,-0.0839,-0.2572,0.4625,0.4435,0.3254,-0.151,-0.0414,-0.2008,0,0,0,0,0,0,0,0,0,0,0,0,0,0,0
"A_Cmpnlag",-0.0917,0.9962,-0.1255,0.2915,0.1015,0.2295,0.114,0.1142,0.1575,0.1046,0.0444,-0.1912,-0.0495,0.2396,0.251,0.1906,0,0,0,0,0,0,0,0,0,0,0,0,0,0,0
"A_Rspctlag",0.0081,-0.1255,0.9791,-0.2154,0.0167,-0.1792,0.0607,0.0299,0.1947,-0.0032,0.1406,0.103,-0.1709,-0.4047,0.0581,-0.1236,0,0,0,0,0,0,0,0,0,0,0,0,0,0,0
"A_Trustlag",-0.1385,0.2915,-0.2154,0.9691,0.0093,0.113,-0.3011,-0.0634,0.3556,0.0592,-0.1001,-0.2456,-0.3439,0.5602,0.137,0.163,0,0,0,0,0,0,0,0,0,0,0,0,0,0,0
"C_Orglag",-0.0369,0.1015,0.0167,0.0093,0.9611,0.4667,0.1485,-0.0905,0.2569,-0.064,0.0744,0.0971,0.0256,0.1995,-0.0845,0.1167,0,0,0,0,0,0,0,0,0,0,0,0,0,0,0
"C_Prdctvlag",-0.1283,0.2295,-0.1792,0.113,0.4667,0.9573,0.2607,0.0676,0.01,0.0607,0.0584,0.0152,-0.1773,0.4273,-0.1233,0.0563,0,0,0,0,0,0,0,0,0,0,0,0,0,0,0
"C_Rspnbllag",-0.1146,0.114,0.0607,-0.3011,0.1485,0.2607,0.999,0.1401,-0.094,0.0577,0.0878,0.0587,-0.0268,-0.2104,-0.1854,0.0097,0,0,0,0,0,0,0,0,0,0,0,0,0,0,0
"E_Assertlag",-0.0768,0.1142,0.0299,-0.0634,-0.0905,0.0676,0.1401,0.9949,0.0446,0.5437,-0.2242,-0.1912,0.1125,0.0827,0.3214,0.2076,0,0,0,0,0,0,0,0,0,0,0,0,0,0,0
"E_EnerLevlag",-0.0839,0.1575,0.1947,0.3556,0.2569,0.01,-0.094,0.0446,0.9816,0.0969,-0.1509,-0.1574,-0.0851,0.2025,0.1553,0.1214,0,0,0,0,0,0,0,0,0,0,0,0,0,0,0
"E_Scbltylag",-0.2572,0.1046,-0.0032,0.0592,-0.064,0.0607,0.0577,0.5437,0.0969,0.9986,-0.2266,-0.4245,-0.0302,0.1347,0.4092,0.2396,0,0,0,0,0,0,0,0,0,0,0,0,0,0,0
"N_Anxtylag",0.4625,0.0444,0.1406,-0.1001,0.0744,0.0584,0.0878,-0.2242,-0.1509,-0.2266,0.9997,0.5511,0.1659,-0.2016,-0.1109,-0.1303,0,0,0,0,0,0,0,0,0,0,0,0,0,0,0
"N_Deprlag",0.4435,-0.1912,0.103,-0.2456,0.0971,0.0152,0.0587,-0.1912,-0.1574,-0.4245,0.5511,0.9975,0.3407,-0.2142,-0.3502,-0.2178,0,0,0,0,0,0,0,0,0,0,0,0,0,0,0
"N_EmoVollag",0.3254,-0.0495,-0.1709,-0.3439,0.0256,-0.1773,-0.0268,0.1125,-0.0851,-0.0302,0.1659,0.3407,0.9975,-0.2541,0.1403,-0.2603,0,0,0,0,0,0,0,0,0,0,0,0,0,0,0
"O_AesSenslag",-0.151,0.2396,-0.4047,0.5602,0.1995,0.4273,-0.2104,0.0827,0.2025,0.1347,-0.2016,-0.2142,-0.2541,0.9394,-0.0418,0.2045,0,0,0,0,0,0,0,0,0,0,0,0,0,0,0
"O_CrtvImaglag",-0.0414,0.251,0.0581,0.137,-0.0845,-0.1233,-0.1854,0.3214,0.1553,0.4092,-0.1109,-0.3502,0.1403,-0.0418,0.9994,0.2247,0,0,0,0,0,0,0,0,0,0,0,0,0,0,0
"O_IntCurlag",-0.2008,0.1906,-0.1236,0.163,0.1167,0.0563,0.0097,0.2076,0.1214,0.2396,-0.1303,-0.2178,-0.2603,0.2045,0.2247,0.9989,0,0,0,0,0,0,0,0,0,0,0,0,0,0,0
"A_Cmpn",0,0,0,0,0,0,0,0,0,0,0,0,0,0,0,0,0.7073,0,0,0,0,0,0,0,0,0,0,0,0,0,0
"A_Rspct",0,0,0,0,0,0,0,0,0,0,0,0,0,0,0,0,0,0.9241,0,0,0,0,0,0,0,0,0,0,0,0,0
"A_Trust",0,0,0,0,0,0,0,0,0,0,0,0,0,0,0,0,0,0,0.5963,0,0,0,0,0,0,0,0,0,0,0,0
"C_Org",0,0,0,0,0,0,0,0,0,0,0,0,0,0,0,0,0,0,0,0.9765,0,0,0,0,0,0,0,0,0,0,0
"C_Prdctv",0,0,0,0,0,0,0,0,0,0,0,0,0,0,0,0,0,0,0,0,0.6768,0,0,0,0,0,0,0,0,0,0
"C_Rspnbl",0,0,0,0,0,0,0,0,0,0,0,0,0,0,0,0,0,0,0,0,0,0.7276,0,0,0,0,0,0,0,0,0
"E_Assert",0,0,0,0,0,0,0,0,0,0,0,0,0,0,0,0,0,0,0,0,0,0,0.664,0,0,0,0,0,0,0,0
"E_EnerLev",0,0,0,0,0,0,0,0,0,0,0,0,0,0,0,0,0,0,0,0,0,0,0,0.5079,0,0,0,0,0,0,0
"E_Scblty",0,0,0,0,0,0,0,0,0,0,0,0,0,0,0,0,0,0,0,0,0,0,0,0,0.7132,0,0,0,0,0,0
"N_Anxty",0,0,0,0,0,0,0,0,0,0,0,0,0,0,0,0,0,0,0,0,0,0,0,0,0,0.4819,0,0,0,0,0
"N_Depr",0,0,0,0,0,0,0,0,0,0,0,0,0,0,0,0,0,0,0,0,0,0,0,0,0,0,0.7069,0,0,0,0
"N_EmoVol",0,0,0,0,0,0,0,0,0,0,0,0,0,0,0,0,0,0,0,0,0,0,0,0,0,0,0,0.6566,0,0,0
"O_AesSens",0,0,0,0,0,0,0,0,0,0,0,0,0,0,0,0,0,0,0,0,0,0,0,0,0,0,0,0,0.5238,0,0
"O_CrtvImag",0,0,0,0,0,0,0,0,0,0,0,0,0,0,0,0,0,0,0,0,0,0,0,0,0,0,0,0,0,1.3712,0
"O_IntCur",0,0,0,0,0,0,0,0,0,0,0,0,0,0,0,0,0,0,0,0,0,0,0,0,0,0,0,0,0,0,0.7858
