"","cumsumT","A_Cmpnlag","A_Rspctlag","A_Trustlag","C_Orglag","C_Prdctvlag","C_Rspnbllag","E_Assertlag","E_EnerLevlag","E_Scbltylag","N_Anxtylag","N_Deprlag","N_EmoVollag","O_AesSenslag","O_CrtvImaglag","O_IntCurlag","A_Cmpn","A_Rspct","A_Trust","C_Org","C_Prdctv","C_Rspnbl","E_Assert","E_EnerLev","E_Scblty","N_Anxty","N_Depr","N_EmoVol","O_AesSens","O_CrtvImag","O_IntCur"
"cumsumT",1,-0.1862,-0.2835,-0.1966,-0.2083,0.0617,-0.1112,-0.0062,-0.0069,-0.0783,0.0367,0.0821,0.0997,0.0206,-0.144,0.0754,0,0,0,0,0,0,0,0,0,0,0,0,0,0,0
"A_Cmpnlag",-0.1862,1,0.0187,0.2165,0.0808,-0.2297,0.1134,0.0633,0.0432,0.0517,-0.09,-0.2731,-0.2083,-0.1542,0.2626,-0.0966,0,0,0,0,0,0,0,0,0,0,0,0,0,0,0
"A_Rspctlag",-0.2835,0.0187,1,0.1392,0.0564,0.2146,-0.1008,0.1161,-0.0237,-0.0234,-0.0178,-0.0397,-0.2533,0.1373,0.0821,0.0731,0,0,0,0,0,0,0,0,0,0,0,0,0,0,0
"A_Trustlag",-0.1966,0.2165,0.1392,1,-0.1343,-0.2566,-0.0283,-0.0805,-0.1218,0.1187,-0.182,-0.2205,-0.1846,-0.1091,-0.1411,-0.1028,0,0,0,0,0,0,0,0,0,0,0,0,0,0,0
"C_Orglag",-0.2083,0.0808,0.0564,-0.1343,1,0.2074,0.1152,-0.2754,0.1578,-0.005,-0.2529,-0.3125,-0.3793,-0.0811,0.086,0.3771,0,0,0,0,0,0,0,0,0,0,0,0,0,0,0
"C_Prdctvlag",0.0617,-0.2297,0.2146,-0.2566,0.2074,1,0.0688,0.0907,0.047,-0.1106,-3e-04,-0.0459,-0.1838,-0.0638,0.0734,0.3651,0,0,0,0,0,0,0,0,0,0,0,0,0,0,0
"C_Rspnbllag",-0.1112,0.1134,-0.1008,-0.0283,0.1152,0.0688,1,-0.0632,0.1782,0.2345,-0.2205,-0.1972,-0.1157,-0.0872,-0.0292,0.1512,0,0,0,0,0,0,0,0,0,0,0,0,0,0,0
"E_Assertlag",-0.0062,0.0633,0.1161,-0.0805,-0.2754,0.0907,-0.0632,1,0.1348,0.2988,0.2216,0.2919,0.3147,0.1562,0.0197,-0.0097,0,0,0,0,0,0,0,0,0,0,0,0,0,0,0
"E_EnerLevlag",-0.0069,0.0432,-0.0237,-0.1218,0.1578,0.047,0.1782,0.1348,1,0.2259,-0.1986,-0.1168,-0.0448,0.1133,-0.0125,0.19,0,0,0,0,0,0,0,0,0,0,0,0,0,0,0
"E_Scbltylag",-0.0783,0.0517,-0.0234,0.1187,-0.005,-0.1106,0.2345,0.2988,0.2259,1,-0.1063,-0.1412,0.1077,0.1079,-0.0753,-0.1459,0,0,0,0,0,0,0,0,0,0,0,0,0,0,0
"N_Anxtylag",0.0367,-0.09,-0.0178,-0.182,-0.2529,-3e-04,-0.2205,0.2216,-0.1986,-0.1063,1,0.506,0.5038,0.311,-0.1545,-0.1427,0,0,0,0,0,0,0,0,0,0,0,0,0,0,0
"N_Deprlag",0.0821,-0.2731,-0.0397,-0.2205,-0.3125,-0.0459,-0.1972,0.2919,-0.1168,-0.1412,0.506,1,0.3781,0.2072,-0.2188,-0.2234,0,0,0,0,0,0,0,0,0,0,0,0,0,0,0
"N_EmoVollag",0.0997,-0.2083,-0.2533,-0.1846,-0.3793,-0.1838,-0.1157,0.3147,-0.0448,0.1077,0.5038,0.3781,1,0.2247,-0.1494,-0.1833,0,0,0,0,0,0,0,0,0,0,0,0,0,0,0
"O_AesSenslag",0.0206,-0.1542,0.1373,-0.1091,-0.0811,-0.0638,-0.0872,0.1562,0.1133,0.1079,0.311,0.2072,0.2247,1,-0.1683,-0.0526,0,0,0,0,0,0,0,0,0,0,0,0,0,0,0
"O_CrtvImaglag",-0.144,0.2626,0.0821,-0.1411,0.086,0.0734,-0.0292,0.0197,-0.0125,-0.0753,-0.1545,-0.2188,-0.1494,-0.1683,1,-0.0046,0,0,0,0,0,0,0,0,0,0,0,0,0,0,0
"O_IntCurlag",0.0754,-0.0966,0.0731,-0.1028,0.3771,0.3651,0.1512,-0.0097,0.19,-0.1459,-0.1427,-0.2234,-0.1833,-0.0526,-0.0046,1,0,0,0,0,0,0,0,0,0,0,0,0,0,0,0
"A_Cmpn",0,0,0,0,0,0,0,0,0,0,0,0,0,0,0,0,0.8046,0,0,0,0,0,0,0,0,0,0,0,0,0,0
"A_Rspct",0,0,0,0,0,0,0,0,0,0,0,0,0,0,0,0,0,0.7495,0,0,0,0,0,0,0,0,0,0,0,0,0
"A_Trust",0,0,0,0,0,0,0,0,0,0,0,0,0,0,0,0,0,0,0.9999,0,0,0,0,0,0,0,0,0,0,0,0
"C_Org",0,0,0,0,0,0,0,0,0,0,0,0,0,0,0,0,0,0,0,0.7175,0,0,0,0,0,0,0,0,0,0,0
"C_Prdctv",0,0,0,0,0,0,0,0,0,0,0,0,0,0,0,0,0,0,0,0,0.7892,0,0,0,0,0,0,0,0,0,0
"C_Rspnbl",0,0,0,0,0,0,0,0,0,0,0,0,0,0,0,0,0,0,0,0,0,0.9999,0,0,0,0,0,0,0,0,0
"E_Assert",0,0,0,0,0,0,0,0,0,0,0,0,0,0,0,0,0,0,0,0,0,0,0.7714,0,0,0,0,0,0,0,0
"E_EnerLev",0,0,0,0,0,0,0,0,0,0,0,0,0,0,0,0,0,0,0,0,0,0,0,0.7741,0,0,0,0,0,0,0
"E_Scblty",0,0,0,0,0,0,0,0,0,0,0,0,0,0,0,0,0,0,0,0,0,0,0,0,0.9707,0,0,0,0,0,0
"N_Anxty",0,0,0,0,0,0,0,0,0,0,0,0,0,0,0,0,0,0,0,0,0,0,0,0,0,0.7525,0,0,0,0,0
"N_Depr",0,0,0,0,0,0,0,0,0,0,0,0,0,0,0,0,0,0,0,0,0,0,0,0,0,0,0.7592,0,0,0,0
"N_EmoVol",0,0,0,0,0,0,0,0,0,0,0,0,0,0,0,0,0,0,0,0,0,0,0,0,0,0,0,0.8473,0,0,0
"O_AesSens",0,0,0,0,0,0,0,0,0,0,0,0,0,0,0,0,0,0,0,0,0,0,0,0,0,0,0,0,0.8038,0,0
"O_CrtvImag",0,0,0,0,0,0,0,0,0,0,0,0,0,0,0,0,0,0,0,0,0,0,0,0,0,0,0,0,0,0.6538,0
"O_IntCur",0,0,0,0,0,0,0,0,0,0,0,0,0,0,0,0,0,0,0,0,0,0,0,0,0,0,0,0,0,0,0.8713
