"","cumsumT","A_Cmpnlag","A_Rspctlag","A_Trustlag","C_Orglag","C_Prdctvlag","C_Rspnbllag","E_Assertlag","E_EnerLevlag","E_Scbltylag","N_Anxtylag","N_Deprlag","N_EmoVollag","O_AesSenslag","O_CrtvImaglag","O_IntCurlag","A_Cmpn","A_Rspct","A_Trust","C_Org","C_Prdctv","C_Rspnbl","E_Assert","E_EnerLev","E_Scblty","N_Anxty","N_Depr","N_EmoVol","O_AesSens","O_CrtvImag","O_IntCur"
"cumsumT",0.9517,-0.1812,-0.2738,-0.1914,-0.2026,0.0602,-0.1082,-0.0061,-0.0067,-0.0758,0.0358,0.0793,0.0934,0.0201,-0.1403,0.0736,0,0,0,0,0,0,0,0,0,0,0,0,0,0,0
"A_Cmpnlag",-0.1812,0.995,0.0185,0.2155,0.0804,-0.229,0.1128,0.0631,0.0431,0.0512,-0.0898,-0.2697,-0.1996,-0.1538,0.2616,-0.0963,0,0,0,0,0,0,0,0,0,0,0,0,0,0,0
"A_Rspctlag",-0.2738,0.0185,0.9804,0.1375,0.0557,0.2125,-0.0996,0.115,-0.0234,-0.023,-0.0176,-0.0389,-0.2409,0.1359,0.0812,0.0724,0,0,0,0,0,0,0,0,0,0,0,0,0,0,0
"A_Trustlag",-0.1914,0.2155,0.1375,0.9956,-0.1336,-0.256,-0.0281,-0.0803,-0.1216,0.1176,-0.1816,-0.2178,-0.177,-0.1088,-0.1406,-0.1025,0,0,0,0,0,0,0,0,0,0,0,0,0,0,0
"C_Orglag",-0.2026,0.0804,0.0557,-0.1336,0.9939,0.2067,0.1145,-0.2745,0.1573,-0.0049,-0.2521,-0.3084,-0.3633,-0.0808,0.0856,0.3759,0,0,0,0,0,0,0,0,0,0,0,0,0,0,0
"C_Prdctvlag",0.0602,-0.229,0.2125,-0.256,0.2067,0.9996,0.0686,0.0907,0.047,-0.1097,-3e-04,-0.0455,-0.1765,-0.0637,0.0733,0.365,0,0,0,0,0,0,0,0,0,0,0,0,0,0,0
"C_Rspnbllag",-0.1082,0.1128,-0.0996,-0.0281,0.1145,0.0686,0.9945,-0.063,0.1777,0.2322,-0.2199,-0.1946,-0.1108,-0.087,-0.0291,0.1508,0,0,0,0,0,0,0,0,0,0,0,0,0,0,0
"E_Assertlag",-0.0061,0.0631,0.115,-0.0803,-0.2745,0.0907,-0.063,0.9997,0.1348,0.2966,0.2215,0.2889,0.3023,0.1562,0.0197,-0.0097,0,0,0,0,0,0,0,0,0,0,0,0,0,0,0
"E_EnerLevlag",-0.0067,0.0431,-0.0234,-0.1216,0.1573,0.047,0.1777,0.1348,1,0.2242,-0.1986,-0.1156,-0.043,0.1133,-0.0125,0.1899,0,0,0,0,0,0,0,0,0,0,0,0,0,0,0
"E_Scbltylag",-0.0758,0.0512,-0.023,0.1176,-0.0049,-0.1097,0.2322,0.2966,0.2242,0.9856,-0.1056,-0.1388,0.1027,0.1071,-0.0746,-0.1449,0,0,0,0,0,0,0,0,0,0,0,0,0,0,0
"N_Anxtylag",0.0358,-0.0898,-0.0176,-0.1816,-0.2521,-3e-04,-0.2199,0.2215,-0.1986,-0.1056,0.9999,0.5009,0.484,0.311,-0.1543,-0.1427,0,0,0,0,0,0,0,0,0,0,0,0,0,0,0
"N_Deprlag",0.0793,-0.2697,-0.0389,-0.2178,-0.3084,-0.0455,-0.1946,0.2889,-0.1156,-0.1388,0.5009,0.9799,0.3595,0.2051,-0.2164,-0.2211,0,0,0,0,0,0,0,0,0,0,0,0,0,0,0
"N_EmoVollag",0.0934,-0.1996,-0.2409,-0.177,-0.3633,-0.1765,-0.1108,0.3023,-0.043,0.1027,0.484,0.3595,0.9229,0.2159,-0.1433,-0.1761,0,0,0,0,0,0,0,0,0,0,0,0,0,0,0
"O_AesSenslag",0.0201,-0.1538,0.1359,-0.1088,-0.0808,-0.0637,-0.087,0.1562,0.1133,0.1071,0.311,0.2051,0.2159,0.9999,-0.1681,-0.0526,0,0,0,0,0,0,0,0,0,0,0,0,0,0,0
"O_CrtvImaglag",-0.1403,0.2616,0.0812,-0.1406,0.0856,0.0733,-0.0291,0.0197,-0.0125,-0.0746,-0.1543,-0.2164,-0.1433,-0.1681,0.9976,-0.0045,0,0,0,0,0,0,0,0,0,0,0,0,0,0,0
"O_IntCurlag",0.0736,-0.0963,0.0724,-0.1025,0.3759,0.365,0.1508,-0.0097,0.1899,-0.1449,-0.1427,-0.2211,-0.1761,-0.0526,-0.0045,0.9999,0,0,0,0,0,0,0,0,0,0,0,0,0,0,0
"A_Cmpn",0,0,0,0,0,0,0,0,0,0,0,0,0,0,0,0,0.7911,0,0,0,0,0,0,0,0,0,0,0,0,0,0
"A_Rspct",0,0,0,0,0,0,0,0,0,0,0,0,0,0,0,0,0,0.7545,0,0,0,0,0,0,0,0,0,0,0,0,0
"A_Trust",0,0,0,0,0,0,0,0,0,0,0,0,0,0,0,0,0,0,0.9909,0,0,0,0,0,0,0,0,0,0,0,0
"C_Org",0,0,0,0,0,0,0,0,0,0,0,0,0,0,0,0,0,0,0,0.7201,0,0,0,0,0,0,0,0,0,0,0
"C_Prdctv",0,0,0,0,0,0,0,0,0,0,0,0,0,0,0,0,0,0,0,0,0.7835,0,0,0,0,0,0,0,0,0,0
"C_Rspnbl",0,0,0,0,0,0,0,0,0,0,0,0,0,0,0,0,0,0,0,0,0,0.9204,0,0,0,0,0,0,0,0,0
"E_Assert",0,0,0,0,0,0,0,0,0,0,0,0,0,0,0,0,0,0,0,0,0,0,0.7963,0,0,0,0,0,0,0,0
"E_EnerLev",0,0,0,0,0,0,0,0,0,0,0,0,0,0,0,0,0,0,0,0,0,0,0,0.7827,0,0,0,0,0,0,0
"E_Scblty",0,0,0,0,0,0,0,0,0,0,0,0,0,0,0,0,0,0,0,0,0,0,0,0,0.9351,0,0,0,0,0,0
"N_Anxty",0,0,0,0,0,0,0,0,0,0,0,0,0,0,0,0,0,0,0,0,0,0,0,0,0,0.7254,0,0,0,0,0
"N_Depr",0,0,0,0,0,0,0,0,0,0,0,0,0,0,0,0,0,0,0,0,0,0,0,0,0,0,0.7424,0,0,0,0
"N_EmoVol",0,0,0,0,0,0,0,0,0,0,0,0,0,0,0,0,0,0,0,0,0,0,0,0,0,0,0,0.8503,0,0,0
"O_AesSens",0,0,0,0,0,0,0,0,0,0,0,0,0,0,0,0,0,0,0,0,0,0,0,0,0,0,0,0,0.8122,0,0
"O_CrtvImag",0,0,0,0,0,0,0,0,0,0,0,0,0,0,0,0,0,0,0,0,0,0,0,0,0,0,0,0,0,0.68,0
"O_IntCur",0,0,0,0,0,0,0,0,0,0,0,0,0,0,0,0,0,0,0,0,0,0,0,0,0,0,0,0,0,0,0.8492
