"","E_Scbltylag","E_EnerLevlag","A_Cmpnlag","A_Rspctlag","N_Deprlag","N_Anxtylag","N_EmoVollag","C_Prdctvlag","C_Rspnbllag","E_Scblty","E_EnerLev","A_Cmpn","A_Rspct","N_Depr","N_Anxty","N_EmoVol","C_Prdctv","C_Rspnbl"
"E_Scbltylag",1,0.11,0.1371,-0.0119,0.0199,0.1372,0.1698,0.0206,0.1072,0,0,0,0,0,0,0,0,0
"E_EnerLevlag",0.11,1,-0.1221,0.1568,0.0888,-0.0867,0.0379,0.1447,-0.0699,0,0,0,0,0,0,0,0,0
"A_Cmpnlag",0.1371,-0.1221,1,-0.0619,-0.0546,-0.1426,0.0303,-0.0108,0.005,0,0,0,0,0,0,0,0,0
"A_Rspctlag",-0.0119,0.1568,-0.0619,1,0.0986,0.1854,-0.2219,0.0156,0.2398,0,0,0,0,0,0,0,0,0
"N_Deprlag",0.0199,0.0888,-0.0546,0.0986,1,-0.0117,0.0611,-0.0899,-0.318,0,0,0,0,0,0,0,0,0
"N_Anxtylag",0.1372,-0.0867,-0.1426,0.1854,-0.0117,1,0.0895,-0.3139,0.0909,0,0,0,0,0,0,0,0,0
"N_EmoVollag",0.1698,0.0379,0.0303,-0.2219,0.0611,0.0895,1,-0.161,-0.0108,0,0,0,0,0,0,0,0,0
"C_Prdctvlag",0.0206,0.1447,-0.0108,0.0156,-0.0899,-0.3139,-0.161,1,0.2295,0,0,0,0,0,0,0,0,0
"C_Rspnbllag",0.1072,-0.0699,0.005,0.2398,-0.318,0.0909,-0.0108,0.2295,1,0,0,0,0,0,0,0,0,0
"E_Scblty",0,0,0,0,0,0,0,0,0,0.9142,0,0,0,0,0,0,0,0
"E_EnerLev",0,0,0,0,0,0,0,0,0,0,0.9679,0,0,0,0,0,0,0
"A_Cmpn",0,0,0,0,0,0,0,0,0,0,0,0.9936,0,0,0,0,0,0
"A_Rspct",0,0,0,0,0,0,0,0,0,0,0,0,0.9972,0,0,0,0,0
"N_Depr",0,0,0,0,0,0,0,0,0,0,0,0,0,0.879,0,0,0,0
"N_Anxty",0,0,0,0,0,0,0,0,0,0,0,0,0,0,0.9972,0,0,0
"N_EmoVol",0,0,0,0,0,0,0,0,0,0,0,0,0,0,0,0.995,0,0
"C_Prdctv",0,0,0,0,0,0,0,0,0,0,0,0,0,0,0,0,0.9993,0
"C_Rspnbl",0,0,0,0,0,0,0,0,0,0,0,0,0,0,0,0,0,0.9983
