"","A_Cmpnlag","A_Rspctlag","A_Trustlag","C_Orglag","C_Prdctvlag","C_Rspnbllag","E_Assertlag","E_EnerLevlag","E_Scbltylag","N_Anxtylag","N_Deprlag","N_EmoVollag","O_AesSenslag","O_CrtvImaglag","O_IntCurlag","A_Cmpn","A_Rspct","A_Trust","C_Org","C_Prdctv","C_Rspnbl","E_Assert","E_EnerLev","E_Scblty","N_Anxty","N_Depr","N_EmoVol","O_AesSens","O_CrtvImag","O_IntCur"
"A_Cmpnlag",0.9761,0.1678,0.2859,0.1732,-0.1008,-0.0468,0.1289,-0.107,0.2099,-0.1492,0.1168,-0.0189,0.1302,0.1791,0.024,0,0,0,0,0,0,0,0,0,0,0,0,0,0,0
"A_Rspctlag",0.1678,0.8745,0.0506,0.2871,0.191,-0.0103,0.2059,-0.0353,-0.0437,-0.4304,-0.1929,-0.112,-0.125,-0.0095,0.0572,0,0,0,0,0,0,0,0,0,0,0,0,0,0,0
"A_Trustlag",0.2859,0.0506,0.9809,0.2114,0.0266,-0.0237,0.0343,0.1546,-0.146,-0.0218,-0.0508,-0.3744,-0.105,0.1698,-0.1192,0,0,0,0,0,0,0,0,0,0,0,0,0,0,0
"C_Orglag",0.1732,0.2871,0.2114,0.9829,0.2785,0.2571,0.1573,0.0779,-0.0679,-0.2133,-0.2348,-0.0069,-0.1605,-0.0897,0.1397,0,0,0,0,0,0,0,0,0,0,0,0,0,0,0
"C_Prdctvlag",-0.1008,0.191,0.0266,0.2785,0.9813,0.0264,0.2215,0.2458,0.0538,-0.0756,-0.0285,-0.0635,-0.1741,-0.3685,0.2432,0,0,0,0,0,0,0,0,0,0,0,0,0,0,0
"C_Rspnbllag",-0.0468,-0.0103,-0.0237,0.2571,0.0264,0.9765,0.3197,-0.0775,0.0818,0.0037,-0.3452,-0.0724,-0.0437,0.0693,0.1938,0,0,0,0,0,0,0,0,0,0,0,0,0,0,0
"E_Assertlag",0.1289,0.2059,0.0343,0.1573,0.2215,0.3197,0.9677,0.0981,0.3216,-0.1968,-0.2274,-0.3246,0.0186,0.1404,0.1367,0,0,0,0,0,0,0,0,0,0,0,0,0,0,0
"E_EnerLevlag",-0.107,-0.0353,0.1546,0.0779,0.2458,-0.0775,0.0981,0.8829,0.0308,-0.0171,-0.2209,-0.1872,0.091,0.0278,-0.0038,0,0,0,0,0,0,0,0,0,0,0,0,0,0,0
"E_Scbltylag",0.2099,-0.0437,-0.146,-0.0679,0.0538,0.0818,0.3216,0.0308,0.924,-0.048,-0.2528,-0.1059,0.1489,0.0407,0.2218,0,0,0,0,0,0,0,0,0,0,0,0,0,0,0
"N_Anxtylag",-0.1492,-0.4304,-0.0218,-0.2133,-0.0756,0.0037,-0.1968,-0.0171,-0.048,0.8627,0.1434,0.0838,0.0209,0.0283,-0.1137,0,0,0,0,0,0,0,0,0,0,0,0,0,0,0
"N_Deprlag",0.1168,-0.1929,-0.0508,-0.2348,-0.0285,-0.3452,-0.2274,-0.2209,-0.2528,0.1434,0.9451,0.1829,0.2214,-0.2488,-0.0158,0,0,0,0,0,0,0,0,0,0,0,0,0,0,0
"N_EmoVollag",-0.0189,-0.112,-0.3744,-0.0069,-0.0635,-0.0724,-0.3246,-0.1872,-0.1059,0.0838,0.1829,0.8857,-0.2267,-0.3001,0.022,0,0,0,0,0,0,0,0,0,0,0,0,0,0,0
"O_AesSenslag",0.1302,-0.125,-0.105,-0.1605,-0.1741,-0.0437,0.0186,0.091,0.1489,0.0209,0.2214,-0.2267,0.9614,0.1622,0.1048,0,0,0,0,0,0,0,0,0,0,0,0,0,0,0
"O_CrtvImaglag",0.1791,-0.0095,0.1698,-0.0897,-0.3685,0.0693,0.1404,0.0278,0.0407,0.0283,-0.2488,-0.3001,0.1622,0.9954,-0.0642,0,0,0,0,0,0,0,0,0,0,0,0,0,0,0
"O_IntCurlag",0.024,0.0572,-0.1192,0.1397,0.2432,0.1938,0.1367,-0.0038,0.2218,-0.1137,-0.0158,0.022,0.1048,-0.0642,0.9982,0,0,0,0,0,0,0,0,0,0,0,0,0,0,0
"A_Cmpn",0,0,0,0,0,0,0,0,0,0,0,0,0,0,0,0.4842,0,0,0,0,0,0,0,0,0,0,0,0,0,0
"A_Rspct",0,0,0,0,0,0,0,0,0,0,0,0,0,0,0,0,0.6333,0,0,0,0,0,0,0,0,0,0,0,0,0
"A_Trust",0,0,0,0,0,0,0,0,0,0,0,0,0,0,0,0,0,0.71,0,0,0,0,0,0,0,0,0,0,0,0
"C_Org",0,0,0,0,0,0,0,0,0,0,0,0,0,0,0,0,0,0,0.9838,0,0,0,0,0,0,0,0,0,0,0
"C_Prdctv",0,0,0,0,0,0,0,0,0,0,0,0,0,0,0,0,0,0,0,0.5097,0,0,0,0,0,0,0,0,0,0
"C_Rspnbl",0,0,0,0,0,0,0,0,0,0,0,0,0,0,0,0,0,0,0,0,0.3225,0,0,0,0,0,0,0,0,0
"E_Assert",0,0,0,0,0,0,0,0,0,0,0,0,0,0,0,0,0,0,0,0,0,0.5061,0,0,0,0,0,0,0,0
"E_EnerLev",0,0,0,0,0,0,0,0,0,0,0,0,0,0,0,0,0,0,0,0,0,0,0.8466,0,0,0,0,0,0,0
"E_Scblty",0,0,0,0,0,0,0,0,0,0,0,0,0,0,0,0,0,0,0,0,0,0,0,0.5112,0,0,0,0,0,0
"N_Anxty",0,0,0,0,0,0,0,0,0,0,0,0,0,0,0,0,0,0,0,0,0,0,0,0,0.65,0,0,0,0,0
"N_Depr",0,0,0,0,0,0,0,0,0,0,0,0,0,0,0,0,0,0,0,0,0,0,0,0,0,0.667,0,0,0,0
"N_EmoVol",0,0,0,0,0,0,0,0,0,0,0,0,0,0,0,0,0,0,0,0,0,0,0,0,0,0,0.5003,0,0,0
"O_AesSens",0,0,0,0,0,0,0,0,0,0,0,0,0,0,0,0,0,0,0,0,0,0,0,0,0,0,0,0.5787,0,0
"O_CrtvImag",0,0,0,0,0,0,0,0,0,0,0,0,0,0,0,0,0,0,0,0,0,0,0,0,0,0,0,0,0.9767,0
"O_IntCur",0,0,0,0,0,0,0,0,0,0,0,0,0,0,0,0,0,0,0,0,0,0,0,0,0,0,0,0,0,0.3717
