"","cumsumT","A_Cmpnlag","A_Rspctlag","A_Trustlag","C_Orglag","C_Prdctvlag","C_Rspnbllag","E_Assertlag","E_EnerLevlag","E_Scbltylag","N_Anxtylag","N_Deprlag","N_EmoVollag","O_AesSenslag","O_CrtvImaglag","O_IntCurlag","A_Cmpn","A_Rspct","A_Trust","C_Org","C_Prdctv","C_Rspnbl","E_Assert","E_EnerLev","E_Scblty","N_Anxty","N_Depr","N_EmoVol","O_AesSens","O_CrtvImag","O_IntCur"
"cumsumT",0.9536,-0.018,0.0038,-0.0538,0.0847,-0.0621,0.1081,-0.0105,0.0412,-0.3381,0.13,-0.1513,-0.0088,-0.0179,0.0918,-0.2858,0,0,0,0,0,0,0,0,0,0,0,0,0,0,0
"A_Cmpnlag",-0.018,0.9976,0.2648,0.3168,0.1806,-0.0229,0.0458,-0.2134,0.2887,0.0923,-0.3288,-0.1714,-0.3674,0.017,0.0531,0.1987,0,0,0,0,0,0,0,0,0,0,0,0,0,0,0
"A_Rspctlag",0.0038,0.2648,0.9999,0.1767,0.1646,0.0171,0.1918,-0.2768,0.0073,-0.1648,-0.2004,-0.1103,-0.321,-0.0255,-0.0134,-0.0182,0,0,0,0,0,0,0,0,0,0,0,0,0,0,0
"A_Trustlag",-0.0538,0.3168,0.1767,0.9937,0.2221,-0.1445,0.0317,-0.2096,0.2452,0.2019,-0.2285,-0.2926,-0.091,-0.0956,0.1898,0.0861,0,0,0,0,0,0,0,0,0,0,0,0,0,0,0
"C_Orglag",0.0847,0.1806,0.1646,0.2221,0.9905,0.0279,0.2123,-0.0477,0.1373,0.0233,0.0257,-0.0864,-0.0845,-0.2231,0.1857,0.0405,0,0,0,0,0,0,0,0,0,0,0,0,0,0,0
"C_Prdctvlag",-0.0621,-0.0229,0.0171,-0.1445,0.0279,0.9791,0.3769,0.0332,-0.1117,0.1319,0.1908,0.0928,0.1168,-0.048,0.0649,-0.0357,0,0,0,0,0,0,0,0,0,0,0,0,0,0,0
"C_Rspnbllag",0.1081,0.0458,0.1918,0.0317,0.2123,0.3769,0.9637,-0.0104,0.0423,0.1189,-0.1138,-0.0386,0.0545,-0.2288,0.1096,-0.0842,0,0,0,0,0,0,0,0,0,0,0,0,0,0,0
"E_Assertlag",-0.0105,-0.2134,-0.2768,-0.2096,-0.0477,0.0332,-0.0104,0.9713,0.292,0.1646,-0.0187,0.1367,-0.1017,0.044,-0.0666,-0.1024,0,0,0,0,0,0,0,0,0,0,0,0,0,0,0
"E_EnerLevlag",0.0412,0.2887,0.0073,0.2452,0.1373,-0.1117,0.0423,0.292,0.9907,0.3384,-0.0541,-0.0618,-0.0363,-0.1996,0.2076,0.083,0,0,0,0,0,0,0,0,0,0,0,0,0,0,0
"E_Scbltylag",-0.3381,0.0923,-0.1648,0.2019,0.0233,0.1319,0.1189,0.1646,0.3384,0.9695,-0.1276,-0.1104,0.1953,-0.1088,0.0973,0.2214,0,0,0,0,0,0,0,0,0,0,0,0,0,0,0
"N_Anxtylag",0.13,-0.3288,-0.2004,-0.2285,0.0257,0.1908,-0.1138,-0.0187,-0.0541,-0.1276,0.9725,0.3722,0.5024,-0.0466,-0.0498,-0.0302,0,0,0,0,0,0,0,0,0,0,0,0,0,0,0
"N_Deprlag",-0.1513,-0.1714,-0.1103,-0.2926,-0.0864,0.0928,-0.0386,0.1367,-0.0618,-0.1104,0.3722,0.9925,0.287,-0.0095,0.1272,-0.2367,0,0,0,0,0,0,0,0,0,0,0,0,0,0,0
"N_EmoVollag",-0.0088,-0.3674,-0.321,-0.091,-0.0845,0.1168,0.0545,-0.1017,-0.0363,0.1953,0.5024,0.287,1,-0.1934,0.1386,0.0725,0,0,0,0,0,0,0,0,0,0,0,0,0,0,0
"O_AesSenslag",-0.0179,0.017,-0.0255,-0.0956,-0.2231,-0.048,-0.2288,0.044,-0.1996,-0.1088,-0.0466,-0.0095,-0.1934,0.9963,-0.2616,0.035,0,0,0,0,0,0,0,0,0,0,0,0,0,0,0
"O_CrtvImaglag",0.0918,0.0531,-0.0134,0.1898,0.1857,0.0649,0.1096,-0.0666,0.2076,0.0973,-0.0498,0.1272,0.1386,-0.2616,0.9742,0.0479,0,0,0,0,0,0,0,0,0,0,0,0,0,0,0
"O_IntCurlag",-0.2858,0.1987,-0.0182,0.0861,0.0405,-0.0357,-0.0842,-0.1024,0.083,0.2214,-0.0302,-0.2367,0.0725,0.035,0.0479,0.9999,0,0,0,0,0,0,0,0,0,0,0,0,0,0,0
"A_Cmpn",0,0,0,0,0,0,0,0,0,0,0,0,0,0,0,0,0.8013,0,0,0,0,0,0,0,0,0,0,0,0,0,0
"A_Rspct",0,0,0,0,0,0,0,0,0,0,0,0,0,0,0,0,0,0.7835,0,0,0,0,0,0,0,0,0,0,0,0,0
"A_Trust",0,0,0,0,0,0,0,0,0,0,0,0,0,0,0,0,0,0,0.8848,0,0,0,0,0,0,0,0,0,0,0,0
"C_Org",0,0,0,0,0,0,0,0,0,0,0,0,0,0,0,0,0,0,0,0.732,0,0,0,0,0,0,0,0,0,0,0
"C_Prdctv",0,0,0,0,0,0,0,0,0,0,0,0,0,0,0,0,0,0,0,0,0.9744,0,0,0,0,0,0,0,0,0,0
"C_Rspnbl",0,0,0,0,0,0,0,0,0,0,0,0,0,0,0,0,0,0,0,0,0,0.867,0,0,0,0,0,0,0,0,0
"E_Assert",0,0,0,0,0,0,0,0,0,0,0,0,0,0,0,0,0,0,0,0,0,0,0.9951,0,0,0,0,0,0,0,0
"E_EnerLev",0,0,0,0,0,0,0,0,0,0,0,0,0,0,0,0,0,0,0,0,0,0,0,0.7863,0,0,0,0,0,0,0
"E_Scblty",0,0,0,0,0,0,0,0,0,0,0,0,0,0,0,0,0,0,0,0,0,0,0,0,0.7763,0,0,0,0,0,0
"N_Anxty",0,0,0,0,0,0,0,0,0,0,0,0,0,0,0,0,0,0,0,0,0,0,0,0,0,0.7396,0,0,0,0,0
"N_Depr",0,0,0,0,0,0,0,0,0,0,0,0,0,0,0,0,0,0,0,0,0,0,0,0,0,0,0.9873,0,0,0,0
"N_EmoVol",0,0,0,0,0,0,0,0,0,0,0,0,0,0,0,0,0,0,0,0,0,0,0,0,0,0,0,0.5786,0,0,0
"O_AesSens",0,0,0,0,0,0,0,0,0,0,0,0,0,0,0,0,0,0,0,0,0,0,0,0,0,0,0,0,0.8265,0,0
"O_CrtvImag",0,0,0,0,0,0,0,0,0,0,0,0,0,0,0,0,0,0,0,0,0,0,0,0,0,0,0,0,0,0.9247,0
"O_IntCur",0,0,0,0,0,0,0,0,0,0,0,0,0,0,0,0,0,0,0,0,0,0,0,0,0,0,0,0,0,0,0.847
