"","cumsumT","A_Cmpnlag","A_Rspctlag","A_Trustlag","C_Orglag","C_Prdctvlag","C_Rspnbllag","E_Assertlag","E_EnerLevlag","E_Scbltylag","N_Anxtylag","N_Deprlag","N_EmoVollag","O_AesSenslag","O_CrtvImaglag","O_IntCurlag","A_Cmpn","A_Rspct","A_Trust","C_Org","C_Prdctv","C_Rspnbl","E_Assert","E_EnerLev","E_Scblty","N_Anxty","N_Depr","N_EmoVol","O_AesSens","O_CrtvImag","O_IntCur"
"cumsumT",0.941,0.0143,0.1002,0.2708,0.2515,0.0262,0.2052,-0.0438,0.0946,0.0421,0.1276,0.0656,0.037,-0.0887,-0.0524,-0.085,0,0,0,0,0,0,0,0,0,0,0,0,0,0,0
"A_Cmpnlag",0.0143,0.9802,0.0265,0.2726,0.2086,-0.1114,0.1848,-0.1133,0.0784,0.2064,-0.01,-0.0447,-0.2032,-0.1042,-0.2025,-0.0446,0,0,0,0,0,0,0,0,0,0,0,0,0,0,0
"A_Rspctlag",0.1002,0.0265,0.9666,0.1109,0.2128,0.0203,0.1134,-0.2955,-0.1433,-0.1475,-0.213,0.1791,-0.093,0.1141,0.0195,-0.1145,0,0,0,0,0,0,0,0,0,0,0,0,0,0,0
"A_Trustlag",0.2708,0.2726,0.1109,0.9788,0.1802,0.0522,0.2255,-0.1583,0.1915,0.1981,0.1417,-0.0808,-0.1445,-0.0918,-0.034,-0.1425,0,0,0,0,0,0,0,0,0,0,0,0,0,0,0
"C_Orglag",0.2515,0.2086,0.2128,0.1802,0.9875,0.0618,0.3516,0.0159,0.1778,0.0332,-0.0786,0.2076,-0.0513,-0.0805,0.2251,-0.0324,0,0,0,0,0,0,0,0,0,0,0,0,0,0,0
"C_Prdctvlag",0.0262,-0.1114,0.0203,0.0522,0.0618,0.997,0.2767,0.1823,0.4264,0.5076,-0.2778,-0.1692,0.0026,0.1688,0.435,0.0572,0,0,0,0,0,0,0,0,0,0,0,0,0,0,0
"C_Rspnbllag",0.2052,0.1848,0.1134,0.2255,0.3516,0.2767,0.9966,-0.1168,0.3748,0.2252,0.0736,0.1886,-0.2217,0.1813,0.0372,0.1632,0,0,0,0,0,0,0,0,0,0,0,0,0,0,0
"E_Assertlag",-0.0438,-0.1133,-0.2955,-0.1583,0.0159,0.1823,-0.1168,0.9607,0.2051,0.1069,-0.0551,-0.1382,-0.0191,0.0786,0.195,0.2163,0,0,0,0,0,0,0,0,0,0,0,0,0,0,0
"E_EnerLevlag",0.0946,0.0784,-0.1433,0.1915,0.1778,0.4264,0.3748,0.2051,0.9651,0.5077,-0.1255,-0.0778,-0.2957,0.1401,0.3501,0.1454,0,0,0,0,0,0,0,0,0,0,0,0,0,0,0
"E_Scbltylag",0.0421,0.2064,-0.1475,0.1981,0.0332,0.5076,0.2252,0.1069,0.5077,0.9809,-0.226,-0.081,-0.2263,0.2928,0.2063,0.2353,0,0,0,0,0,0,0,0,0,0,0,0,0,0,0
"N_Anxtylag",0.1276,-0.01,-0.213,0.1417,-0.0786,-0.2778,0.0736,-0.0551,-0.1255,-0.226,0.9726,0.1044,0.1552,0.0546,-0.2433,-0.0378,0,0,0,0,0,0,0,0,0,0,0,0,0,0,0
"N_Deprlag",0.0656,-0.0447,0.1791,-0.0808,0.2076,-0.1692,0.1886,-0.1382,-0.0778,-0.081,0.1044,0.9912,-0.0626,-0.0919,0.1863,-0.0432,0,0,0,0,0,0,0,0,0,0,0,0,0,0,0
"N_EmoVollag",0.037,-0.2032,-0.093,-0.1445,-0.0513,0.0026,-0.2217,-0.0191,-0.2957,-0.2263,0.1552,-0.0626,0.9974,-0.0277,-0.0667,0.1598,0,0,0,0,0,0,0,0,0,0,0,0,0,0,0
"O_AesSenslag",-0.0887,-0.1042,0.1141,-0.0918,-0.0805,0.1688,0.1813,0.0786,0.1401,0.2928,0.0546,-0.0919,-0.0277,0.9826,-0.0058,0.4602,0,0,0,0,0,0,0,0,0,0,0,0,0,0,0
"O_CrtvImaglag",-0.0524,-0.2025,0.0195,-0.034,0.2251,0.435,0.0372,0.195,0.3501,0.2063,-0.2433,0.1863,-0.0667,-0.0058,0.9912,0.0693,0,0,0,0,0,0,0,0,0,0,0,0,0,0,0
"O_IntCurlag",-0.085,-0.0446,-0.1145,-0.1425,-0.0324,0.0572,0.1632,0.2163,0.1454,0.2353,-0.0378,-0.0432,0.1598,0.4602,0.0693,0.9845,0,0,0,0,0,0,0,0,0,0,0,0,0,0,0
"A_Cmpn",0,0,0,0,0,0,0,0,0,0,0,0,0,0,0,0,0.5647,0,0,0,0,0,0,0,0,0,0,0,0,0,0
"A_Rspct",0,0,0,0,0,0,0,0,0,0,0,0,0,0,0,0,0,0.6041,0,0,0,0,0,0,0,0,0,0,0,0,0
"A_Trust",0,0,0,0,0,0,0,0,0,0,0,0,0,0,0,0,0,0,0.8898,0,0,0,0,0,0,0,0,0,0,0,0
"C_Org",0,0,0,0,0,0,0,0,0,0,0,0,0,0,0,0,0,0,0,0.7457,0,0,0,0,0,0,0,0,0,0,0
"C_Prdctv",0,0,0,0,0,0,0,0,0,0,0,0,0,0,0,0,0,0,0,0,0.4339,0,0,0,0,0,0,0,0,0,0
"C_Rspnbl",0,0,0,0,0,0,0,0,0,0,0,0,0,0,0,0,0,0,0,0,0,0.5587,0,0,0,0,0,0,0,0,0
"E_Assert",0,0,0,0,0,0,0,0,0,0,0,0,0,0,0,0,0,0,0,0,0,0,1.1182,0,0,0,0,0,0,0,0
"E_EnerLev",0,0,0,0,0,0,0,0,0,0,0,0,0,0,0,0,0,0,0,0,0,0,0,0.4717,0,0,0,0,0,0,0
"E_Scblty",0,0,0,0,0,0,0,0,0,0,0,0,0,0,0,0,0,0,0,0,0,0,0,0,0.4679,0,0,0,0,0,0
"N_Anxty",0,0,0,0,0,0,0,0,0,0,0,0,0,0,0,0,0,0,0,0,0,0,0,0,0,0.8018,0,0,0,0,0
"N_Depr",0,0,0,0,0,0,0,0,0,0,0,0,0,0,0,0,0,0,0,0,0,0,0,0,0,0,0.7593,0,0,0,0
"N_EmoVol",0,0,0,0,0,0,0,0,0,0,0,0,0,0,0,0,0,0,0,0,0,0,0,0,0,0,0,0.6671,0,0,0
"O_AesSens",0,0,0,0,0,0,0,0,0,0,0,0,0,0,0,0,0,0,0,0,0,0,0,0,0,0,0,0,0.6579,0,0
"O_CrtvImag",0,0,0,0,0,0,0,0,0,0,0,0,0,0,0,0,0,0,0,0,0,0,0,0,0,0,0,0,0,0.6196,0
"O_IntCur",0,0,0,0,0,0,0,0,0,0,0,0,0,0,0,0,0,0,0,0,0,0,0,0,0,0,0,0,0,0,0.4851
