"","cumsumT","A_Cmpnlag","A_Rspctlag","A_Trustlag","C_Orglag","C_Prdctvlag","C_Rspnbllag","E_Assertlag","E_EnerLevlag","E_Scbltylag","N_Anxtylag","N_Deprlag","N_EmoVollag","O_AesSenslag","O_CrtvImaglag","O_IntCurlag","A_Cmpn","A_Rspct","A_Trust","C_Org","C_Prdctv","C_Rspnbl","E_Assert","E_EnerLev","E_Scblty","N_Anxty","N_Depr","N_EmoVol","O_AesSens","O_CrtvImag","O_IntCur"
"cumsumT",0.9365,0.132,0.1511,0.046,-0.046,0.0485,0.1393,-0.0617,-0.0852,-0.1006,-0.1029,-0.1227,0.1594,0.3125,0.1951,-0.0812,0,0,0,0,0,0,0,0,0,0,0,0,0,0,0
"A_Cmpnlag",0.132,0.9799,-0.0261,0.4215,0.0579,-0.1743,0.0464,0.1337,0.3691,0.2582,-0.0016,-0.152,-0.0069,0.0881,0.1852,0.0665,0,0,0,0,0,0,0,0,0,0,0,0,0,0,0
"A_Rspctlag",0.1511,-0.0261,0.9988,0.2703,0.0431,-0.0907,-0.0267,-0.238,-0.1233,-0.3098,-0.014,-0.0133,0.1631,0.0851,0.0335,0.063,0,0,0,0,0,0,0,0,0,0,0,0,0,0,0
"A_Trustlag",0.046,0.4215,0.2703,0.9724,0.1794,-0.282,-0.109,0.0141,-0.0112,-0.1264,-0.069,-0.3319,-0.113,0.1858,0.1682,0.1169,0,0,0,0,0,0,0,0,0,0,0,0,0,0,0
"C_Orglag",-0.046,0.0579,0.0431,0.1794,0.9739,-0.2816,-0.0964,-0.011,0.1128,-0.114,-0.0432,0.1842,-0.1821,0.2197,-0.0708,0.381,0,0,0,0,0,0,0,0,0,0,0,0,0,0,0
"C_Prdctvlag",0.0485,-0.1743,-0.0907,-0.282,-0.2816,0.9849,0.2889,-0.2307,-0.0524,0.1044,-0.1524,0.1499,0.0482,-0.0203,-0.114,-0.3237,0,0,0,0,0,0,0,0,0,0,0,0,0,0,0
"C_Rspnbllag",0.1393,0.0464,-0.0267,-0.109,-0.0964,0.2889,0.9658,-0.2345,0.0691,0.2815,-0.1237,-0.0348,-0.0899,-0.2063,-0.0724,-0.0981,0,0,0,0,0,0,0,0,0,0,0,0,0,0,0
"E_Assertlag",-0.0617,0.1337,-0.238,0.0141,-0.011,-0.2307,-0.2345,0.9109,0.2045,0.2201,0.1543,-0.0185,-0.012,0.0893,0.084,0.1868,0,0,0,0,0,0,0,0,0,0,0,0,0,0,0
"E_EnerLevlag",-0.0852,0.3691,-0.1233,-0.0112,0.1128,-0.0524,0.0691,0.2045,1,0.565,0.0547,-0.0101,-0.2135,0.1467,0.1616,0.0538,0,0,0,0,0,0,0,0,0,0,0,0,0,0,0
"E_Scbltylag",-0.1006,0.2582,-0.3098,-0.1264,-0.114,0.1044,0.2815,0.2201,0.565,0.9854,-0.2688,0.0261,-0.1667,-0.0827,0.3309,0.0683,0,0,0,0,0,0,0,0,0,0,0,0,0,0,0
"N_Anxtylag",-0.1029,-0.0016,-0.014,-0.069,-0.0432,-0.1524,-0.1237,0.1543,0.0547,-0.2688,0.9385,-0.1227,0.1466,-0.0762,-0.1306,0.0081,0,0,0,0,0,0,0,0,0,0,0,0,0,0,0
"N_Deprlag",-0.1227,-0.152,-0.0133,-0.3319,0.1842,0.1499,-0.0348,-0.0185,-0.0101,0.0261,-0.1227,0.9723,0.0461,0.0908,-0.1184,0.0975,0,0,0,0,0,0,0,0,0,0,0,0,0,0,0
"N_EmoVollag",0.1594,-0.0069,0.1631,-0.113,-0.1821,0.0482,-0.0899,-0.012,-0.2135,-0.1667,0.1466,0.0461,0.9216,0.0668,0.0893,-0.1812,0,0,0,0,0,0,0,0,0,0,0,0,0,0,0
"O_AesSenslag",0.3125,0.0881,0.0851,0.1858,0.2197,-0.0203,-0.2063,0.0893,0.1467,-0.0827,-0.0762,0.0908,0.0668,0.9869,0.0939,0.0893,0,0,0,0,0,0,0,0,0,0,0,0,0,0,0
"O_CrtvImaglag",0.1951,0.1852,0.0335,0.1682,-0.0708,-0.114,-0.0724,0.084,0.1616,0.3309,-0.1306,-0.1184,0.0893,0.0939,0.8604,0.0286,0,0,0,0,0,0,0,0,0,0,0,0,0,0,0
"O_IntCurlag",-0.0812,0.0665,0.063,0.1169,0.381,-0.3237,-0.0981,0.1868,0.0538,0.0683,0.0081,0.0975,-0.1812,0.0893,0.0286,0.9593,0,0,0,0,0,0,0,0,0,0,0,0,0,0,0
"A_Cmpn",0,0,0,0,0,0,0,0,0,0,0,0,0,0,0,0,1.1444,0,0,0,0,0,0,0,0,0,0,0,0,0,0
"A_Rspct",0,0,0,0,0,0,0,0,0,0,0,0,0,0,0,0,0,0.3061,0,0,0,0,0,0,0,0,0,0,0,0,0
"A_Trust",0,0,0,0,0,0,0,0,0,0,0,0,0,0,0,0,0,0,0.5647,0,0,0,0,0,0,0,0,0,0,0,0
"C_Org",0,0,0,0,0,0,0,0,0,0,0,0,0,0,0,0,0,0,0,0.7462,0,0,0,0,0,0,0,0,0,0,0
"C_Prdctv",0,0,0,0,0,0,0,0,0,0,0,0,0,0,0,0,0,0,0,0,0.7568,0,0,0,0,0,0,0,0,0,0
"C_Rspnbl",0,0,0,0,0,0,0,0,0,0,0,0,0,0,0,0,0,0,0,0,0,0.7277,0,0,0,0,0,0,0,0,0
"E_Assert",0,0,0,0,0,0,0,0,0,0,0,0,0,0,0,0,0,0,0,0,0,0,0.7732,0,0,0,0,0,0,0,0
"E_EnerLev",0,0,0,0,0,0,0,0,0,0,0,0,0,0,0,0,0,0,0,0,0,0,0,0.2325,0,0,0,0,0,0,0
"E_Scblty",0,0,0,0,0,0,0,0,0,0,0,0,0,0,0,0,0,0,0,0,0,0,0,0,0.752,0,0,0,0,0,0
"N_Anxty",0,0,0,0,0,0,0,0,0,0,0,0,0,0,0,0,0,0,0,0,0,0,0,0,0,0.6401,0,0,0,0,0
"N_Depr",0,0,0,0,0,0,0,0,0,0,0,0,0,0,0,0,0,0,0,0,0,0,0,0,0,0,0.3169,0,0,0,0
"N_EmoVol",0,0,0,0,0,0,0,0,0,0,0,0,0,0,0,0,0,0,0,0,0,0,0,0,0,0,0,0.7372,0,0,0
"O_AesSens",0,0,0,0,0,0,0,0,0,0,0,0,0,0,0,0,0,0,0,0,0,0,0,0,0,0,0,0,0.7851,0,0
"O_CrtvImag",0,0,0,0,0,0,0,0,0,0,0,0,0,0,0,0,0,0,0,0,0,0,0,0,0,0,0,0,0,0.7709,0
"O_IntCur",0,0,0,0,0,0,0,0,0,0,0,0,0,0,0,0,0,0,0,0,0,0,0,0,0,0,0,0,0,0,0.7718
