"","cumsumT","A_Cmpnlag","A_Rspctlag","A_Trustlag","C_Orglag","C_Prdctvlag","C_Rspnbllag","E_Assertlag","E_EnerLevlag","E_Scbltylag","N_Anxtylag","N_Deprlag","N_EmoVollag","O_AesSenslag","O_CrtvImaglag","O_IntCurlag","A_Cmpn","A_Rspct","A_Trust","C_Org","C_Prdctv","C_Rspnbl","E_Assert","E_EnerLev","E_Scblty","N_Anxty","N_Depr","N_EmoVol","O_AesSens","O_CrtvImag","O_IntCur"
"cumsumT",0.9316,-0.1465,0.0603,0.0617,0.1701,0.1988,0.236,-0.0105,-0.0386,-0.0308,0.2074,0.2208,0.1497,0.2293,-3e-04,0.2626,0,0,0,0,0,0,0,0,0,0,0,0,0,0,0
"A_Cmpnlag",-0.1465,0.9999,0.1084,0.1747,-0.0402,-0.1642,0.018,-0.0922,0.1213,0.3068,-0.3241,-0.3791,-0.4382,0.1038,-0.1301,0.0769,0,0,0,0,0,0,0,0,0,0,0,0,0,0,0
"A_Rspctlag",0.0603,0.1084,0.8968,-0.2143,-0.024,0.1827,0.1646,-0.2942,0.1128,-0.1221,0.1671,0.1505,-0.1117,-0.0058,-0.1163,-0.0663,0,0,0,0,0,0,0,0,0,0,0,0,0,0,0
"A_Trustlag",0.0617,0.1747,-0.2143,0.9834,0.0844,-0.1185,0.1182,-0.066,0.1932,0.2518,-0.2691,-0.3106,-0.1355,0.2459,0.2215,0.192,0,0,0,0,0,0,0,0,0,0,0,0,0,0,0
"C_Orglag",0.1701,-0.0402,-0.024,0.0844,0.9994,0.1076,0.3044,0.0278,-0.0563,0.218,-0.2025,-0.1058,-0.0945,0.1723,-0.0729,0.1729,0,0,0,0,0,0,0,0,0,0,0,0,0,0,0
"C_Prdctvlag",0.1988,-0.1642,0.1827,-0.1185,0.1076,0.7979,0.3568,-0.2017,-0.1245,-0.0149,0.1335,0.1553,0.1214,-0.2559,0.0513,-0.0713,0,0,0,0,0,0,0,0,0,0,0,0,0,0,0
"C_Rspnbllag",0.236,0.018,0.1646,0.1182,0.3044,0.3568,0.9996,-0.3857,0.0925,0.1066,-0.1204,-0.1367,-0.117,-0.1605,-0.0028,0.0336,0,0,0,0,0,0,0,0,0,0,0,0,0,0,0
"E_Assertlag",-0.0105,-0.0922,-0.2942,-0.066,0.0278,-0.2017,-0.3857,0.9894,-0.177,0.2168,-0.2408,-0.1253,0.1481,-0.2615,-0.1226,0.0193,0,0,0,0,0,0,0,0,0,0,0,0,0,0,0
"E_EnerLevlag",-0.0386,0.1213,0.1128,0.1932,-0.0563,-0.1245,0.0925,-0.177,0.9996,0.3731,0.0061,-0.1693,-0.251,0.2058,0.1308,-0.0574,0,0,0,0,0,0,0,0,0,0,0,0,0,0,0
"E_Scbltylag",-0.0308,0.3068,-0.1221,0.2518,0.218,-0.0149,0.1066,0.2168,0.3731,0.9855,-0.43,-0.4821,-0.3293,-0.1612,0.2063,0.1736,0,0,0,0,0,0,0,0,0,0,0,0,0,0,0
"N_Anxtylag",0.2074,-0.3241,0.1671,-0.2691,-0.2025,0.1335,-0.1204,-0.2408,0.0061,-0.43,0.9909,0.7207,0.4505,0.1318,0.1211,0.2404,0,0,0,0,0,0,0,0,0,0,0,0,0,0,0
"N_Deprlag",0.2208,-0.3791,0.1505,-0.3106,-0.1058,0.1553,-0.1367,-0.1253,-0.1693,-0.4821,0.7207,0.9997,0.506,-0.0205,0.1306,0.0572,0,0,0,0,0,0,0,0,0,0,0,0,0,0,0
"N_EmoVollag",0.1497,-0.4382,-0.1117,-0.1355,-0.0945,0.1214,-0.117,0.1481,-0.251,-0.3293,0.4505,0.506,0.9888,-0.2777,-0.331,0.0457,0,0,0,0,0,0,0,0,0,0,0,0,0,0,0
"O_AesSenslag",0.2293,0.1038,-0.0058,0.2459,0.1723,-0.2559,-0.1605,-0.2615,0.2058,-0.1612,0.1318,-0.0205,-0.2777,0.9846,0.0939,0.2576,0,0,0,0,0,0,0,0,0,0,0,0,0,0,0
"O_CrtvImaglag",-3e-04,-0.1301,-0.1163,0.2215,-0.0729,0.0513,-0.0028,-0.1226,0.1308,0.2063,0.1211,0.1306,-0.331,0.0939,0.9958,0.0592,0,0,0,0,0,0,0,0,0,0,0,0,0,0,0
"O_IntCurlag",0.2626,0.0769,-0.0663,0.192,0.1729,-0.0713,0.0336,0.0193,-0.0574,0.1736,0.2404,0.0572,0.0457,0.2576,0.0592,0.9861,0,0,0,0,0,0,0,0,0,0,0,0,0,0,0
"A_Cmpn",0,0,0,0,0,0,0,0,0,0,0,0,0,0,0,0,0.7317,0,0,0,0,0,0,0,0,0,0,0,0,0,0
"A_Rspct",0,0,0,0,0,0,0,0,0,0,0,0,0,0,0,0,0,3.092,0,0,0,0,0,0,0,0,0,0,0,0,0
"A_Trust",0,0,0,0,0,0,0,0,0,0,0,0,0,0,0,0,0,0,1.6389,0,0,0,0,0,0,0,0,0,0,0,0
"C_Org",0,0,0,0,0,0,0,0,0,0,0,0,0,0,0,0,0,0,0,0.613,0,0,0,0,0,0,0,0,0,0,0
"C_Prdctv",0,0,0,0,0,0,0,0,0,0,0,0,0,0,0,0,0,0,0,0,0.4714,0,0,0,0,0,0,0,0,0,0
"C_Rspnbl",0,0,0,0,0,0,0,0,0,0,0,0,0,0,0,0,0,0,0,0,0,0.8615,0,0,0,0,0,0,0,0,0
"E_Assert",0,0,0,0,0,0,0,0,0,0,0,0,0,0,0,0,0,0,0,0,0,0,0.4533,0,0,0,0,0,0,0,0
"E_EnerLev",0,0,0,0,0,0,0,0,0,0,0,0,0,0,0,0,0,0,0,0,0,0,0,0.5976,0,0,0,0,0,0,0
"E_Scblty",0,0,0,0,0,0,0,0,0,0,0,0,0,0,0,0,0,0,0,0,0,0,0,0,0.2799,0,0,0,0,0,0
"N_Anxty",0,0,0,0,0,0,0,0,0,0,0,0,0,0,0,0,0,0,0,0,0,0,0,0,0,0.2969,0,0,0,0,0
"N_Depr",0,0,0,0,0,0,0,0,0,0,0,0,0,0,0,0,0,0,0,0,0,0,0,0,0,0,1.4801,0,0,0,0
"N_EmoVol",0,0,0,0,0,0,0,0,0,0,0,0,0,0,0,0,0,0,0,0,0,0,0,0,0,0,0,0.0627,0,0,0
"O_AesSens",0,0,0,0,0,0,0,0,0,0,0,0,0,0,0,0,0,0,0,0,0,0,0,0,0,0,0,0,0.9234,0,0
"O_CrtvImag",0,0,0,0,0,0,0,0,0,0,0,0,0,0,0,0,0,0,0,0,0,0,0,0,0,0,0,0,0,1.5496,0
"O_IntCur",0,0,0,0,0,0,0,0,0,0,0,0,0,0,0,0,0,0,0,0,0,0,0,0,0,0,0,0,0,0,0.79
