"","cumsumT","A_Cmpnlag","A_Rspctlag","A_Trustlag","C_Orglag","C_Prdctvlag","C_Rspnbllag","E_Assertlag","E_EnerLevlag","E_Scbltylag","N_Anxtylag","N_Deprlag","N_EmoVollag","O_AesSenslag","O_CrtvImaglag","O_IntCurlag","A_Cmpn","A_Rspct","A_Trust","C_Org","C_Prdctv","C_Rspnbl","E_Assert","E_EnerLev","E_Scblty","N_Anxty","N_Depr","N_EmoVol","O_AesSens","O_CrtvImag","O_IntCur"
"cumsumT",0.9384,-0.211,-0.2098,-0.2263,-0.2829,0.079,0.1235,-0.2907,-0.1776,-0.246,0.0953,0.1074,0.2738,-0.0272,0.2221,-0.2143,0,0,0,0,0,0,0,0,0,0,0,0,0,0,0
"A_Cmpnlag",-0.211,0.9117,0.32,0.1848,0.2507,-0.2236,-0.1482,0.0486,0.1658,-0.0141,-0.2042,-0.2037,-0.3827,-0.1538,-0.3008,-0.0246,0,0,0,0,0,0,0,0,0,0,0,0,0,0,0
"A_Rspctlag",-0.2098,0.32,0.9948,0.3012,0.2492,0.0094,0.3591,0.0367,0.199,0.0963,-0.468,0.0809,-0.2527,0.2274,0.0346,0.4416,0,0,0,0,0,0,0,0,0,0,0,0,0,0,0
"A_Trustlag",-0.2263,0.1848,0.3012,0.995,0.107,-0.0531,0.2987,0.2779,0.1109,0.4182,-0.402,-0.4213,-0.4665,0.1895,-0.1437,0.1632,0,0,0,0,0,0,0,0,0,0,0,0,0,0,0
"C_Orglag",-0.2829,0.2507,0.2492,0.107,1,0.1361,-0.0757,0.1118,0.0038,-0.0758,-0.299,-0.2581,-0.3212,0.1646,0.12,0.4281,0,0,0,0,0,0,0,0,0,0,0,0,0,0,0
"C_Prdctvlag",0.079,-0.2236,0.0094,-0.0531,0.1361,0.9953,0.0538,-0.0506,0.0969,0.1506,-0.0979,-0.2398,-0.1945,0.3895,0.4398,0.213,0,0,0,0,0,0,0,0,0,0,0,0,0,0,0
"C_Rspnbllag",0.1235,-0.1482,0.3591,0.2987,-0.0757,0.0538,0.9766,0.0166,0.126,0.1405,-0.4802,0.0173,-0.2971,-0.0319,0.1924,0.3099,0,0,0,0,0,0,0,0,0,0,0,0,0,0,0
"E_Assertlag",-0.2907,0.0486,0.0367,0.2779,0.1118,-0.0506,0.0166,1,0.0089,0.0405,0.0349,0.0623,-0.0445,0.2317,-0.1577,0.1685,0,0,0,0,0,0,0,0,0,0,0,0,0,0,0
"E_EnerLevlag",-0.1776,0.1658,0.199,0.1109,0.0038,0.0969,0.126,0.0089,0.9998,0.3358,-0.0838,-0.1239,-0.2233,-0.0393,0.1723,0.1596,0,0,0,0,0,0,0,0,0,0,0,0,0,0,0
"E_Scbltylag",-0.246,-0.0141,0.0963,0.4182,-0.0758,0.1506,0.1405,0.0405,0.3358,1,-0.2545,-0.4341,-0.2573,0.0795,-0.1968,0.0286,0,0,0,0,0,0,0,0,0,0,0,0,0,0,0
"N_Anxtylag",0.0953,-0.2042,-0.468,-0.402,-0.299,-0.0979,-0.4802,0.0349,-0.0838,-0.2545,0.978,0.3652,0.5591,-0.0547,0.0451,-0.228,0,0,0,0,0,0,0,0,0,0,0,0,0,0,0
"N_Deprlag",0.1074,-0.2037,0.0809,-0.4213,-0.2581,-0.2398,0.0173,0.0623,-0.1239,-0.4341,0.3652,0.9598,0.482,0.035,0.1781,0.0461,0,0,0,0,0,0,0,0,0,0,0,0,0,0,0
"N_EmoVollag",0.2738,-0.3827,-0.2527,-0.4665,-0.3212,-0.1945,-0.2971,-0.0445,-0.2233,-0.2573,0.5591,0.482,0.9992,-0.1034,-0.0594,-0.2332,0,0,0,0,0,0,0,0,0,0,0,0,0,0,0
"O_AesSenslag",-0.0272,-0.1538,0.2274,0.1895,0.1646,0.3895,-0.0319,0.2317,-0.0393,0.0795,-0.0547,0.035,-0.1034,0.9898,0.2137,0.3603,0,0,0,0,0,0,0,0,0,0,0,0,0,0,0
"O_CrtvImaglag",0.2221,-0.3008,0.0346,-0.1437,0.12,0.4398,0.1924,-0.1577,0.1723,-0.1968,0.0451,0.1781,-0.0594,0.2137,0.9914,0.1272,0,0,0,0,0,0,0,0,0,0,0,0,0,0,0
"O_IntCurlag",-0.2143,-0.0246,0.4416,0.1632,0.4281,0.213,0.3099,0.1685,0.1596,0.0286,-0.228,0.0461,-0.2332,0.3603,0.1272,0.9996,0,0,0,0,0,0,0,0,0,0,0,0,0,0,0
"A_Cmpn",0,0,0,0,0,0,0,0,0,0,0,0,0,0,0,0,0.6126,0,0,0,0,0,0,0,0,0,0,0,0,0,0
"A_Rspct",0,0,0,0,0,0,0,0,0,0,0,0,0,0,0,0,0,0.4489,0,0,0,0,0,0,0,0,0,0,0,0,0
"A_Trust",0,0,0,0,0,0,0,0,0,0,0,0,0,0,0,0,0,0,0.597,0,0,0,0,0,0,0,0,0,0,0,0
"C_Org",0,0,0,0,0,0,0,0,0,0,0,0,0,0,0,0,0,0,0,0.6086,0,0,0,0,0,0,0,0,0,0,0
"C_Prdctv",0,0,0,0,0,0,0,0,0,0,0,0,0,0,0,0,0,0,0,0,0.5098,0,0,0,0,0,0,0,0,0,0
"C_Rspnbl",0,0,0,0,0,0,0,0,0,0,0,0,0,0,0,0,0,0,0,0,0,0.6439,0,0,0,0,0,0,0,0,0
"E_Assert",0,0,0,0,0,0,0,0,0,0,0,0,0,0,0,0,0,0,0,0,0,0,0.4438,0,0,0,0,0,0,0,0
"E_EnerLev",0,0,0,0,0,0,0,0,0,0,0,0,0,0,0,0,0,0,0,0,0,0,0,0.738,0,0,0,0,0,0,0
"E_Scblty",0,0,0,0,0,0,0,0,0,0,0,0,0,0,0,0,0,0,0,0,0,0,0,0,0.5896,0,0,0,0,0,0
"N_Anxty",0,0,0,0,0,0,0,0,0,0,0,0,0,0,0,0,0,0,0,0,0,0,0,0,0,1.6145,0,0,0,0,0
"N_Depr",0,0,0,0,0,0,0,0,0,0,0,0,0,0,0,0,0,0,0,0,0,0,0,0,0,0,0.5975,0,0,0,0
"N_EmoVol",0,0,0,0,0,0,0,0,0,0,0,0,0,0,0,0,0,0,0,0,0,0,0,0,0,0,0,0.5665,0,0,0
"O_AesSens",0,0,0,0,0,0,0,0,0,0,0,0,0,0,0,0,0,0,0,0,0,0,0,0,0,0,0,0,0.7968,0,0
"O_CrtvImag",0,0,0,0,0,0,0,0,0,0,0,0,0,0,0,0,0,0,0,0,0,0,0,0,0,0,0,0,0,0.6314,0
"O_IntCur",0,0,0,0,0,0,0,0,0,0,0,0,0,0,0,0,0,0,0,0,0,0,0,0,0,0,0,0,0,0,0.5545
