"","cumsumT","A_Cmpnlag","A_Rspctlag","A_Trustlag","C_Orglag","C_Prdctvlag","C_Rspnbllag","E_Assertlag","E_EnerLevlag","E_Scbltylag","N_Anxtylag","N_Deprlag","N_EmoVollag","O_AesSenslag","O_CrtvImaglag","O_IntCurlag","A_Cmpn","A_Rspct","A_Trust","C_Org","C_Prdctv","C_Rspnbl","E_Assert","E_EnerLev","E_Scblty","N_Anxty","N_Depr","N_EmoVol","O_AesSens","O_CrtvImag","O_IntCur"
"cumsumT",0.9115,-0.2659,-0.1135,-0.1777,0.0285,-0.1184,0.0538,-0.0131,-0.0744,0.3068,0.1683,0.3693,0.5165,0.3873,0.0034,0.3075,0,0,0,0,0,0,0,0,0,0,0,0,0,0,0
"A_Cmpnlag",-0.2659,0.9981,0.2304,0.4079,0.2501,0.1835,0.1225,-0.0015,0.1571,0.2708,-0.2912,-0.4544,-0.2894,-0.4413,0.0572,0.1124,0,0,0,0,0,0,0,0,0,0,0,0,0,0,0
"A_Rspctlag",-0.1135,0.2304,0.9996,0.2331,0.0698,0.1,0.4956,0.3282,0.668,0.2237,-0.3419,-0.4435,-0.3564,0.1399,0.0606,0.2776,0,0,0,0,0,0,0,0,0,0,0,0,0,0,0
"A_Trustlag",-0.1777,0.4079,0.2331,0.9372,0.1545,0.4364,0.1442,0.4128,0.2481,0.2699,-0.191,-0.553,-0.486,8e-04,0.2425,-0.2088,0,0,0,0,0,0,0,0,0,0,0,0,0,0,0
"C_Orglag",0.0285,0.2501,0.0698,0.1545,0.9723,0.2028,-0.0775,0.1594,0.1623,-0.0034,0.3988,0.0861,0.089,0.1496,-0.003,0.1442,0,0,0,0,0,0,0,0,0,0,0,0,0,0,0
"C_Prdctvlag",-0.1184,0.1835,0.1,0.4364,0.2028,0.9743,0.1613,0.5477,0.3816,0.2268,-0.1016,-0.3936,-0.3814,0.2293,0.559,-0.1602,0,0,0,0,0,0,0,0,0,0,0,0,0,0,0
"C_Rspnbllag",0.0538,0.1225,0.4956,0.1442,-0.0775,0.1613,0.9867,0.1533,0.2616,0.3109,-0.5133,-0.2774,-0.0635,0.2682,0.4892,0.3705,0,0,0,0,0,0,0,0,0,0,0,0,0,0,0
"E_Assertlag",-0.0131,-0.0015,0.3282,0.4128,0.1594,0.5477,0.1533,0.953,0.362,0.2107,0.1292,-0.1623,-0.5459,0.2645,0.3421,0.0173,0,0,0,0,0,0,0,0,0,0,0,0,0,0,0
"E_EnerLevlag",-0.0744,0.1571,0.668,0.2481,0.1623,0.3816,0.2616,0.362,0.999,0.3697,-0.0892,-0.3717,-0.2744,0.2027,0.1264,0.1168,0,0,0,0,0,0,0,0,0,0,0,0,0,0,0
"E_Scbltylag",0.3068,0.2708,0.2237,0.2699,-0.0034,0.2268,0.3109,0.2107,0.3697,0.9985,-0.309,-0.3478,-0.1809,0.0309,0.3474,0.3357,0,0,0,0,0,0,0,0,0,0,0,0,0,0,0
"N_Anxtylag",0.1683,-0.2912,-0.3419,-0.191,0.3988,-0.1016,-0.5133,0.1292,-0.0892,-0.309,0.9983,0.6456,0.3097,0.0416,-0.2738,0.0095,0,0,0,0,0,0,0,0,0,0,0,0,0,0,0
"N_Deprlag",0.3693,-0.4544,-0.4435,-0.553,0.0861,-0.3936,-0.2774,-0.1623,-0.3717,-0.3478,0.6456,0.903,0.5958,0.007,-0.2089,0.2109,0,0,0,0,0,0,0,0,0,0,0,0,0,0,0
"N_EmoVollag",0.5165,-0.2894,-0.3564,-0.486,0.089,-0.3814,-0.0635,-0.5459,-0.2744,-0.1809,0.3097,0.5958,0.9997,0.2326,-0.0243,0.2222,0,0,0,0,0,0,0,0,0,0,0,0,0,0,0
"O_AesSenslag",0.3873,-0.4413,0.1399,8e-04,0.1496,0.2293,0.2682,0.2645,0.2027,0.0309,0.0416,0.007,0.2326,0.946,0.2695,0.2509,0,0,0,0,0,0,0,0,0,0,0,0,0,0,0
"O_CrtvImaglag",0.0034,0.0572,0.0606,0.2425,-0.003,0.559,0.4892,0.3421,0.1264,0.3474,-0.2738,-0.2089,-0.0243,0.2695,0.9621,0.0389,0,0,0,0,0,0,0,0,0,0,0,0,0,0,0
"O_IntCurlag",0.3075,0.1124,0.2776,-0.2088,0.1442,-0.1602,0.3705,0.0173,0.1168,0.3357,0.0095,0.2109,0.2222,0.2509,0.0389,0.9991,0,0,0,0,0,0,0,0,0,0,0,0,0,0,0
"A_Cmpn",0,0,0,0,0,0,0,0,0,0,0,0,0,0,0,0,0.0211,0,0,0,0,0,0,0,0,0,0,0,0,0,0
"A_Rspct",0,0,0,0,0,0,0,0,0,0,0,0,0,0,0,0,0,0.4575,0,0,0,0,0,0,0,0,0,0,0,0,0
"A_Trust",0,0,0,0,0,0,0,0,0,0,0,0,0,0,0,0,0,0,0.3545,0,0,0,0,0,0,0,0,0,0,0,0
"C_Org",0,0,0,0,0,0,0,0,0,0,0,0,0,0,0,0,0,0,0,0.9147,0,0,0,0,0,0,0,0,0,0,0
"C_Prdctv",0,0,0,0,0,0,0,0,0,0,0,0,0,0,0,0,0,0,0,0,0.704,0,0,0,0,0,0,0,0,0,0
"C_Rspnbl",0,0,0,0,0,0,0,0,0,0,0,0,0,0,0,0,0,0,0,0,0,0.7028,0,0,0,0,0,0,0,0,0
"E_Assert",0,0,0,0,0,0,0,0,0,0,0,0,0,0,0,0,0,0,0,0,0,0,0.2532,0,0,0,0,0,0,0,0
"E_EnerLev",0,0,0,0,0,0,0,0,0,0,0,0,0,0,0,0,0,0,0,0,0,0,0,0.9704,0,0,0,0,0,0,0
"E_Scblty",0,0,0,0,0,0,0,0,0,0,0,0,0,0,0,0,0,0,0,0,0,0,0,0,0.5136,0,0,0,0,0,0
"N_Anxty",0,0,0,0,0,0,0,0,0,0,0,0,0,0,0,0,0,0,0,0,0,0,0,0,0,0.174,0,0,0,0,0
"N_Depr",0,0,0,0,0,0,0,0,0,0,0,0,0,0,0,0,0,0,0,0,0,0,0,0,0,0,0.0294,0,0,0,0
"N_EmoVol",0,0,0,0,0,0,0,0,0,0,0,0,0,0,0,0,0,0,0,0,0,0,0,0,0,0,0,0.2825,0,0,0
"O_AesSens",0,0,0,0,0,0,0,0,0,0,0,0,0,0,0,0,0,0,0,0,0,0,0,0,0,0,0,0,0.9335,0,0
"O_CrtvImag",0,0,0,0,0,0,0,0,0,0,0,0,0,0,0,0,0,0,0,0,0,0,0,0,0,0,0,0,0,0.3805,0
"O_IntCur",0,0,0,0,0,0,0,0,0,0,0,0,0,0,0,0,0,0,0,0,0,0,0,0,0,0,0,0,0,0,0.9461
