"","cumsumT","A_Cmpnlag","A_Rspctlag","A_Trustlag","C_Orglag","C_Prdctvlag","C_Rspnbllag","E_Assertlag","E_EnerLevlag","E_Scbltylag","N_Anxtylag","N_Deprlag","N_EmoVollag","O_AesSenslag","O_CrtvImaglag","O_IntCurlag","A_Cmpn","A_Rspct","A_Trust","C_Org","C_Prdctv","C_Rspnbl","E_Assert","E_EnerLev","E_Scblty","N_Anxty","N_Depr","N_EmoVol","O_AesSens","O_CrtvImag","O_IntCur"
"cumsumT",1,0.1504,0.1336,0.1693,0.193,0.0809,0.0294,0.0703,-0.141,-0.0586,0.0214,0.08,-0.0423,-0.0407,0.2913,-0.0414,0,0,0,0,0,0,0,0,0,0,0,0,0,0,0
"A_Cmpnlag",0.1504,1,0.2296,0.585,-0.1561,0.1751,0.122,0.1046,0.2215,0.3204,-0.3571,-0.0496,-0.1259,0.2909,0.2583,0.2429,0,0,0,0,0,0,0,0,0,0,0,0,0,0,0
"A_Rspctlag",0.1336,0.2296,1,0.3051,-0.0622,0.1041,0.1004,-0.0331,-0.1712,0.0957,-0.1385,0.1645,-0.3009,-0.0149,0.4888,0.3434,0,0,0,0,0,0,0,0,0,0,0,0,0,0,0
"A_Trustlag",0.1693,0.585,0.3051,1,-0.0732,0.0794,0.3428,0.0577,0.3089,0.4335,-0.3334,-0.0613,-0.2918,0.344,0.3268,0.2353,0,0,0,0,0,0,0,0,0,0,0,0,0,0,0
"C_Orglag",0.193,-0.1561,-0.0622,-0.0732,1,0.0227,0.3446,0.2889,0.0824,-0.096,-0.0791,0.1748,0.3283,0.0061,-0.2018,-0.1084,0,0,0,0,0,0,0,0,0,0,0,0,0,0,0
"C_Prdctvlag",0.0809,0.1751,0.1041,0.0794,0.0227,1,0.1594,-0.2152,-0.0505,0.0745,-0.2316,-0.1976,-0.198,0.2875,0.242,0.0954,0,0,0,0,0,0,0,0,0,0,0,0,0,0,0
"C_Rspnbllag",0.0294,0.122,0.1004,0.3428,0.3446,0.1594,1,0.4426,0.3235,0.2149,-0.1858,-0.0627,0.0666,0.1273,0.0808,0.1718,0,0,0,0,0,0,0,0,0,0,0,0,0,0,0
"E_Assertlag",0.0703,0.1046,-0.0331,0.0577,0.2889,-0.2152,0.4426,1,0.352,0.2862,-0.1065,0.0059,0.365,0.0087,-0.0165,0.2541,0,0,0,0,0,0,0,0,0,0,0,0,0,0,0
"E_EnerLevlag",-0.141,0.2215,-0.1712,0.3089,0.0824,-0.0505,0.3235,0.352,1,0.499,-0.2818,-0.1733,-0.0252,0.0612,-0.0757,0.1088,0,0,0,0,0,0,0,0,0,0,0,0,0,0,0
"E_Scbltylag",-0.0586,0.3204,0.0957,0.4335,-0.096,0.0745,0.2149,0.2862,0.499,1,-0.2066,-0.2244,-0.0485,0.1403,0.3164,0.3417,0,0,0,0,0,0,0,0,0,0,0,0,0,0,0
"N_Anxtylag",0.0214,-0.3571,-0.1385,-0.3334,-0.0791,-0.2316,-0.1858,-0.1065,-0.2818,-0.2066,1,0.3362,0.3152,-0.1562,-0.1549,-0.2578,0,0,0,0,0,0,0,0,0,0,0,0,0,0,0
"N_Deprlag",0.08,-0.0496,0.1645,-0.0613,0.1748,-0.1976,-0.0627,0.0059,-0.1733,-0.2244,0.3362,1,0.3391,-0.2081,-0.058,-0.1531,0,0,0,0,0,0,0,0,0,0,0,0,0,0,0
"N_EmoVollag",-0.0423,-0.1259,-0.3009,-0.2918,0.3283,-0.198,0.0666,0.365,-0.0252,-0.0485,0.3152,0.3391,1,-0.1987,-0.2877,-0.2062,0,0,0,0,0,0,0,0,0,0,0,0,0,0,0
"O_AesSenslag",-0.0407,0.2909,-0.0149,0.344,0.0061,0.2875,0.1273,0.0087,0.0612,0.1403,-0.1562,-0.2081,-0.1987,1,-0.0114,0.4175,0,0,0,0,0,0,0,0,0,0,0,0,0,0,0
"O_CrtvImaglag",0.2913,0.2583,0.4888,0.3268,-0.2018,0.242,0.0808,-0.0165,-0.0757,0.3164,-0.1549,-0.058,-0.2877,-0.0114,1,0.4307,0,0,0,0,0,0,0,0,0,0,0,0,0,0,0
"O_IntCurlag",-0.0414,0.2429,0.3434,0.2353,-0.1084,0.0954,0.1718,0.2541,0.1088,0.3417,-0.2578,-0.1531,-0.2062,0.4175,0.4307,1,0,0,0,0,0,0,0,0,0,0,0,0,0,0,0
"A_Cmpn",0,0,0,0,0,0,0,0,0,0,0,0,0,0,0,0,0.5979,0,0,0,0,0,0,0,0,0,0,0,0,0,0
"A_Rspct",0,0,0,0,0,0,0,0,0,0,0,0,0,0,0,0,0,0.7051,0,0,0,0,0,0,0,0,0,0,0,0,0
"A_Trust",0,0,0,0,0,0,0,0,0,0,0,0,0,0,0,0,0,0,0.718,0,0,0,0,0,0,0,0,0,0,0,0
"C_Org",0,0,0,0,0,0,0,0,0,0,0,0,0,0,0,0,0,0,0,0.8404,0,0,0,0,0,0,0,0,0,0,0
"C_Prdctv",0,0,0,0,0,0,0,0,0,0,0,0,0,0,0,0,0,0,0,0,0.8415,0,0,0,0,0,0,0,0,0,0
"C_Rspnbl",0,0,0,0,0,0,0,0,0,0,0,0,0,0,0,0,0,0,0,0,0,0.6958,0,0,0,0,0,0,0,0,0
"E_Assert",0,0,0,0,0,0,0,0,0,0,0,0,0,0,0,0,0,0,0,0,0,0,0.6151,0,0,0,0,0,0,0,0
"E_EnerLev",0,0,0,0,0,0,0,0,0,0,0,0,0,0,0,0,0,0,0,0,0,0,0,0.4677,0,0,0,0,0,0,0
"E_Scblty",0,0,0,0,0,0,0,0,0,0,0,0,0,0,0,0,0,0,0,0,0,0,0,0,0.9096,0,0,0,0,0,0
"N_Anxty",0,0,0,0,0,0,0,0,0,0,0,0,0,0,0,0,0,0,0,0,0,0,0,0,0,0.7604,0,0,0,0,0
"N_Depr",0,0,0,0,0,0,0,0,0,0,0,0,0,0,0,0,0,0,0,0,0,0,0,0,0,0,1.2323,0,0,0,0
"N_EmoVol",0,0,0,0,0,0,0,0,0,0,0,0,0,0,0,0,0,0,0,0,0,0,0,0,0,0,0,2.9827,0,0,0
"O_AesSens",0,0,0,0,0,0,0,0,0,0,0,0,0,0,0,0,0,0,0,0,0,0,0,0,0,0,0,0,0.8803,0,0
"O_CrtvImag",0,0,0,0,0,0,0,0,0,0,0,0,0,0,0,0,0,0,0,0,0,0,0,0,0,0,0,0,0,0.5512,0
"O_IntCur",0,0,0,0,0,0,0,0,0,0,0,0,0,0,0,0,0,0,0,0,0,0,0,0,0,0,0,0,0,0,0.5503
