"","cumsumT","A_Cmpnlag","A_Rspctlag","A_Trustlag","C_Orglag","C_Prdctvlag","C_Rspnbllag","E_Assertlag","E_EnerLevlag","E_Scbltylag","N_Anxtylag","N_Deprlag","N_EmoVollag","O_AesSenslag","O_CrtvImaglag","O_IntCurlag","A_Cmpn","A_Rspct","A_Trust","C_Org","C_Prdctv","C_Rspnbl","E_Assert","E_EnerLev","E_Scblty","N_Anxty","N_Depr","N_EmoVol","O_AesSens","O_CrtvImag","O_IntCur"
"cumsumT",0.9709,0.1299,0.0064,-0.0226,0.1808,-0.0056,0.0822,0.1497,-0.01,0.1965,-0.1702,-0.1148,-0.1663,-0.1155,0.1715,0.1805,0,0,0,0,0,0,0,0,0,0,0,0,0,0,0
"A_Cmpnlag",0.1299,0.9791,0.2724,0.0303,0.1601,0.1577,-0.0574,0.3513,-0.066,0.1968,-0.1476,0.1132,-0.1446,-0.0609,0.3276,0.0209,0,0,0,0,0,0,0,0,0,0,0,0,0,0,0
"A_Rspctlag",0.0064,0.2724,0.9985,0.0556,-0.0059,-0.0091,-0.1947,0.3013,-0.0657,-0.0623,0.0164,-0.0096,-0.1784,-0.1469,0.2056,0.0356,0,0,0,0,0,0,0,0,0,0,0,0,0,0,0
"A_Trustlag",-0.0226,0.0303,0.0556,1,0.2196,0.0314,0.1002,-0.2956,-0.0078,-0.101,0.0119,-0.1754,-0.153,0.2117,-0.0229,0.1249,0,0,0,0,0,0,0,0,0,0,0,0,0,0,0
"C_Orglag",0.1808,0.1601,-0.0059,0.2196,0.9991,0.5334,0.6016,-0.1434,0.2198,0.2712,-0.2368,0.0168,-0.0047,0.275,0.267,0.5166,0,0,0,0,0,0,0,0,0,0,0,0,0,0,0
"C_Prdctvlag",-0.0056,0.1577,-0.0091,0.0314,0.5334,0.9946,0.5554,-0.1181,0.4054,0.2165,-0.1126,0.0269,-0.0832,0.1952,0.4613,0.2503,0,0,0,0,0,0,0,0,0,0,0,0,0,0,0
"C_Rspnbllag",0.0822,-0.0574,-0.1947,0.1002,0.6016,0.5554,0.9936,-0.3747,0.5634,0.0636,-0.307,0.0703,-0.0294,0.3061,0.1812,0.3403,0,0,0,0,0,0,0,0,0,0,0,0,0,0,0
"E_Assertlag",0.1497,0.3513,0.3013,-0.2956,-0.1434,-0.1181,-0.3747,0.9907,-0.2733,0.3962,0.044,-0.1062,-0.0153,-0.4192,0.1896,-0.0098,0,0,0,0,0,0,0,0,0,0,0,0,0,0,0
"E_EnerLevlag",-0.01,-0.066,-0.0657,-0.0078,0.2198,0.4054,0.5634,-0.2733,0.9926,0.2643,-0.1787,-0.1178,0.0807,0.2056,0.3802,0.0582,0,0,0,0,0,0,0,0,0,0,0,0,0,0,0
"E_Scbltylag",0.1965,0.1968,-0.0623,-0.101,0.2712,0.2165,0.0636,0.3962,0.2643,0.9796,-0.0738,-0.3143,0.1662,-0.1522,0.3298,0.3637,0,0,0,0,0,0,0,0,0,0,0,0,0,0,0
"N_Anxtylag",-0.1702,-0.1476,0.0164,0.0119,-0.2368,-0.1126,-0.307,0.044,-0.1787,-0.0738,0.9838,0.1971,0.1117,-0.2097,-0.1935,-0.1934,0,0,0,0,0,0,0,0,0,0,0,0,0,0,0
"N_Deprlag",-0.1148,0.1132,-0.0096,-0.1754,0.0168,0.0269,0.0703,-0.1062,-0.1178,-0.3143,0.1971,0.9957,0.1653,0.0946,-0.1094,0.0492,0,0,0,0,0,0,0,0,0,0,0,0,0,0,0
"N_EmoVollag",-0.1663,-0.1446,-0.1784,-0.153,-0.0047,-0.0832,-0.0294,-0.0153,0.0807,0.1662,0.1117,0.1653,1,-0.1518,0.0503,-0.0216,0,0,0,0,0,0,0,0,0,0,0,0,0,0,0
"O_AesSenslag",-0.1155,-0.0609,-0.1469,0.2117,0.275,0.1952,0.3061,-0.4192,0.2056,-0.1522,-0.2097,0.0946,-0.1518,0.994,-0.0523,0.2344,0,0,0,0,0,0,0,0,0,0,0,0,0,0,0
"O_CrtvImaglag",0.1715,0.3276,0.2056,-0.0229,0.267,0.4613,0.1812,0.1896,0.3802,0.3298,-0.1935,-0.1094,0.0503,-0.0523,0.9991,0.2066,0,0,0,0,0,0,0,0,0,0,0,0,0,0,0
"O_IntCurlag",0.1805,0.0209,0.0356,0.1249,0.5166,0.2503,0.3403,-0.0098,0.0582,0.3637,-0.1934,0.0492,-0.0216,0.2344,0.2066,0.9999,0,0,0,0,0,0,0,0,0,0,0,0,0,0,0
"A_Cmpn",0,0,0,0,0,0,0,0,0,0,0,0,0,0,0,0,0.7767,0,0,0,0,0,0,0,0,0,0,0,0,0,0
"A_Rspct",0,0,0,0,0,0,0,0,0,0,0,0,0,0,0,0,0,0.8718,0,0,0,0,0,0,0,0,0,0,0,0,0
"A_Trust",0,0,0,0,0,0,0,0,0,0,0,0,0,0,0,0,0,0,0.8156,0,0,0,0,0,0,0,0,0,0,0,0
"C_Org",0,0,0,0,0,0,0,0,0,0,0,0,0,0,0,0,0,0,0,0.6224,0,0,0,0,0,0,0,0,0,0,0
"C_Prdctv",0,0,0,0,0,0,0,0,0,0,0,0,0,0,0,0,0,0,0,0,0.7685,0,0,0,0,0,0,0,0,0,0
"C_Rspnbl",0,0,0,0,0,0,0,0,0,0,0,0,0,0,0,0,0,0,0,0,0,1.3366,0,0,0,0,0,0,0,0,0
"E_Assert",0,0,0,0,0,0,0,0,0,0,0,0,0,0,0,0,0,0,0,0,0,0,0.6349,0,0,0,0,0,0,0,0
"E_EnerLev",0,0,0,0,0,0,0,0,0,0,0,0,0,0,0,0,0,0,0,0,0,0,0,0.4846,0,0,0,0,0,0,0
"E_Scblty",0,0,0,0,0,0,0,0,0,0,0,0,0,0,0,0,0,0,0,0,0,0,0,0,0.9043,0,0,0,0,0,0
"N_Anxty",0,0,0,0,0,0,0,0,0,0,0,0,0,0,0,0,0,0,0,0,0,0,0,0,0,0.7223,0,0,0,0,0
"N_Depr",0,0,0,0,0,0,0,0,0,0,0,0,0,0,0,0,0,0,0,0,0,0,0,0,0,0,1.5376,0,0,0,0
"N_EmoVol",0,0,0,0,0,0,0,0,0,0,0,0,0,0,0,0,0,0,0,0,0,0,0,0,0,0,0,0.9887,0,0,0
"O_AesSens",0,0,0,0,0,0,0,0,0,0,0,0,0,0,0,0,0,0,0,0,0,0,0,0,0,0,0,0,0.7858,0,0
"O_CrtvImag",0,0,0,0,0,0,0,0,0,0,0,0,0,0,0,0,0,0,0,0,0,0,0,0,0,0,0,0,0,0.7186,0
"O_IntCur",0,0,0,0,0,0,0,0,0,0,0,0,0,0,0,0,0,0,0,0,0,0,0,0,0,0,0,0,0,0,0.7198
