"","cumsumT","A_Cmpnlag","A_Rspctlag","A_Trustlag","C_Orglag","C_Prdctvlag","C_Rspnbllag","E_Assertlag","E_EnerLevlag","E_Scbltylag","N_Anxtylag","N_Deprlag","N_EmoVollag","O_AesSenslag","O_CrtvImaglag","O_IntCurlag","A_Cmpn","A_Rspct","A_Trust","C_Org","C_Prdctv","C_Rspnbl","E_Assert","E_EnerLev","E_Scblty","N_Anxty","N_Depr","N_EmoVol","O_AesSens","O_CrtvImag","O_IntCur"
"cumsumT",0.9404,0.1896,-0.1566,-0.0345,-0.0444,-0.1394,0.096,-0.1157,-0.0357,0.0687,0.0966,0.2506,0.029,-0.0369,0.0831,-0.0522,0,0,0,0,0,0,0,0,0,0,0,0,0,0,0
"A_Cmpnlag",0.1896,0.9744,0.1381,0.2646,-0.2168,-0.4339,-0.1954,-0.2121,0.1939,0.5411,-0.272,-0.208,-0.176,0.1734,0.3763,0.0909,0,0,0,0,0,0,0,0,0,0,0,0,0,0,0
"A_Rspctlag",-0.1566,0.1381,0.9995,0.2742,-0.1168,-0.0811,0.0335,0.2129,0.3544,0.1768,0.1709,-0.0142,-0.0167,-0.1923,0.1951,0.2588,0,0,0,0,0,0,0,0,0,0,0,0,0,0,0
"A_Trustlag",-0.0345,0.2646,0.2742,0.9237,-0.1081,-0.0469,-0.0597,0.0606,0.4451,0.4202,-0.2032,-0.4625,-0.3163,-0.1746,0.1615,0.1578,0,0,0,0,0,0,0,0,0,0,0,0,0,0,0
"C_Orglag",-0.0444,-0.2168,-0.1168,-0.1081,0.9793,0.5309,0.3916,0.2309,-0.0296,-0.3884,-0.0394,-0.0789,-0.1691,-0.0807,0.0424,-0.2363,0,0,0,0,0,0,0,0,0,0,0,0,0,0,0
"C_Prdctvlag",-0.1394,-0.4339,-0.0811,-0.0469,0.5309,0.9827,0.481,0.0943,-0.1702,-0.3797,0.0949,-0.0407,-0.0167,-0.0369,-0.2714,-0.1864,0,0,0,0,0,0,0,0,0,0,0,0,0,0,0
"C_Rspnbllag",0.096,-0.1954,0.0335,-0.0597,0.3916,0.481,1,0.3502,0.2392,-0.225,0.0915,-0.0228,-0.0189,-0.2108,-0.0569,-0.0061,0,0,0,0,0,0,0,0,0,0,0,0,0,0,0
"E_Assertlag",-0.1157,-0.2121,0.2129,0.0606,0.2309,0.0943,0.3502,0.9752,0.1916,-0.0498,-0.1749,-0.2234,-0.0441,-0.2774,0.0553,0.0035,0,0,0,0,0,0,0,0,0,0,0,0,0,0,0
"E_EnerLevlag",-0.0357,0.1939,0.3544,0.4451,-0.0296,-0.1702,0.2392,0.1916,0.9994,0.2568,-0.1671,-0.4324,-0.3166,-0.1137,0.3526,0.2335,0,0,0,0,0,0,0,0,0,0,0,0,0,0,0
"E_Scbltylag",0.0687,0.5411,0.1768,0.4202,-0.3884,-0.3797,-0.225,-0.0498,0.2568,0.9898,-0.2766,-0.322,-0.267,0.1517,0.3842,0.4503,0,0,0,0,0,0,0,0,0,0,0,0,0,0,0
"N_Anxtylag",0.0966,-0.272,0.1709,-0.2032,-0.0394,0.0949,0.0915,-0.1749,-0.1671,-0.2766,0.9845,0.558,0.5952,-0.161,0.051,-0.0227,0,0,0,0,0,0,0,0,0,0,0,0,0,0,0
"N_Deprlag",0.2506,-0.208,-0.0142,-0.4625,-0.0789,-0.0407,-0.0228,-0.2234,-0.4324,-0.322,0.558,0.997,0.5784,0.0719,-0.2042,-0.3231,0,0,0,0,0,0,0,0,0,0,0,0,0,0,0
"N_EmoVollag",0.029,-0.176,-0.0167,-0.3163,-0.1691,-0.0167,-0.0189,-0.0441,-0.3166,-0.267,0.5952,0.5784,0.9957,0.1315,0.092,-0.1011,0,0,0,0,0,0,0,0,0,0,0,0,0,0,0
"O_AesSenslag",-0.0369,0.1734,-0.1923,-0.1746,-0.0807,-0.0369,-0.2108,-0.2774,-0.1137,0.1517,-0.161,0.0719,0.1315,0.9828,0.049,-0.0278,0,0,0,0,0,0,0,0,0,0,0,0,0,0,0
"O_CrtvImaglag",0.0831,0.3763,0.1951,0.1615,0.0424,-0.2714,-0.0569,0.0553,0.3526,0.3842,0.051,-0.2042,0.092,0.049,0.9862,0.2792,0,0,0,0,0,0,0,0,0,0,0,0,0,0,0
"O_IntCurlag",-0.0522,0.0909,0.2588,0.1578,-0.2363,-0.1864,-0.0061,0.0035,0.2335,0.4503,-0.0227,-0.3231,-0.1011,-0.0278,0.2792,0.969,0,0,0,0,0,0,0,0,0,0,0,0,0,0,0
"A_Cmpn",0,0,0,0,0,0,0,0,0,0,0,0,0,0,0,0,0.68,0,0,0,0,0,0,0,0,0,0,0,0,0,0
"A_Rspct",0,0,0,0,0,0,0,0,0,0,0,0,0,0,0,0,0,0.4743,0,0,0,0,0,0,0,0,0,0,0,0,0
"A_Trust",0,0,0,0,0,0,0,0,0,0,0,0,0,0,0,0,0,0,1.3141,0,0,0,0,0,0,0,0,0,0,0,0
"C_Org",0,0,0,0,0,0,0,0,0,0,0,0,0,0,0,0,0,0,0,0.7157,0,0,0,0,0,0,0,0,0,0,0
"C_Prdctv",0,0,0,0,0,0,0,0,0,0,0,0,0,0,0,0,0,0,0,0,0.7853,0,0,0,0,0,0,0,0,0,0
"C_Rspnbl",0,0,0,0,0,0,0,0,0,0,0,0,0,0,0,0,0,0,0,0,0,0.4282,0,0,0,0,0,0,0,0,0
"E_Assert",0,0,0,0,0,0,0,0,0,0,0,0,0,0,0,0,0,0,0,0,0,0,0.4451,0,0,0,0,0,0,0,0
"E_EnerLev",0,0,0,0,0,0,0,0,0,0,0,0,0,0,0,0,0,0,0,0,0,0,0,0.6825,0,0,0,0,0,0,0
"E_Scblty",0,0,0,0,0,0,0,0,0,0,0,0,0,0,0,0,0,0,0,0,0,0,0,0,0.5673,0,0,0,0,0,0
"N_Anxty",0,0,0,0,0,0,0,0,0,0,0,0,0,0,0,0,0,0,0,0,0,0,0,0,0,0.6733,0,0,0,0,0
"N_Depr",0,0,0,0,0,0,0,0,0,0,0,0,0,0,0,0,0,0,0,0,0,0,0,0,0,0,0.4389,0,0,0,0
"N_EmoVol",0,0,0,0,0,0,0,0,0,0,0,0,0,0,0,0,0,0,0,0,0,0,0,0,0,0,0,0.4804,0,0,0
"O_AesSens",0,0,0,0,0,0,0,0,0,0,0,0,0,0,0,0,0,0,0,0,0,0,0,0,0,0,0,0,0.6552,0,0
"O_CrtvImag",0,0,0,0,0,0,0,0,0,0,0,0,0,0,0,0,0,0,0,0,0,0,0,0,0,0,0,0,0,0.4081,0
"O_IntCur",0,0,0,0,0,0,0,0,0,0,0,0,0,0,0,0,0,0,0,0,0,0,0,0,0,0,0,0,0,0,0.7471
