"","cumsumT","A_Cmpnlag","A_Rspctlag","A_Trustlag","C_Orglag","C_Prdctvlag","C_Rspnbllag","E_Assertlag","E_EnerLevlag","E_Scbltylag","N_Anxtylag","N_Deprlag","N_EmoVollag","O_AesSenslag","O_CrtvImaglag","O_IntCurlag","A_Cmpn","A_Rspct","A_Trust","C_Org","C_Prdctv","C_Rspnbl","E_Assert","E_EnerLev","E_Scblty","N_Anxty","N_Depr","N_EmoVol","O_AesSens","O_CrtvImag","O_IntCur"
"cumsumT",0.9434,-0.1344,0.0075,-0.1835,-0.0928,-0.1492,0.1086,-0.0131,-0.286,-0.1603,0.2615,0.2216,0.2807,-0.1674,-0.4043,0.002,0,0,0,0,0,0,0,0,0,0,0,0,0,0,0
"A_Cmpnlag",-0.1344,0.9956,0.1428,-0.0312,0.0707,-0.0604,-0.3014,-0.1627,-0.0324,-0.205,-0.1675,-0.1074,-0.2017,-0.0235,0.0202,-0.2238,0,0,0,0,0,0,0,0,0,0,0,0,0,0,0
"A_Rspctlag",0.0075,0.1428,0.9988,0.4453,0.2089,-0.0953,0.1791,-0.0398,0.1669,-0.1607,-0.1239,-0.0609,-0.0716,0.2717,0.1978,0.3063,0,0,0,0,0,0,0,0,0,0,0,0,0,0,0
"A_Trustlag",-0.1835,-0.0312,0.4453,0.9968,0.5485,0.4947,0.27,0.0295,0.5269,0.2995,-0.613,-0.5848,-0.5326,0.4646,0.538,0.425,0,0,0,0,0,0,0,0,0,0,0,0,0,0,0
"C_Orglag",-0.0928,0.0707,0.2089,0.5485,0.9772,0.3295,-0.0861,0.2384,0.2814,0.2273,-0.6152,-0.5351,-0.4175,0.522,0.5253,0.3288,0,0,0,0,0,0,0,0,0,0,0,0,0,0,0
"C_Prdctvlag",-0.1492,-0.0604,-0.0953,0.4947,0.3295,0.9951,0.3952,0.3974,0.6535,0.7321,-0.4543,-0.7615,-0.5613,0.2815,0.5284,0.4266,0,0,0,0,0,0,0,0,0,0,0,0,0,0,0
"C_Rspnbllag",0.1086,-0.3014,0.1791,0.27,-0.0861,0.3952,0.9825,0.4201,0.4749,0.3157,-0.0309,-0.2268,-0.1934,0.1177,0.1034,0.2707,0,0,0,0,0,0,0,0,0,0,0,0,0,0,0
"E_Assertlag",-0.0131,-0.1627,-0.0398,0.0295,0.2384,0.3974,0.4201,0.9897,0.329,0.6021,-0.0685,-0.319,-0.2381,-0.0375,0.3636,0.1791,0,0,0,0,0,0,0,0,0,0,0,0,0,0,0
"E_EnerLevlag",-0.286,-0.0324,0.1669,0.5269,0.2814,0.6535,0.4749,0.329,0.9934,0.6254,-0.649,-0.7598,-0.6833,0.139,0.5984,0.4696,0,0,0,0,0,0,0,0,0,0,0,0,0,0,0
"E_Scbltylag",-0.1603,-0.205,-0.1607,0.2995,0.2273,0.7321,0.3157,0.6021,0.6254,0.9985,-0.3969,-0.6986,-0.5382,0.0229,0.5381,0.3749,0,0,0,0,0,0,0,0,0,0,0,0,0,0,0
"N_Anxtylag",0.2615,-0.1675,-0.1239,-0.613,-0.6152,-0.4543,-0.0309,-0.0685,-0.649,-0.3969,0.9988,0.78,0.7477,-0.29,-0.6946,-0.4003,0,0,0,0,0,0,0,0,0,0,0,0,0,0,0
"N_Deprlag",0.2216,-0.1074,-0.0609,-0.5848,-0.5351,-0.7615,-0.2268,-0.319,-0.7598,-0.6986,0.78,0.9949,0.789,-0.2925,-0.6692,-0.4071,0,0,0,0,0,0,0,0,0,0,0,0,0,0,0
"N_EmoVollag",0.2807,-0.2017,-0.0716,-0.5326,-0.4175,-0.5613,-0.1934,-0.2381,-0.6833,-0.5382,0.7477,0.789,0.9974,-0.2785,-0.6146,-0.2775,0,0,0,0,0,0,0,0,0,0,0,0,0,0,0
"O_AesSenslag",-0.1674,-0.0235,0.2717,0.4646,0.522,0.2815,0.1177,-0.0375,0.139,0.0229,-0.29,-0.2925,-0.2785,0.9741,0.2825,0.2776,0,0,0,0,0,0,0,0,0,0,0,0,0,0,0
"O_CrtvImaglag",-0.4043,0.0202,0.1978,0.538,0.5253,0.5284,0.1034,0.3636,0.5984,0.5381,-0.6946,-0.6692,-0.6146,0.2825,0.9916,0.3568,0,0,0,0,0,0,0,0,0,0,0,0,0,0,0
"O_IntCurlag",0.002,-0.2238,0.3063,0.425,0.3288,0.4266,0.2707,0.1791,0.4696,0.3749,-0.4003,-0.4071,-0.2775,0.2776,0.3568,0.983,0,0,0,0,0,0,0,0,0,0,0,0,0,0,0
"A_Cmpn",0,0,0,0,0,0,0,0,0,0,0,0,0,0,0,0,0.884,0,0,0,0,0,0,0,0,0,0,0,0,0,0
"A_Rspct",0,0,0,0,0,0,0,0,0,0,0,0,0,0,0,0,0,0.6109,0,0,0,0,0,0,0,0,0,0,0,0,0
"A_Trust",0,0,0,0,0,0,0,0,0,0,0,0,0,0,0,0,0,0,0.5302,0,0,0,0,0,0,0,0,0,0,0,0
"C_Org",0,0,0,0,0,0,0,0,0,0,0,0,0,0,0,0,0,0,0,0.4021,0,0,0,0,0,0,0,0,0,0,0
"C_Prdctv",0,0,0,0,0,0,0,0,0,0,0,0,0,0,0,0,0,0,0,0,0.9983,0,0,0,0,0,0,0,0,0,0
"C_Rspnbl",0,0,0,0,0,0,0,0,0,0,0,0,0,0,0,0,0,0,0,0,0,4.8736,0,0,0,0,0,0,0,0,0
"E_Assert",0,0,0,0,0,0,0,0,0,0,0,0,0,0,0,0,0,0,0,0,0,0,0.7604,0,0,0,0,0,0,0,0
"E_EnerLev",0,0,0,0,0,0,0,0,0,0,0,0,0,0,0,0,0,0,0,0,0,0,0,0.2395,0,0,0,0,0,0,0
"E_Scblty",0,0,0,0,0,0,0,0,0,0,0,0,0,0,0,0,0,0,0,0,0,0,0,0,0.3747,0,0,0,0,0,0
"N_Anxty",0,0,0,0,0,0,0,0,0,0,0,0,0,0,0,0,0,0,0,0,0,0,0,0,0,0.2672,0,0,0,0,0
"N_Depr",0,0,0,0,0,0,0,0,0,0,0,0,0,0,0,0,0,0,0,0,0,0,0,0,0,0,0.1517,0,0,0,0
"N_EmoVol",0,0,0,0,0,0,0,0,0,0,0,0,0,0,0,0,0,0,0,0,0,0,0,0,0,0,0,0.3409,0,0,0
"O_AesSens",0,0,0,0,0,0,0,0,0,0,0,0,0,0,0,0,0,0,0,0,0,0,0,0,0,0,0,0,0.7392,0,0
"O_CrtvImag",0,0,0,0,0,0,0,0,0,0,0,0,0,0,0,0,0,0,0,0,0,0,0,0,0,0,0,0,0,0.4404,0
"O_IntCur",0,0,0,0,0,0,0,0,0,0,0,0,0,0,0,0,0,0,0,0,0,0,0,0,0,0,0,0,0,0,0.6222
