"","cumsumT","A_Cmpnlag","A_Rspctlag","A_Trustlag","C_Orglag","C_Prdctvlag","C_Rspnbllag","E_Assertlag","E_EnerLevlag","E_Scbltylag","N_Anxtylag","N_Deprlag","N_EmoVollag","O_AesSenslag","O_CrtvImaglag","O_IntCurlag","A_Cmpn","A_Rspct","A_Trust","C_Org","C_Prdctv","C_Rspnbl","E_Assert","E_EnerLev","E_Scblty","N_Anxty","N_Depr","N_EmoVol","O_AesSens","O_CrtvImag","O_IntCur"
"cumsumT",0.9731,0.1705,-0.08,1e-04,0.1817,-2e-04,-0.0554,0.0138,-0.1138,0.0637,-0.1505,-0.0803,-0.0978,0.0328,0.0099,0.0867,0,0,0,0,0,0,0,0,0,0,0,0,0,0,0
"A_Cmpnlag",0.1705,0.9995,0.0494,-0.2158,-0.0458,0.0795,-0.0797,0.2183,0.1285,0.0812,-0.0865,-0.0419,0.1065,0.0381,0.2389,0.1124,0,0,0,0,0,0,0,0,0,0,0,0,0,0,0
"A_Rspctlag",-0.08,0.0494,1,0.1442,0.0974,0.1572,0.3002,-0.1146,0.0726,-0.1362,-0.2456,0.192,-0.2669,0.1889,-0.0133,0.142,0,0,0,0,0,0,0,0,0,0,0,0,0,0,0
"A_Trustlag",1e-04,-0.2158,0.1442,0.9912,0.2884,0.3421,0.0564,-0.5436,0.0446,-0.1898,-0.2885,0.0121,-0.1795,0.3059,0.3385,-0.4193,0,0,0,0,0,0,0,0,0,0,0,0,0,0,0
"C_Orglag",0.1817,-0.0458,0.0974,0.2884,0.999,0.5263,0.1461,-0.061,-0.2047,0.1196,-0.3675,0.2407,-0.4479,0.2497,0.1798,0.0822,0,0,0,0,0,0,0,0,0,0,0,0,0,0,0
"C_Prdctvlag",-2e-04,0.0795,0.1572,0.3421,0.5263,0.9996,0.1071,-0.0756,0.0066,0.1351,-0.4652,0.0447,-0.3124,0.2423,0.172,-0.0952,0,0,0,0,0,0,0,0,0,0,0,0,0,0,0
"C_Rspnbllag",-0.0554,-0.0797,0.3002,0.0564,0.1461,0.1071,0.9996,0.0888,-0.0171,0.1552,-0.0626,0.0785,-0.2324,-0.0637,-2e-04,0.1059,0,0,0,0,0,0,0,0,0,0,0,0,0,0,0
"E_Assertlag",0.0138,0.2183,-0.1146,-0.5436,-0.061,-0.0756,0.0888,0.9936,-0.1922,0.3801,0.1344,-0.061,0.0403,-0.3206,-0.205,0.3383,0,0,0,0,0,0,0,0,0,0,0,0,0,0,0
"E_EnerLevlag",-0.1138,0.1285,0.0726,0.0446,-0.2047,0.0066,-0.0171,-0.1922,0.9992,0.1217,-0.0173,-0.1323,0.0197,0.2694,0.0259,-0.1027,0,0,0,0,0,0,0,0,0,0,0,0,0,0,0
"E_Scbltylag",0.0637,0.0812,-0.1362,-0.1898,0.1196,0.1351,0.1552,0.3801,0.1217,0.9999,-0.1135,-0.0444,-0.0015,-0.0021,-0.0218,0.3582,0,0,0,0,0,0,0,0,0,0,0,0,0,0,0
"N_Anxtylag",-0.1505,-0.0865,-0.2456,-0.2885,-0.3675,-0.4652,-0.0626,0.1344,-0.0173,-0.1135,0.9996,-0.0134,0.1279,0.0425,-0.1762,-0.013,0,0,0,0,0,0,0,0,0,0,0,0,0,0,0
"N_Deprlag",-0.0803,-0.0419,0.192,0.0121,0.2407,0.0447,0.0785,-0.061,-0.1323,-0.0444,-0.0134,0.9937,-0.1163,0.1635,0.0047,0.0772,0,0,0,0,0,0,0,0,0,0,0,0,0,0,0
"N_EmoVollag",-0.0978,0.1065,-0.2669,-0.1795,-0.4479,-0.3124,-0.2324,0.0403,0.0197,-0.0015,0.1279,-0.1163,0.9976,-0.374,0.0461,0.0329,0,0,0,0,0,0,0,0,0,0,0,0,0,0,0
"O_AesSenslag",0.0328,0.0381,0.1889,0.3059,0.2497,0.2423,-0.0637,-0.3206,0.2694,-0.0021,0.0425,0.1635,-0.374,0.999,0.036,-0.1545,0,0,0,0,0,0,0,0,0,0,0,0,0,0,0
"O_CrtvImaglag",0.0099,0.2389,-0.0133,0.3385,0.1798,0.172,-2e-04,-0.205,0.0259,-0.0218,-0.1762,0.0047,0.0461,0.036,0.9985,-0.0344,0,0,0,0,0,0,0,0,0,0,0,0,0,0,0
"O_IntCurlag",0.0867,0.1124,0.142,-0.4193,0.0822,-0.0952,0.1059,0.3383,-0.1027,0.3582,-0.013,0.0772,0.0329,-0.1545,-0.0344,0.9994,0,0,0,0,0,0,0,0,0,0,0,0,0,0,0
"A_Cmpn",0,0,0,0,0,0,0,0,0,0,0,0,0,0,0,0,0.9665,0,0,0,0,0,0,0,0,0,0,0,0,0,0
"A_Rspct",0,0,0,0,0,0,0,0,0,0,0,0,0,0,0,0,0,0.9275,0,0,0,0,0,0,0,0,0,0,0,0,0
"A_Trust",0,0,0,0,0,0,0,0,0,0,0,0,0,0,0,0,0,0,0.7049,0,0,0,0,0,0,0,0,0,0,0,0
"C_Org",0,0,0,0,0,0,0,0,0,0,0,0,0,0,0,0,0,0,0,0.7706,0,0,0,0,0,0,0,0,0,0,0
"C_Prdctv",0,0,0,0,0,0,0,0,0,0,0,0,0,0,0,0,0,0,0,0,0.6925,0,0,0,0,0,0,0,0,0,0
"C_Rspnbl",0,0,0,0,0,0,0,0,0,0,0,0,0,0,0,0,0,0,0,0,0,0.8996,0,0,0,0,0,0,0,0,0
"E_Assert",0,0,0,0,0,0,0,0,0,0,0,0,0,0,0,0,0,0,0,0,0,0,0.6059,0,0,0,0,0,0,0,0
"E_EnerLev",0,0,0,0,0,0,0,0,0,0,0,0,0,0,0,0,0,0,0,0,0,0,0,0.8456,0,0,0,0,0,0,0
"E_Scblty",0,0,0,0,0,0,0,0,0,0,0,0,0,0,0,0,0,0,0,0,0,0,0,0,0.9535,0,0,0,0,0,0
"N_Anxty",0,0,0,0,0,0,0,0,0,0,0,0,0,0,0,0,0,0,0,0,0,0,0,0,0,0.7618,0,0,0,0,0
"N_Depr",0,0,0,0,0,0,0,0,0,0,0,0,0,0,0,0,0,0,0,0,0,0,0,0,0,0,0.9518,0,0,0,0
"N_EmoVol",0,0,0,0,0,0,0,0,0,0,0,0,0,0,0,0,0,0,0,0,0,0,0,0,0,0,0,0.9882,0,0,0
"O_AesSens",0,0,0,0,0,0,0,0,0,0,0,0,0,0,0,0,0,0,0,0,0,0,0,0,0,0,0,0,0.7254,0,0
"O_CrtvImag",0,0,0,0,0,0,0,0,0,0,0,0,0,0,0,0,0,0,0,0,0,0,0,0,0,0,0,0,0,0.7669,0
"O_IntCur",0,0,0,0,0,0,0,0,0,0,0,0,0,0,0,0,0,0,0,0,0,0,0,0,0,0,0,0,0,0,0.8552
