"","cumsumT","A_Cmpnlag","A_Rspctlag","A_Trustlag","C_Orglag","C_Prdctvlag","C_Rspnbllag","E_Assertlag","E_EnerLevlag","E_Scbltylag","N_Anxtylag","N_Deprlag","N_EmoVollag","O_AesSenslag","O_CrtvImaglag","O_IntCurlag","A_Cmpn","A_Rspct","A_Trust","C_Org","C_Prdctv","C_Rspnbl","E_Assert","E_EnerLev","E_Scblty","N_Anxty","N_Depr","N_EmoVol","O_AesSens","O_CrtvImag","O_IntCur"
"cumsumT",0.9712,0.0817,-0.184,0.0488,0.0951,0.1713,0.1891,0.19,0.0154,-0.0271,-0.1238,0.0288,-0.0777,0.1735,-0.1165,-0.0266,0,0,0,0,0,0,0,0,0,0,0,0,0,0,0
"A_Cmpnlag",0.0817,0.9834,0.2078,0.0388,0.0682,-0.1734,0.0825,0.0751,0.1444,0.0987,-0.0479,0.1071,-0.0449,0.0897,0.1344,0.1358,0,0,0,0,0,0,0,0,0,0,0,0,0,0,0
"A_Rspctlag",-0.184,0.2078,0.9949,0.1747,0.1155,0.0813,0.0838,-0.107,0.1096,0.0549,0.05,-0.0295,-0.0135,0.0358,-0.0224,0.1497,0,0,0,0,0,0,0,0,0,0,0,0,0,0,0
"A_Trustlag",0.0488,0.0388,0.1747,0.9907,0.0439,-0.0521,0.0436,0.1088,0.0281,0.0071,-0.1378,-0.1909,-0.2846,-0.161,0.1305,0.1127,0,0,0,0,0,0,0,0,0,0,0,0,0,0,0
"C_Orglag",0.0951,0.0682,0.1155,0.0439,0.9999,0.0488,0.1362,0.115,0.084,0.0611,-0.1844,-0.128,-0.151,0.2032,-0.132,0.1203,0,0,0,0,0,0,0,0,0,0,0,0,0,0,0
"C_Prdctvlag",0.1713,-0.1734,0.0813,-0.0521,0.0488,0.9956,0.2214,0.0367,0.1174,0.0566,-0.0273,-0.1259,-0.0894,-1e-04,0.1137,-0.0221,0,0,0,0,0,0,0,0,0,0,0,0,0,0,0
"C_Rspnbllag",0.1891,0.0825,0.0838,0.0436,0.1362,0.2214,0.9994,0.252,0.185,0.1469,-0.0649,-0.106,-0.2461,0.0637,0.145,0.0607,0,0,0,0,0,0,0,0,0,0,0,0,0,0,0
"E_Assertlag",0.19,0.0751,-0.107,0.1088,0.115,0.0367,0.252,0.9938,0.1764,0.1172,-0.1223,0.0767,0.0155,0.1329,0.1021,0.2242,0,0,0,0,0,0,0,0,0,0,0,0,0,0,0
"E_EnerLevlag",0.0154,0.1444,0.1096,0.0281,0.084,0.1174,0.185,0.1764,0.9927,0.2746,0.0612,0.0447,-0.055,-0.1753,0.204,0.0325,0,0,0,0,0,0,0,0,0,0,0,0,0,0,0
"E_Scbltylag",-0.0271,0.0987,0.0549,0.0071,0.0611,0.0566,0.1469,0.1172,0.2746,0.9696,-0.1303,-0.1756,-0.1051,-0.0413,0.183,0.2375,0,0,0,0,0,0,0,0,0,0,0,0,0,0,0
"N_Anxtylag",-0.1238,-0.0479,0.05,-0.1378,-0.1844,-0.0273,-0.0649,-0.1223,0.0612,-0.1303,0.9968,0.1945,0.2868,-0.1623,0.0246,0.0182,0,0,0,0,0,0,0,0,0,0,0,0,0,0,0
"N_Deprlag",0.0288,0.1071,-0.0295,-0.1909,-0.128,-0.1259,-0.106,0.0767,0.0447,-0.1756,0.1945,0.9954,0.4429,0.013,0.0521,-0.0701,0,0,0,0,0,0,0,0,0,0,0,0,0,0,0
"N_EmoVollag",-0.0777,-0.0449,-0.0135,-0.2846,-0.151,-0.0894,-0.2461,0.0155,-0.055,-0.1051,0.2868,0.4429,0.9954,-0.0979,-0.0714,-0.0238,0,0,0,0,0,0,0,0,0,0,0,0,0,0,0
"O_AesSenslag",0.1735,0.0897,0.0358,-0.161,0.2032,-1e-04,0.0637,0.1329,-0.1753,-0.0413,-0.1623,0.013,-0.0979,0.9929,-0.2209,0.0458,0,0,0,0,0,0,0,0,0,0,0,0,0,0,0
"O_CrtvImaglag",-0.1165,0.1344,-0.0224,0.1305,-0.132,0.1137,0.145,0.1021,0.204,0.183,0.0246,0.0521,-0.0714,-0.2209,0.9946,-0.0162,0,0,0,0,0,0,0,0,0,0,0,0,0,0,0
"O_IntCurlag",-0.0266,0.1358,0.1497,0.1127,0.1203,-0.0221,0.0607,0.2242,0.0325,0.2375,0.0182,-0.0701,-0.0238,0.0458,-0.0162,0.9992,0,0,0,0,0,0,0,0,0,0,0,0,0,0,0
"A_Cmpn",0,0,0,0,0,0,0,0,0,0,0,0,0,0,0,0,0.9909,0,0,0,0,0,0,0,0,0,0,0,0,0,0
"A_Rspct",0,0,0,0,0,0,0,0,0,0,0,0,0,0,0,0,0,0.9682,0,0,0,0,0,0,0,0,0,0,0,0,0
"A_Trust",0,0,0,0,0,0,0,0,0,0,0,0,0,0,0,0,0,0,0.9215,0,0,0,0,0,0,0,0,0,0,0,0
"C_Org",0,0,0,0,0,0,0,0,0,0,0,0,0,0,0,0,0,0,0,0.9781,0,0,0,0,0,0,0,0,0,0,0
"C_Prdctv",0,0,0,0,0,0,0,0,0,0,0,0,0,0,0,0,0,0,0,0,0.9272,0,0,0,0,0,0,0,0,0,0
"C_Rspnbl",0,0,0,0,0,0,0,0,0,0,0,0,0,0,0,0,0,0,0,0,0,0.9367,0,0,0,0,0,0,0,0,0
"E_Assert",0,0,0,0,0,0,0,0,0,0,0,0,0,0,0,0,0,0,0,0,0,0,0.9325,0,0,0,0,0,0,0,0
"E_EnerLev",0,0,0,0,0,0,0,0,0,0,0,0,0,0,0,0,0,0,0,0,0,0,0,0.8735,0,0,0,0,0,0,0
"E_Scblty",0,0,0,0,0,0,0,0,0,0,0,0,0,0,0,0,0,0,0,0,0,0,0,0,0.8209,0,0,0,0,0,0
"N_Anxty",0,0,0,0,0,0,0,0,0,0,0,0,0,0,0,0,0,0,0,0,0,0,0,0,0,0.745,0,0,0,0,0
"N_Depr",0,0,0,0,0,0,0,0,0,0,0,0,0,0,0,0,0,0,0,0,0,0,0,0,0,0,0.9931,0,0,0,0
"N_EmoVol",0,0,0,0,0,0,0,0,0,0,0,0,0,0,0,0,0,0,0,0,0,0,0,0,0,0,0,0.7761,0,0,0
"O_AesSens",0,0,0,0,0,0,0,0,0,0,0,0,0,0,0,0,0,0,0,0,0,0,0,0,0,0,0,0,0.9996,0,0
"O_CrtvImag",0,0,0,0,0,0,0,0,0,0,0,0,0,0,0,0,0,0,0,0,0,0,0,0,0,0,0,0,0,0.9924,0
"O_IntCur",0,0,0,0,0,0,0,0,0,0,0,0,0,0,0,0,0,0,0,0,0,0,0,0,0,0,0,0,0,0,0.9846
