"","cumsumT","A_Cmpnlag","A_Rspctlag","A_Trustlag","C_Orglag","C_Prdctvlag","C_Rspnbllag","E_Assertlag","E_EnerLevlag","E_Scbltylag","N_Anxtylag","N_Deprlag","N_EmoVollag","O_AesSenslag","O_CrtvImaglag","O_IntCurlag","A_Cmpn","A_Rspct","A_Trust","C_Org","C_Prdctv","C_Rspnbl","E_Assert","E_EnerLev","E_Scblty","N_Anxty","N_Depr","N_EmoVol","O_AesSens","O_CrtvImag","O_IntCur"
"cumsumT",1,0.0836,-0.1872,0.0498,0.0965,0.1742,0.192,0.1934,0.0157,-0.0279,-0.1258,0.0292,-0.079,0.1767,-0.1186,-0.0271,0,0,0,0,0,0,0,0,0,0,0,0,0,0,0
"A_Cmpnlag",0.0836,1,0.2101,0.0393,0.0687,-0.1753,0.0832,0.076,0.1461,0.1011,-0.0484,0.1082,-0.0454,0.0908,0.1359,0.137,0,0,0,0,0,0,0,0,0,0,0,0,0,0,0
"A_Rspctlag",-0.1872,0.2101,1,0.176,0.1158,0.0817,0.0841,-0.1076,0.1103,0.0559,0.0502,-0.0296,-0.0136,0.036,-0.0225,0.1501,0,0,0,0,0,0,0,0,0,0,0,0,0,0,0
"A_Trustlag",0.0498,0.0393,0.176,1,0.0441,-0.0525,0.0439,0.1096,0.0284,0.0072,-0.1387,-0.1922,-0.2866,-0.1623,0.1315,0.1133,0,0,0,0,0,0,0,0,0,0,0,0,0,0,0
"C_Orglag",0.0965,0.0687,0.1158,0.0441,1,0.049,0.1363,0.1153,0.0844,0.062,-0.1847,-0.1283,-0.1514,0.2039,-0.1324,0.1203,0,0,0,0,0,0,0,0,0,0,0,0,0,0,0
"C_Prdctvlag",0.1742,-0.1753,0.0817,-0.0525,0.049,1,0.2219,0.0369,0.1181,0.0576,-0.0274,-0.1265,-0.0898,-1e-04,0.1143,-0.0221,0,0,0,0,0,0,0,0,0,0,0,0,0,0,0
"C_Rspnbllag",0.192,0.0832,0.0841,0.0439,0.1363,0.2219,1,0.2529,0.1858,0.1492,-0.0651,-0.1063,-0.2468,0.0639,0.1454,0.0607,0,0,0,0,0,0,0,0,0,0,0,0,0,0,0
"E_Assertlag",0.1934,0.076,-0.1076,0.1096,0.1153,0.0369,0.2529,1,0.1776,0.1194,-0.1229,0.0772,0.0156,0.1338,0.1027,0.225,0,0,0,0,0,0,0,0,0,0,0,0,0,0,0
"E_EnerLevlag",0.0157,0.1461,0.1103,0.0284,0.0844,0.1181,0.1858,0.1776,1,0.2799,0.0615,0.0449,-0.0554,-0.1765,0.2053,0.0326,0,0,0,0,0,0,0,0,0,0,0,0,0,0,0
"E_Scbltylag",-0.0279,0.1011,0.0559,0.0072,0.062,0.0576,0.1492,0.1194,0.2799,1,-0.1325,-0.1788,-0.107,-0.0421,0.1864,0.2412,0,0,0,0,0,0,0,0,0,0,0,0,0,0,0
"N_Anxtylag",-0.1258,-0.0484,0.0502,-0.1387,-0.1847,-0.0274,-0.0651,-0.1229,0.0615,-0.1325,1,0.1952,0.288,-0.1632,0.0247,0.0182,0,0,0,0,0,0,0,0,0,0,0,0,0,0,0
"N_Deprlag",0.0292,0.1082,-0.0296,-0.1922,-0.1283,-0.1265,-0.1063,0.0772,0.0449,-0.1788,0.1952,1,0.4449,0.013,0.0524,-0.0703,0,0,0,0,0,0,0,0,0,0,0,0,0,0,0
"N_EmoVollag",-0.079,-0.0454,-0.0136,-0.2866,-0.1514,-0.0898,-0.2468,0.0156,-0.0554,-0.107,0.288,0.4449,1,-0.0985,-0.0717,-0.0239,0,0,0,0,0,0,0,0,0,0,0,0,0,0,0
"O_AesSenslag",0.1767,0.0908,0.036,-0.1623,0.2039,-1e-04,0.0639,0.1338,-0.1765,-0.0421,-0.1632,0.013,-0.0985,1,-0.2223,0.046,0,0,0,0,0,0,0,0,0,0,0,0,0,0,0
"O_CrtvImaglag",-0.1186,0.1359,-0.0225,0.1315,-0.1324,0.1143,0.1454,0.1027,0.2053,0.1864,0.0247,0.0524,-0.0717,-0.2223,1,-0.0162,0,0,0,0,0,0,0,0,0,0,0,0,0,0,0
"O_IntCurlag",-0.0271,0.137,0.1501,0.1133,0.1203,-0.0221,0.0607,0.225,0.0326,0.2412,0.0182,-0.0703,-0.0239,0.046,-0.0162,1,0,0,0,0,0,0,0,0,0,0,0,0,0,0,0
"A_Cmpn",0,0,0,0,0,0,0,0,0,0,0,0,0,0,0,0,0.9975,0,0,0,0,0,0,0,0,0,0,0,0,0,0
"A_Rspct",0,0,0,0,0,0,0,0,0,0,0,0,0,0,0,0,0,0.9967,0,0,0,0,0,0,0,0,0,0,0,0,0
"A_Trust",0,0,0,0,0,0,0,0,0,0,0,0,0,0,0,0,0,0,0.9197,0,0,0,0,0,0,0,0,0,0,0,0
"C_Org",0,0,0,0,0,0,0,0,0,0,0,0,0,0,0,0,0,0,0,0.9916,0,0,0,0,0,0,0,0,0,0,0
"C_Prdctv",0,0,0,0,0,0,0,0,0,0,0,0,0,0,0,0,0,0,0,0,0.9257,0,0,0,0,0,0,0,0,0,0
"C_Rspnbl",0,0,0,0,0,0,0,0,0,0,0,0,0,0,0,0,0,0,0,0,0,0.9351,0,0,0,0,0,0,0,0,0
"E_Assert",0,0,0,0,0,0,0,0,0,0,0,0,0,0,0,0,0,0,0,0,0,0,0.9345,0,0,0,0,0,0,0,0
"E_EnerLev",0,0,0,0,0,0,0,0,0,0,0,0,0,0,0,0,0,0,0,0,0,0,0,0.9199,0,0,0,0,0,0,0
"E_Scblty",0,0,0,0,0,0,0,0,0,0,0,0,0,0,0,0,0,0,0,0,0,0,0,0,0.815,0,0,0,0,0,0
"N_Anxty",0,0,0,0,0,0,0,0,0,0,0,0,0,0,0,0,0,0,0,0,0,0,0,0,0,0.7592,0,0,0,0,0
"N_Depr",0,0,0,0,0,0,0,0,0,0,0,0,0,0,0,0,0,0,0,0,0,0,0,0,0,0,0.9977,0,0,0,0
"N_EmoVol",0,0,0,0,0,0,0,0,0,0,0,0,0,0,0,0,0,0,0,0,0,0,0,0,0,0,0,0.7664,0,0,0
"O_AesSens",0,0,0,0,0,0,0,0,0,0,0,0,0,0,0,0,0,0,0,0,0,0,0,0,0,0,0,0,0.9997,0,0
"O_CrtvImag",0,0,0,0,0,0,0,0,0,0,0,0,0,0,0,0,0,0,0,0,0,0,0,0,0,0,0,0,0,0.9978,0
"O_IntCur",0,0,0,0,0,0,0,0,0,0,0,0,0,0,0,0,0,0,0,0,0,0,0,0,0,0,0,0,0,0,0.9948
