"","cumsumT","A_Cmpnlag","A_Rspctlag","A_Trustlag","C_Orglag","C_Prdctvlag","C_Rspnbllag","E_Assertlag","E_EnerLevlag","E_Scbltylag","N_Anxtylag","N_Deprlag","N_EmoVollag","O_AesSenslag","O_CrtvImaglag","O_IntCurlag","A_Cmpn","A_Rspct","A_Trust","C_Org","C_Prdctv","C_Rspnbl","E_Assert","E_EnerLev","E_Scblty","N_Anxty","N_Depr","N_EmoVol","O_AesSens","O_CrtvImag","O_IntCur"
"cumsumT",0.9575,0.1815,0.1117,0.2027,0.1224,0.169,0.1603,0.1559,-0.0025,-0.0347,-0.1725,-0.2295,-0.321,0.0677,0.0529,0.0993,0,0,0,0,0,0,0,0,0,0,0,0,0,0,0
"A_Cmpnlag",0.1815,0.9579,0.2109,-0.1527,0.2722,0.4561,0.4428,0.2944,-0.2861,-0.3069,-0.3167,-0.5248,-0.0808,-0.1326,0.0706,0.4455,0,0,0,0,0,0,0,0,0,0,0,0,0,0,0
"A_Rspctlag",0.1117,0.2109,0.9344,0.4416,0.144,-0.0425,0.0757,0.1265,0.4327,0.2817,-0.1345,-0.1743,-0.327,0.1059,0.2954,-0.0999,0,0,0,0,0,0,0,0,0,0,0,0,0,0,0
"A_Trustlag",0.2027,-0.1527,0.4416,0.9967,0.0876,-0.1914,-0.1134,-0.0615,0.6805,0.4116,-0.385,-0.0563,-0.5966,0.4513,0.0667,-0.2249,0,0,0,0,0,0,0,0,0,0,0,0,0,0,0
"C_Orglag",0.1224,0.2722,0.144,0.0876,0.9889,0.253,0.2545,0.0682,0.1039,0.076,-0.2799,-0.2932,-0.1159,0.1531,0.0897,0.3394,0,0,0,0,0,0,0,0,0,0,0,0,0,0,0
"C_Prdctvlag",0.169,0.4561,-0.0425,-0.1914,0.253,1,0.6275,0.123,-0.2265,-0.0192,-0.3499,-0.4635,-0.2108,-0.0025,0.1427,0.4083,0,0,0,0,0,0,0,0,0,0,0,0,0,0,0
"C_Rspnbllag",0.1603,0.4428,0.0757,-0.1134,0.2545,0.6275,0.9719,0.0027,-0.2204,-0.1767,-0.2783,-0.3771,-0.0976,0.0658,-0.1157,0.4382,0,0,0,0,0,0,0,0,0,0,0,0,0,0,0
"E_Assertlag",0.1559,0.2944,0.1265,-0.0615,0.0682,0.123,0.0027,0.9388,0.0053,0.0202,0.0384,-0.1912,0.0881,-0.2409,0.3205,0.1915,0,0,0,0,0,0,0,0,0,0,0,0,0,0,0
"E_EnerLevlag",-0.0025,-0.2861,0.4327,0.6805,0.1039,-0.2265,-0.2204,0.0053,0.9975,0.5508,-0.2368,-0.0556,-0.3959,0.3896,0.244,-0.3143,0,0,0,0,0,0,0,0,0,0,0,0,0,0,0
"E_Scbltylag",-0.0347,-0.3069,0.2817,0.4116,0.076,-0.0192,-0.1767,0.0202,0.5508,0.9807,-0.2256,-0.0608,-0.3066,0.3187,0.2365,-0.1841,0,0,0,0,0,0,0,0,0,0,0,0,0,0,0
"N_Anxtylag",-0.1725,-0.3167,-0.1345,-0.385,-0.2799,-0.3499,-0.2783,0.0384,-0.2368,-0.2256,0.9832,0.5703,0.503,-0.3758,0.0734,-0.3441,0,0,0,0,0,0,0,0,0,0,0,0,0,0,0
"N_Deprlag",-0.2295,-0.5248,-0.1743,-0.0563,-0.2932,-0.4635,-0.3771,-0.1912,-0.0556,-0.0608,0.5703,0.9833,0.4672,-0.0042,-0.0862,-0.3484,0,0,0,0,0,0,0,0,0,0,0,0,0,0,0
"N_EmoVollag",-0.321,-0.0808,-0.327,-0.5966,-0.1159,-0.2108,-0.0976,0.0881,-0.3959,-0.3066,0.503,0.4672,1,-0.3257,-0.0602,0.1568,0,0,0,0,0,0,0,0,0,0,0,0,0,0,0
"O_AesSenslag",0.0677,-0.1326,0.1059,0.4513,0.1531,-0.0025,0.0658,-0.2409,0.3896,0.3187,-0.3758,-0.0042,-0.3257,0.9993,-0.0962,0.1232,0,0,0,0,0,0,0,0,0,0,0,0,0,0,0
"O_CrtvImaglag",0.0529,0.0706,0.2954,0.0667,0.0897,0.1427,-0.1157,0.3205,0.244,0.2365,0.0734,-0.0862,-0.0602,-0.0962,0.9885,-0.0489,0,0,0,0,0,0,0,0,0,0,0,0,0,0,0
"O_IntCurlag",0.0993,0.4455,-0.0999,-0.2249,0.3394,0.4083,0.4382,0.1915,-0.3143,-0.1841,-0.3441,-0.3484,0.1568,0.1232,-0.0489,0.979,0,0,0,0,0,0,0,0,0,0,0,0,0,0,0
"A_Cmpn",0,0,0,0,0,0,0,0,0,0,0,0,0,0,0,0,0.568,0,0,0,0,0,0,0,0,0,0,0,0,0,0
"A_Rspct",0,0,0,0,0,0,0,0,0,0,0,0,0,0,0,0,0,0.6069,0,0,0,0,0,0,0,0,0,0,0,0,0
"A_Trust",0,0,0,0,0,0,0,0,0,0,0,0,0,0,0,0,0,0,0.4248,0,0,0,0,0,0,0,0,0,0,0,0
"C_Org",0,0,0,0,0,0,0,0,0,0,0,0,0,0,0,0,0,0,0,0.8459,0,0,0,0,0,0,0,0,0,0,0
"C_Prdctv",0,0,0,0,0,0,0,0,0,0,0,0,0,0,0,0,0,0,0,0,3.7123,0,0,0,0,0,0,0,0,0,0
"C_Rspnbl",0,0,0,0,0,0,0,0,0,0,0,0,0,0,0,0,0,0,0,0,0,0.6222,0,0,0,0,0,0,0,0,0
"E_Assert",0,0,0,0,0,0,0,0,0,0,0,0,0,0,0,0,0,0,0,0,0,0,0.8642,0,0,0,0,0,0,0,0
"E_EnerLev",0,0,0,0,0,0,0,0,0,0,0,0,0,0,0,0,0,0,0,0,0,0,0,0.9996,0,0,0,0,0,0,0
"E_Scblty",0,0,0,0,0,0,0,0,0,0,0,0,0,0,0,0,0,0,0,0,0,0,0,0,0.6216,0,0,0,0,0,0
"N_Anxty",0,0,0,0,0,0,0,0,0,0,0,0,0,0,0,0,0,0,0,0,0,0,0,0,0,0.5408,0,0,0,0,0
"N_Depr",0,0,0,0,0,0,0,0,0,0,0,0,0,0,0,0,0,0,0,0,0,0,0,0,0,0,0.4836,0,0,0,0
"N_EmoVol",0,0,0,0,0,0,0,0,0,0,0,0,0,0,0,0,0,0,0,0,0,0,0,0,0,0,0,0.3575,0,0,0
"O_AesSens",0,0,0,0,0,0,0,0,0,0,0,0,0,0,0,0,0,0,0,0,0,0,0,0,0,0,0,0,0.7297,0,0
"O_CrtvImag",0,0,0,0,0,0,0,0,0,0,0,0,0,0,0,0,0,0,0,0,0,0,0,0,0,0,0,0,0,0.7153,0
"O_IntCur",0,0,0,0,0,0,0,0,0,0,0,0,0,0,0,0,0,0,0,0,0,0,0,0,0,0,0,0,0,0,0.5836
