"","cumsumT","A_Cmpnlag","A_Rspctlag","A_Trustlag","C_Orglag","C_Prdctvlag","C_Rspnbllag","E_Assertlag","E_EnerLevlag","E_Scbltylag","N_Anxtylag","N_Deprlag","N_EmoVollag","O_AesSenslag","O_CrtvImaglag","O_IntCurlag","A_Cmpn","A_Rspct","A_Trust","C_Org","C_Prdctv","C_Rspnbl","E_Assert","E_EnerLev","E_Scblty","N_Anxty","N_Depr","N_EmoVol","O_AesSens","O_CrtvImag","O_IntCur"
"cumsumT",1,-0.1448,-0.2536,-0.0921,0.0723,-0.1344,0.2429,-0.207,0.0563,-0.1382,-0.0661,-0.3348,-0.0611,-0.1115,0.1248,0.1891,0,0,0,0,0,0,0,0,0,0,0,0,0,0,0
"A_Cmpnlag",-0.1448,1,0.3687,-0.2397,0.0889,0.32,-0.2537,0.264,0.4196,0.1048,0.1453,-0.0173,0.6538,0.6062,-0.5704,-0.0978,0,0,0,0,0,0,0,0,0,0,0,0,0,0,0
"A_Rspctlag",-0.2536,0.3687,1,-0.06,-0.0517,-0.1313,-0.5831,-0.0904,0.2497,0.2941,0.0847,0.0358,0.3029,0.3699,-0.3286,-0.263,0,0,0,0,0,0,0,0,0,0,0,0,0,0,0
"A_Trustlag",-0.0921,-0.2397,-0.06,1,0.3137,0.4757,0.5079,0.2056,-0.001,0.1228,0.241,-0.4888,-0.3126,-0.1382,0.2254,0.2181,0,0,0,0,0,0,0,0,0,0,0,0,0,0,0
"C_Orglag",0.0723,0.0889,-0.0517,0.3137,1,0.4783,0.3758,0.3928,-0.0163,-0.0457,0.0097,-0.135,0.0566,0.1465,-0.0713,0.2767,0,0,0,0,0,0,0,0,0,0,0,0,0,0,0
"C_Prdctvlag",-0.1344,0.32,-0.1313,0.4757,0.4783,1,0.3295,0.4625,0.2486,0.0714,0.2214,-0.3317,-0.0011,0.195,0.0267,0.1178,0,0,0,0,0,0,0,0,0,0,0,0,0,0,0
"C_Rspnbllag",0.2429,-0.2537,-0.5831,0.5079,0.3758,0.3295,1,0.2472,-0.0335,-0.2685,0.1425,-0.4158,-0.1518,-0.3105,0.3032,0.3276,0,0,0,0,0,0,0,0,0,0,0,0,0,0,0
"E_Assertlag",-0.207,0.264,-0.0904,0.2056,0.3928,0.4625,0.2472,1,0.0663,-0.0425,0.1446,-0.1293,0.0436,-0.1352,-0.1098,0.2678,0,0,0,0,0,0,0,0,0,0,0,0,0,0,0
"E_EnerLevlag",0.0563,0.4196,0.2497,-0.001,-0.0163,0.2486,-0.0335,0.0663,1,0.1454,0.073,-0.2818,0.1306,0.1168,-0.0894,-0.0238,0,0,0,0,0,0,0,0,0,0,0,0,0,0,0
"E_Scbltylag",-0.1382,0.1048,0.2941,0.1228,-0.0457,0.0714,-0.2685,-0.0425,0.1454,1,-0.1462,-0.2726,0.1434,0.1514,-0.1517,0.1205,0,0,0,0,0,0,0,0,0,0,0,0,0,0,0
"N_Anxtylag",-0.0661,0.1453,0.0847,0.241,0.0097,0.2214,0.1425,0.1446,0.073,-0.1462,1,0.1156,0.3259,0.0269,-0.2786,0.3041,0,0,0,0,0,0,0,0,0,0,0,0,0,0,0
"N_Deprlag",-0.3348,-0.0173,0.0358,-0.4888,-0.135,-0.3317,-0.4158,-0.1293,-0.2818,-0.2726,0.1156,1,0.3099,0.0578,-0.2615,-0.2466,0,0,0,0,0,0,0,0,0,0,0,0,0,0,0
"N_EmoVollag",-0.0611,0.6538,0.3029,-0.3126,0.0566,-0.0011,-0.1518,0.0436,0.1306,0.1434,0.3259,0.3099,1,0.4496,-0.6261,-0.0298,0,0,0,0,0,0,0,0,0,0,0,0,0,0,0
"O_AesSenslag",-0.1115,0.6062,0.3699,-0.1382,0.1465,0.195,-0.3105,-0.1352,0.1168,0.1514,0.0269,0.0578,0.4496,1,-0.466,0.1031,0,0,0,0,0,0,0,0,0,0,0,0,0,0,0
"O_CrtvImaglag",0.1248,-0.5704,-0.3286,0.2254,-0.0713,0.0267,0.3032,-0.1098,-0.0894,-0.1517,-0.2786,-0.2615,-0.6261,-0.466,1,0.0135,0,0,0,0,0,0,0,0,0,0,0,0,0,0,0
"O_IntCurlag",0.1891,-0.0978,-0.263,0.2181,0.2767,0.1178,0.3276,0.2678,-0.0238,0.1205,0.3041,-0.2466,-0.0298,0.1031,0.0135,1,0,0,0,0,0,0,0,0,0,0,0,0,0,0,0
"A_Cmpn",0,0,0,0,0,0,0,0,0,0,0,0,0,0,0,0,0.0816,0,0,0,0,0,0,0,0,0,0,0,0,0,0
"A_Rspct",0,0,0,0,0,0,0,0,0,0,0,0,0,0,0,0,0,0.9763,0,0,0,0,0,0,0,0,0,0,0,0,0
"A_Trust",0,0,0,0,0,0,0,0,0,0,0,0,0,0,0,0,0,0,0.299,0,0,0,0,0,0,0,0,0,0,0,0
"C_Org",0,0,0,0,0,0,0,0,0,0,0,0,0,0,0,0,0,0,0,0.9861,0,0,0,0,0,0,0,0,0,0,0
"C_Prdctv",0,0,0,0,0,0,0,0,0,0,0,0,0,0,0,0,0,0,0,0,0.3622,0,0,0,0,0,0,0,0,0,0
"C_Rspnbl",0,0,0,0,0,0,0,0,0,0,0,0,0,0,0,0,0,0,0,0,0,0.2597,0,0,0,0,0,0,0,0,0
"E_Assert",0,0,0,0,0,0,0,0,0,0,0,0,0,0,0,0,0,0,0,0,0,0,0.2649,0,0,0,0,0,0,0,0
"E_EnerLev",0,0,0,0,0,0,0,0,0,0,0,0,0,0,0,0,0,0,0,0,0,0,0,0.8402,0,0,0,0,0,0,0
"E_Scblty",0,0,0,0,0,0,0,0,0,0,0,0,0,0,0,0,0,0,0,0,0,0,0,0,0.2683,0,0,0,0,0,0
"N_Anxty",0,0,0,0,0,0,0,0,0,0,0,0,0,0,0,0,0,0,0,0,0,0,0,0,0,0.9058,0,0,0,0,0
"N_Depr",0,0,0,0,0,0,0,0,0,0,0,0,0,0,0,0,0,0,0,0,0,0,0,0,0,0,0.0188,0,0,0,0
"N_EmoVol",0,0,0,0,0,0,0,0,0,0,0,0,0,0,0,0,0,0,0,0,0,0,0,0,0,0,0,0.2758,0,0,0
"O_AesSens",0,0,0,0,0,0,0,0,0,0,0,0,0,0,0,0,0,0,0,0,0,0,0,0,0,0,0,0,0.6038,0,0
"O_CrtvImag",0,0,0,0,0,0,0,0,0,0,0,0,0,0,0,0,0,0,0,0,0,0,0,0,0,0,0,0,0,0.6401,0
"O_IntCur",0,0,0,0,0,0,0,0,0,0,0,0,0,0,0,0,0,0,0,0,0,0,0,0,0,0,0,0,0,0,0.4242
