"","cumsumT","A_Cmpnlag","A_Rspctlag","A_Trustlag","C_Orglag","C_Prdctvlag","C_Rspnbllag","E_Assertlag","E_EnerLevlag","E_Scbltylag","N_Anxtylag","N_Deprlag","N_EmoVollag","O_AesSenslag","O_CrtvImaglag","O_IntCurlag","A_Cmpn","A_Rspct","A_Trust","C_Org","C_Prdctv","C_Rspnbl","E_Assert","E_EnerLev","E_Scblty","N_Anxty","N_Depr","N_EmoVol","O_AesSens","O_CrtvImag","O_IntCur"
"cumsumT",1,-0.2585,-0.1312,0.0867,-0.0659,-0.0584,-0.1076,0.0936,0.0371,0.1125,-0.1131,-0.0426,0.0102,-0.0843,0.2177,-0.1337,0,0,0,0,0,0,0,0,0,0,0,0,0,0,0
"A_Cmpnlag",-0.2585,1,0.5262,0.3694,0.2346,0.1314,0.1822,-0.0052,0.365,0.2781,-0.2461,-0.2789,-0.4002,0.3297,0.2087,0.2926,0,0,0,0,0,0,0,0,0,0,0,0,0,0,0
"A_Rspctlag",-0.1312,0.5262,1,0.2492,0.1706,-3e-04,0.3107,0.1145,0.2053,0.0731,-0.3376,-0.3397,-0.2552,0.1259,0.0602,0.1544,0,0,0,0,0,0,0,0,0,0,0,0,0,0,0
"A_Trustlag",0.0867,0.3694,0.2492,1,0.25,-0.0137,0.0962,-0.0292,0.1485,0.228,-0.3927,-0.4437,-0.4204,0.2084,0.079,-0.0503,0,0,0,0,0,0,0,0,0,0,0,0,0,0,0
"C_Orglag",-0.0659,0.2346,0.1706,0.25,1,-0.0102,0.3586,0.2351,0.2906,0.0251,-0.2761,-0.3926,-0.2155,0.2778,0.0662,0.2328,0,0,0,0,0,0,0,0,0,0,0,0,0,0,0
"C_Prdctvlag",-0.0584,0.1314,-3e-04,-0.0137,-0.0102,1,0.2398,0.3118,0.2721,0.2446,-0.1282,-0.0446,-0.046,0.1393,0.4239,0.2181,0,0,0,0,0,0,0,0,0,0,0,0,0,0,0
"C_Rspnbllag",-0.1076,0.1822,0.3107,0.0962,0.3586,0.2398,1,0.0971,0.1378,-0.0191,-0.3556,-0.3931,-0.4066,0.16,-0.0735,0.223,0,0,0,0,0,0,0,0,0,0,0,0,0,0,0
"E_Assertlag",0.0936,-0.0052,0.1145,-0.0292,0.2351,0.3118,0.0971,1,0.4477,0.4424,-0.2678,-0.2862,-0.018,-0.0146,0.3957,0.1816,0,0,0,0,0,0,0,0,0,0,0,0,0,0,0
"E_EnerLevlag",0.0371,0.365,0.2053,0.1485,0.2906,0.2721,0.1378,0.4477,1,0.4079,-0.2491,-0.3372,-0.2131,0.2336,0.3574,0.1848,0,0,0,0,0,0,0,0,0,0,0,0,0,0,0
"E_Scbltylag",0.1125,0.2781,0.0731,0.228,0.0251,0.2446,-0.0191,0.4424,0.4079,1,-0.2109,-0.3216,-0.2169,0.0387,0.3691,0.257,0,0,0,0,0,0,0,0,0,0,0,0,0,0,0
"N_Anxtylag",-0.1131,-0.2461,-0.3376,-0.3927,-0.2761,-0.1282,-0.3556,-0.2678,-0.2491,-0.2109,1,0.6441,0.4942,-0.1415,-0.1249,0.0895,0,0,0,0,0,0,0,0,0,0,0,0,0,0,0
"N_Deprlag",-0.0426,-0.2789,-0.3397,-0.4437,-0.3926,-0.0446,-0.3931,-0.2862,-0.3372,-0.3216,0.6441,1,0.5432,0.0486,-0.2251,-0.1291,0,0,0,0,0,0,0,0,0,0,0,0,0,0,0
"N_EmoVollag",0.0102,-0.4002,-0.2552,-0.4204,-0.2155,-0.046,-0.4066,-0.018,-0.2131,-0.2169,0.4942,0.5432,1,-0.0415,-0.1079,-0.0632,0,0,0,0,0,0,0,0,0,0,0,0,0,0,0
"O_AesSenslag",-0.0843,0.3297,0.1259,0.2084,0.2778,0.1393,0.16,-0.0146,0.2336,0.0387,-0.1415,0.0486,-0.0415,1,0.0775,0.2119,0,0,0,0,0,0,0,0,0,0,0,0,0,0,0
"O_CrtvImaglag",0.2177,0.2087,0.0602,0.079,0.0662,0.4239,-0.0735,0.3957,0.3574,0.3691,-0.1249,-0.2251,-0.1079,0.0775,1,0.3207,0,0,0,0,0,0,0,0,0,0,0,0,0,0,0
"O_IntCurlag",-0.1337,0.2926,0.1544,-0.0503,0.2328,0.2181,0.223,0.1816,0.1848,0.257,0.0895,-0.1291,-0.0632,0.2119,0.3207,1,0,0,0,0,0,0,0,0,0,0,0,0,0,0,0
"A_Cmpn",0,0,0,0,0,0,0,0,0,0,0,0,0,0,0,0,0.491,0,0,0,0,0,0,0,0,0,0,0,0,0,0
"A_Rspct",0,0,0,0,0,0,0,0,0,0,0,0,0,0,0,0,0,0.9953,0,0,0,0,0,0,0,0,0,0,0,0,0
"A_Trust",0,0,0,0,0,0,0,0,0,0,0,0,0,0,0,0,0,0,0.4849,0,0,0,0,0,0,0,0,0,0,0,0
"C_Org",0,0,0,0,0,0,0,0,0,0,0,0,0,0,0,0,0,0,0,0.7453,0,0,0,0,0,0,0,0,0,0,0
"C_Prdctv",0,0,0,0,0,0,0,0,0,0,0,0,0,0,0,0,0,0,0,0,0.7868,0,0,0,0,0,0,0,0,0,0
"C_Rspnbl",0,0,0,0,0,0,0,0,0,0,0,0,0,0,0,0,0,0,0,0,0,0.6841,0,0,0,0,0,0,0,0,0
"E_Assert",0,0,0,0,0,0,0,0,0,0,0,0,0,0,0,0,0,0,0,0,0,0,0.8362,0,0,0,0,0,0,0,0
"E_EnerLev",0,0,0,0,0,0,0,0,0,0,0,0,0,0,0,0,0,0,0,0,0,0,0,0.8499,0,0,0,0,0,0,0
"E_Scblty",0,0,0,0,0,0,0,0,0,0,0,0,0,0,0,0,0,0,0,0,0,0,0,0,0.7588,0,0,0,0,0,0
"N_Anxty",0,0,0,0,0,0,0,0,0,0,0,0,0,0,0,0,0,0,0,0,0,0,0,0,0,0.7814,0,0,0,0,0
"N_Depr",0,0,0,0,0,0,0,0,0,0,0,0,0,0,0,0,0,0,0,0,0,0,0,0,0,0,0.4562,0,0,0,0
"N_EmoVol",0,0,0,0,0,0,0,0,0,0,0,0,0,0,0,0,0,0,0,0,0,0,0,0,0,0,0,0.5891,0,0,0
"O_AesSens",0,0,0,0,0,0,0,0,0,0,0,0,0,0,0,0,0,0,0,0,0,0,0,0,0,0,0,0,1,0,0
"O_CrtvImag",0,0,0,0,0,0,0,0,0,0,0,0,0,0,0,0,0,0,0,0,0,0,0,0,0,0,0,0,0,0.6651,0
"O_IntCur",0,0,0,0,0,0,0,0,0,0,0,0,0,0,0,0,0,0,0,0,0,0,0,0,0,0,0,0,0,0,0.83
