"","cumsumT","A_Cmpnlag","A_Rspctlag","A_Trustlag","C_Orglag","C_Prdctvlag","C_Rspnbllag","E_Assertlag","E_EnerLevlag","E_Scbltylag","N_Anxtylag","N_Deprlag","N_EmoVollag","O_AesSenslag","O_CrtvImaglag","O_IntCurlag","A_Cmpn","A_Rspct","A_Trust","C_Org","C_Prdctv","C_Rspnbl","E_Assert","E_EnerLev","E_Scblty","N_Anxty","N_Depr","N_EmoVol","O_AesSens","O_CrtvImag","O_IntCur"
"cumsumT",0.9414,-0.0421,-0.281,-0.1063,0.2395,0.2657,0.0196,0.1828,-0.0723,0.2537,-0.2966,0.0591,-0.1556,-0.0038,0.0083,0.1411,0,0,0,0,0,0,0,0,0,0,0,0,0,0,0
"A_Cmpnlag",-0.0421,0.9007,0.1543,0.115,0.0032,-0.0247,0.1398,-0.2817,0.1205,0.1397,-0.2924,-0.3105,-0.1187,0.1849,0.2061,0.2167,0,0,0,0,0,0,0,0,0,0,0,0,0,0,0
"A_Rspctlag",-0.281,0.1543,1,0.2356,0.2218,0.1445,0.2283,-0.0062,0.4314,0.0993,-0.2741,-0.1626,-0.3724,0.1063,0.2891,-0.1092,0,0,0,0,0,0,0,0,0,0,0,0,0,0,0
"A_Trustlag",-0.1063,0.115,0.2356,0.9922,0.193,0.216,0.2804,-0.1583,0.1559,-0.0698,-0.263,-0.1418,-0.0255,-0.0424,0.3675,0.3065,0,0,0,0,0,0,0,0,0,0,0,0,0,0,0
"C_Orglag",0.2395,0.0032,0.2218,0.193,0.9416,0.204,0.2236,0.0287,0.0091,-0.0845,-0.5216,0.0376,-0.2629,0.0739,0.3405,0.19,0,0,0,0,0,0,0,0,0,0,0,0,0,0,0
"C_Prdctvlag",0.2657,-0.0247,0.1445,0.216,0.204,1,0.4042,-0.0026,0.0133,0.0718,-0.4307,0.0328,-0.0185,-0.1481,0.4556,0.3146,0,0,0,0,0,0,0,0,0,0,0,0,0,0,0
"C_Rspnbllag",0.0196,0.1398,0.2283,0.2804,0.2236,0.4042,0.9958,-0.1649,0.209,0.1279,-0.5235,-0.0249,0.0265,0.2309,0.4766,0.4383,0,0,0,0,0,0,0,0,0,0,0,0,0,0,0
"E_Assertlag",0.1828,-0.2817,-0.0062,-0.1583,0.0287,-0.0026,-0.1649,0.9922,0.1552,0.2357,0.0735,-0.1121,-0.4296,-0.0702,-0.3796,-0.3285,0,0,0,0,0,0,0,0,0,0,0,0,0,0,0
"E_EnerLevlag",-0.0723,0.1205,0.4314,0.1559,0.0091,0.0133,0.209,0.1552,1,0.3475,-0.3446,-0.7476,-0.6493,0.0415,-0.0238,-0.4374,0,0,0,0,0,0,0,0,0,0,0,0,0,0,0
"E_Scbltylag",0.2537,0.1397,0.0993,-0.0698,-0.0845,0.0718,0.1279,0.2357,0.3475,1,-0.3554,-0.4205,-0.2667,0.3527,-0.0363,-0.2178,0,0,0,0,0,0,0,0,0,0,0,0,0,0,0
"N_Anxtylag",-0.2966,-0.2924,-0.2741,-0.263,-0.5216,-0.4307,-0.5235,0.0735,-0.3446,-0.3554,0.9998,0.26,0.3651,-0.3493,-0.5494,-0.3611,0,0,0,0,0,0,0,0,0,0,0,0,0,0,0
"N_Deprlag",0.0591,-0.3105,-0.1626,-0.1418,0.0376,0.0328,-0.0249,-0.1121,-0.7476,-0.4205,0.26,0.9986,0.6227,-0.039,0.0985,0.3733,0,0,0,0,0,0,0,0,0,0,0,0,0,0,0
"N_EmoVollag",-0.1556,-0.1187,-0.3724,-0.0255,-0.2629,-0.0185,0.0265,-0.4296,-0.6493,-0.2667,0.3651,0.6227,0.9994,-0.0905,0.0251,0.3743,0,0,0,0,0,0,0,0,0,0,0,0,0,0,0
"O_AesSenslag",-0.0038,0.1849,0.1063,-0.0424,0.0739,-0.1481,0.2309,-0.0702,0.0415,0.3527,-0.3493,-0.039,-0.0905,0.9973,0.1731,0.063,0,0,0,0,0,0,0,0,0,0,0,0,0,0,0
"O_CrtvImaglag",0.0083,0.2061,0.2891,0.3675,0.3405,0.4556,0.4766,-0.3796,-0.0238,-0.0363,-0.5494,0.0985,0.0251,0.1731,0.9963,0.6678,0,0,0,0,0,0,0,0,0,0,0,0,0,0,0
"O_IntCurlag",0.1411,0.2167,-0.1092,0.3065,0.19,0.3146,0.4383,-0.3285,-0.4374,-0.2178,-0.3611,0.3733,0.3743,0.063,0.6678,0.9963,0,0,0,0,0,0,0,0,0,0,0,0,0,0,0
"A_Cmpn",0,0,0,0,0,0,0,0,0,0,0,0,0,0,0,0,0.7971,0,0,0,0,0,0,0,0,0,0,0,0,0,0
"A_Rspct",0,0,0,0,0,0,0,0,0,0,0,0,0,0,0,0,0,0.6283,0,0,0,0,0,0,0,0,0,0,0,0,0
"A_Trust",0,0,0,0,0,0,0,0,0,0,0,0,0,0,0,0,0,0,0.2825,0,0,0,0,0,0,0,0,0,0,0,0
"C_Org",0,0,0,0,0,0,0,0,0,0,0,0,0,0,0,0,0,0,0,0.7021,0,0,0,0,0,0,0,0,0,0,0
"C_Prdctv",0,0,0,0,0,0,0,0,0,0,0,0,0,0,0,0,0,0,0,0,0.4977,0,0,0,0,0,0,0,0,0,0
"C_Rspnbl",0,0,0,0,0,0,0,0,0,0,0,0,0,0,0,0,0,0,0,0,0,0.3807,0,0,0,0,0,0,0,0,0
"E_Assert",0,0,0,0,0,0,0,0,0,0,0,0,0,0,0,0,0,0,0,0,0,0,0.7354,0,0,0,0,0,0,0,0
"E_EnerLev",0,0,0,0,0,0,0,0,0,0,0,0,0,0,0,0,0,0,0,0,0,0,0,0.5557,0,0,0,0,0,0,0
"E_Scblty",0,0,0,0,0,0,0,0,0,0,0,0,0,0,0,0,0,0,0,0,0,0,0,0,1.1546,0,0,0,0,0,0
"N_Anxty",0,0,0,0,0,0,0,0,0,0,0,0,0,0,0,0,0,0,0,0,0,0,0,0,0,0.1027,0,0,0,0,0
"N_Depr",0,0,0,0,0,0,0,0,0,0,0,0,0,0,0,0,0,0,0,0,0,0,0,0,0,0,0.3245,0,0,0,0
"N_EmoVol",0,0,0,0,0,0,0,0,0,0,0,0,0,0,0,0,0,0,0,0,0,0,0,0,0,0,0,0.2268,0,0,0
"O_AesSens",0,0,0,0,0,0,0,0,0,0,0,0,0,0,0,0,0,0,0,0,0,0,0,0,0,0,0,0,0.9427,0,0
"O_CrtvImag",0,0,0,0,0,0,0,0,0,0,0,0,0,0,0,0,0,0,0,0,0,0,0,0,0,0,0,0,0,0.0973,0
"O_IntCur",0,0,0,0,0,0,0,0,0,0,0,0,0,0,0,0,0,0,0,0,0,0,0,0,0,0,0,0,0,0,1.5675
