"","cumsumT","A_Cmpnlag","A_Rspctlag","A_Trustlag","C_Orglag","C_Prdctvlag","C_Rspnbllag","E_Assertlag","E_EnerLevlag","E_Scbltylag","N_Anxtylag","N_Deprlag","N_EmoVollag","O_AesSenslag","O_CrtvImaglag","O_IntCurlag","A_Cmpn","A_Rspct","A_Trust","C_Org","C_Prdctv","C_Rspnbl","E_Assert","E_EnerLev","E_Scblty","N_Anxty","N_Depr","N_EmoVol","O_AesSens","O_CrtvImag","O_IntCur"
"cumsumT",0.973,-0.0107,-0.0508,0.1841,-0.0501,0.0723,0.0645,0.1531,0.011,-0.0048,0.012,-0.2095,-0.0844,0.0246,0.1912,0.1432,0,0,0,0,0,0,0,0,0,0,0,0,0,0,0
"A_Cmpnlag",-0.0107,0.9866,0.2564,0.0049,0.0169,-0.0136,0.1642,0.182,0.2908,0.3085,-0.2648,-0.2867,-0.0908,-0.0885,0.0528,0.0683,0,0,0,0,0,0,0,0,0,0,0,0,0,0,0
"A_Rspctlag",-0.0508,0.2564,0.9999,0.1558,0.3119,0.1328,0.0384,0.1505,0.1661,0.1432,-0.2067,-0.1336,-0.1359,0.1527,0.0552,0.0286,0,0,0,0,0,0,0,0,0,0,0,0,0,0,0
"A_Trustlag",0.1841,0.0049,0.1558,0.9991,0.0089,-0.0064,0.2442,0.1336,0.2219,0.1416,-0.0946,-0.2221,-0.2301,0.1368,0.013,0.1361,0,0,0,0,0,0,0,0,0,0,0,0,0,0,0
"C_Orglag",-0.0501,0.0169,0.3119,0.0089,0.9956,0.1994,0.1866,0.2269,0.2331,0.1187,-0.2646,0.016,-0.0795,0.1653,-0.0096,0.0933,0,0,0,0,0,0,0,0,0,0,0,0,0,0,0
"C_Prdctvlag",0.0723,-0.0136,0.1328,-0.0064,0.1994,0.9998,0.2825,0.1332,0.0986,0.2568,-0.0983,-0.1247,0.043,-0.1419,0.2556,0.2238,0,0,0,0,0,0,0,0,0,0,0,0,0,0,0
"C_Rspnbllag",0.0645,0.1642,0.0384,0.2442,0.1866,0.2825,0.9973,-0.0311,0.351,0.1742,-0.1375,-0.0811,-0.1459,-0.1797,0.1222,0.132,0,0,0,0,0,0,0,0,0,0,0,0,0,0,0
"E_Assertlag",0.1531,0.182,0.1505,0.1336,0.2269,0.1332,-0.0311,1,0.2719,0.2462,-0.2615,-0.2233,0.0039,0.1236,-0.0136,0.1551,0,0,0,0,0,0,0,0,0,0,0,0,0,0,0
"E_EnerLevlag",0.011,0.2908,0.1661,0.2219,0.2331,0.0986,0.351,0.2719,0.9941,0.4165,-0.3441,-0.2211,-0.2413,0.0205,0.0271,0.1125,0,0,0,0,0,0,0,0,0,0,0,0,0,0,0
"E_Scbltylag",-0.0048,0.3085,0.1432,0.1416,0.1187,0.2568,0.1742,0.2462,0.4165,0.9712,-0.2364,-0.2736,-0.0626,0.0762,0.1469,0.217,0,0,0,0,0,0,0,0,0,0,0,0,0,0,0
"N_Anxtylag",0.012,-0.2648,-0.2067,-0.0946,-0.2646,-0.0983,-0.1375,-0.2615,-0.3441,-0.2364,0.9964,0.4518,0.2046,-0.0716,-0.2193,0.0308,0,0,0,0,0,0,0,0,0,0,0,0,0,0,0
"N_Deprlag",-0.2095,-0.2867,-0.1336,-0.2221,0.016,-0.1247,-0.0811,-0.2233,-0.2211,-0.2736,0.4518,0.9966,0.2817,-0.0401,-0.0892,-0.0634,0,0,0,0,0,0,0,0,0,0,0,0,0,0,0
"N_EmoVollag",-0.0844,-0.0908,-0.1359,-0.2301,-0.0795,0.043,-0.1459,0.0039,-0.2413,-0.0626,0.2046,0.2817,0.9997,-0.228,-0.0102,-0.1066,0,0,0,0,0,0,0,0,0,0,0,0,0,0,0
"O_AesSenslag",0.0246,-0.0885,0.1527,0.1368,0.1653,-0.1419,-0.1797,0.1236,0.0205,0.0762,-0.0716,-0.0401,-0.228,0.9909,-0.121,0.3322,0,0,0,0,0,0,0,0,0,0,0,0,0,0,0
"O_CrtvImaglag",0.1912,0.0528,0.0552,0.013,-0.0096,0.2556,0.1222,-0.0136,0.0271,0.1469,-0.2193,-0.0892,-0.0102,-0.121,0.9962,0.1938,0,0,0,0,0,0,0,0,0,0,0,0,0,0,0
"O_IntCurlag",0.1432,0.0683,0.0286,0.1361,0.0933,0.2238,0.132,0.1551,0.1125,0.217,0.0308,-0.0634,-0.1066,0.3322,0.1938,0.9991,0,0,0,0,0,0,0,0,0,0,0,0,0,0,0
"A_Cmpn",0,0,0,0,0,0,0,0,0,0,0,0,0,0,0,0,0.8579,0,0,0,0,0,0,0,0,0,0,0,0,0,0
"A_Rspct",0,0,0,0,0,0,0,0,0,0,0,0,0,0,0,0,0,0.7647,0,0,0,0,0,0,0,0,0,0,0,0,0
"A_Trust",0,0,0,0,0,0,0,0,0,0,0,0,0,0,0,0,0,0,0.9087,0,0,0,0,0,0,0,0,0,0,0,0
"C_Org",0,0,0,0,0,0,0,0,0,0,0,0,0,0,0,0,0,0,0,0.9752,0,0,0,0,0,0,0,0,0,0,0
"C_Prdctv",0,0,0,0,0,0,0,0,0,0,0,0,0,0,0,0,0,0,0,0,0.8937,0,0,0,0,0,0,0,0,0,0
"C_Rspnbl",0,0,0,0,0,0,0,0,0,0,0,0,0,0,0,0,0,0,0,0,0,0.7738,0,0,0,0,0,0,0,0,0
"E_Assert",0,0,0,0,0,0,0,0,0,0,0,0,0,0,0,0,0,0,0,0,0,0,0.9231,0,0,0,0,0,0,0,0
"E_EnerLev",0,0,0,0,0,0,0,0,0,0,0,0,0,0,0,0,0,0,0,0,0,0,0,0.8755,0,0,0,0,0,0,0
"E_Scblty",0,0,0,0,0,0,0,0,0,0,0,0,0,0,0,0,0,0,0,0,0,0,0,0,0.7913,0,0,0,0,0,0
"N_Anxty",0,0,0,0,0,0,0,0,0,0,0,0,0,0,0,0,0,0,0,0,0,0,0,0,0,0.821,0,0,0,0,0
"N_Depr",0,0,0,0,0,0,0,0,0,0,0,0,0,0,0,0,0,0,0,0,0,0,0,0,0,0,0.7615,0,0,0,0
"N_EmoVol",0,0,0,0,0,0,0,0,0,0,0,0,0,0,0,0,0,0,0,0,0,0,0,0,0,0,0,0.9097,0,0,0
"O_AesSens",0,0,0,0,0,0,0,0,0,0,0,0,0,0,0,0,0,0,0,0,0,0,0,0,0,0,0,0,0.7096,0,0
"O_CrtvImag",0,0,0,0,0,0,0,0,0,0,0,0,0,0,0,0,0,0,0,0,0,0,0,0,0,0,0,0,0,0.8435,0
"O_IntCur",0,0,0,0,0,0,0,0,0,0,0,0,0,0,0,0,0,0,0,0,0,0,0,0,0,0,0,0,0,0,0.8519
