"","cumsumT","E_Scbltylag","E_EnerLevlag","A_Cmpnlag","A_Rspctlag","N_Deprlag","N_Anxtylag","N_EmoVollag","C_Prdctvlag","C_Rspnbllag","E_Scblty","E_EnerLev","A_Cmpn","A_Rspct","N_Depr","N_Anxty","N_EmoVol","C_Prdctv","C_Rspnbl"
"cumsumT",0.9384,-0.246,-0.1776,-0.211,-0.2098,0.1074,0.0953,0.2738,0.079,0.1235,0,0,0,0,0,0,0,0,0
"E_Scbltylag",-0.246,1,0.3358,-0.0141,0.0963,-0.434,-0.2545,-0.2573,0.1506,0.1405,0,0,0,0,0,0,0,0,0
"E_EnerLevlag",-0.1776,0.3358,0.9998,0.1658,0.199,-0.1239,-0.0838,-0.2233,0.0969,0.126,0,0,0,0,0,0,0,0,0
"A_Cmpnlag",-0.211,-0.0141,0.1658,0.9117,0.32,-0.2037,-0.2042,-0.3827,-0.2236,-0.1482,0,0,0,0,0,0,0,0,0
"A_Rspctlag",-0.2098,0.0963,0.199,0.32,0.9948,0.0809,-0.468,-0.2527,0.0094,0.3591,0,0,0,0,0,0,0,0,0
"N_Deprlag",0.1074,-0.434,-0.1239,-0.2037,0.0809,0.9598,0.3652,0.482,-0.2398,0.0173,0,0,0,0,0,0,0,0,0
"N_Anxtylag",0.0953,-0.2545,-0.0838,-0.2042,-0.468,0.3652,0.978,0.5591,-0.0979,-0.4802,0,0,0,0,0,0,0,0,0
"N_EmoVollag",0.2738,-0.2573,-0.2233,-0.3827,-0.2527,0.482,0.5591,0.9992,-0.1945,-0.2971,0,0,0,0,0,0,0,0,0
"C_Prdctvlag",0.079,0.1506,0.0969,-0.2236,0.0094,-0.2398,-0.0979,-0.1945,0.9953,0.0538,0,0,0,0,0,0,0,0,0
"C_Rspnbllag",0.1235,0.1405,0.126,-0.1482,0.3591,0.0173,-0.4802,-0.2971,0.0538,0.9766,0,0,0,0,0,0,0,0,0
"E_Scblty",0,0,0,0,0,0,0,0,0,0,0.7829,0,0,0,0,0,0,0,0
"E_EnerLev",0,0,0,0,0,0,0,0,0,0,0,0.8129,0,0,0,0,0,0,0
"A_Cmpn",0,0,0,0,0,0,0,0,0,0,0,0,0.7508,0,0,0,0,0,0
"A_Rspct",0,0,0,0,0,0,0,0,0,0,0,0,0,0.5345,0,0,0,0,0
"N_Depr",0,0,0,0,0,0,0,0,0,0,0,0,0,0,0.5638,0,0,0,0
"N_Anxty",0,0,0,0,0,0,0,0,0,0,0,0,0,0,0,0.7214,0,0,0
"N_EmoVol",0,0,0,0,0,0,0,0,0,0,0,0,0,0,0,0,0.5665,0,0
"C_Prdctv",0,0,0,0,0,0,0,0,0,0,0,0,0,0,0,0,0,0.9981,0
"C_Rspnbl",0,0,0,0,0,0,0,0,0,0,0,0,0,0,0,0,0,0,0.6717
