"","cumsumT","E_Scbltylag","E_EnerLevlag","A_Cmpnlag","A_Rspctlag","N_Deprlag","N_Anxtylag","N_EmoVollag","C_Prdctvlag","C_Rspnbllag","E_Scblty","E_EnerLev","A_Cmpn","A_Rspct","N_Depr","N_Anxty","N_EmoVol","C_Prdctv","C_Rspnbl"
"cumsumT",0.9531,-0.0579,0.1101,0.0649,-0.1528,-0.0891,-0.0216,0.0022,-0.0405,-0.0985,0,0,0,0,0,0,0,0,0
"E_Scbltylag",-0.0579,0.9996,0.3006,0.2219,0.2413,-0.3416,-0.3738,-0.3952,0.2556,0.2606,0,0,0,0,0,0,0,0,0
"E_EnerLevlag",0.1101,0.3006,0.9611,0.1783,0.2227,-0.3751,-0.3769,-0.4721,0.3251,0.385,0,0,0,0,0,0,0,0,0
"A_Cmpnlag",0.0649,0.2219,0.1783,0.9851,0.165,-0.088,0.0934,-0.1937,-0.0731,-0.0294,0,0,0,0,0,0,0,0,0
"A_Rspctlag",-0.1528,0.2413,0.2227,0.165,0.9823,-0.461,-0.3063,-0.4802,0.2846,0.272,0,0,0,0,0,0,0,0,0
"N_Deprlag",-0.0891,-0.3416,-0.3751,-0.088,-0.461,0.9967,0.5572,0.3963,-0.3405,-0.4047,0,0,0,0,0,0,0,0,0
"N_Anxtylag",-0.0216,-0.3738,-0.3769,0.0934,-0.3063,0.5572,0.9883,0.4184,-0.2844,-0.3668,0,0,0,0,0,0,0,0,0
"N_EmoVollag",0.0022,-0.3952,-0.4721,-0.1937,-0.4802,0.3963,0.4184,0.9998,-0.3656,-0.3612,0,0,0,0,0,0,0,0,0
"C_Prdctvlag",-0.0405,0.2556,0.3251,-0.0731,0.2846,-0.3405,-0.2844,-0.3656,0.9952,0.3059,0,0,0,0,0,0,0,0,0
"C_Rspnbllag",-0.0985,0.2606,0.385,-0.0294,0.272,-0.4047,-0.3668,-0.3612,0.3059,0.9906,0,0,0,0,0,0,0,0,0
"E_Scblty",0,0,0,0,0,0,0,0,0,0,0.7868,0,0,0,0,0,0,0,0
"E_EnerLev",0,0,0,0,0,0,0,0,0,0,0,0.7075,0,0,0,0,0,0,0
"A_Cmpn",0,0,0,0,0,0,0,0,0,0,0,0,0.9526,0,0,0,0,0,0
"A_Rspct",0,0,0,0,0,0,0,0,0,0,0,0,0,0.6835,0,0,0,0,0
"N_Depr",0,0,0,0,0,0,0,0,0,0,0,0,0,0,0.6709,0,0,0,0
"N_Anxty",0,0,0,0,0,0,0,0,0,0,0,0,0,0,0,0.826,0,0,0
"N_EmoVol",0,0,0,0,0,0,0,0,0,0,0,0,0,0,0,0,0.7674,0,0
"C_Prdctv",0,0,0,0,0,0,0,0,0,0,0,0,0,0,0,0,0,0.8669,0
"C_Rspnbl",0,0,0,0,0,0,0,0,0,0,0,0,0,0,0,0,0,0,0.6596
