"","cumsumT","E_Scbltylag","E_EnerLevlag","A_Cmpnlag","A_Rspctlag","N_Deprlag","N_Anxtylag","N_EmoVollag","C_Prdctvlag","C_Rspnbllag","E_Scblty","E_EnerLev","A_Cmpn","A_Rspct","N_Depr","N_Anxty","N_EmoVol","C_Prdctv","C_Rspnbl"
"cumsumT",0.9529,0.1453,-0.0146,0.0878,-0.0481,-0.1673,-0.1636,-0.1594,0.2956,0.2573,0,0,0,0,0,0,0,0,0
"E_Scbltylag",0.1453,0.9999,0.4894,0.2416,0.0047,-0.3653,-0.2243,-0.1869,0.0429,0.2467,0,0,0,0,0,0,0,0,0
"E_EnerLevlag",-0.0146,0.4894,0.9705,0.1657,0.1005,-0.3121,3e-04,-0.212,0.1873,0.1645,0,0,0,0,0,0,0,0,0
"A_Cmpnlag",0.0878,0.2416,0.1657,0.999,0.1715,-0.2602,-0.2239,-0.1069,0.0433,0.0222,0,0,0,0,0,0,0,0,0
"A_Rspctlag",-0.0481,0.0047,0.1005,0.1715,0.9992,-0.2235,-0.0689,0.1199,0.1501,0.153,0,0,0,0,0,0,0,0,0
"N_Deprlag",-0.1673,-0.3653,-0.3121,-0.2602,-0.2235,0.9919,0.2862,0.3002,-0.3373,-0.1736,0,0,0,0,0,0,0,0,0
"N_Anxtylag",-0.1636,-0.2243,3e-04,-0.2239,-0.0689,0.2862,0.9346,0.2208,0.122,-0.0573,0,0,0,0,0,0,0,0,0
"N_EmoVollag",-0.1594,-0.1869,-0.212,-0.1069,0.1199,0.3002,0.2208,1,-0.1534,-0.0854,0,0,0,0,0,0,0,0,0
"C_Prdctvlag",0.2956,0.0429,0.1873,0.0433,0.1501,-0.3373,0.122,-0.1534,0.9724,0.3268,0,0,0,0,0,0,0,0,0
"C_Rspnbllag",0.2573,0.2467,0.1645,0.0222,0.153,-0.1736,-0.0573,-0.0854,0.3268,0.891,0,0,0,0,0,0,0,0,0
"E_Scblty",0,0,0,0,0,0,0,0,0,0,0.6254,0,0,0,0,0,0,0,0
"E_EnerLev",0,0,0,0,0,0,0,0,0,0,0,0.7958,0,0,0,0,0,0,0
"A_Cmpn",0,0,0,0,0,0,0,0,0,0,0,0,0.8396,0,0,0,0,0,0
"A_Rspct",0,0,0,0,0,0,0,0,0,0,0,0,0,0.8837,0,0,0,0,0
"N_Depr",0,0,0,0,0,0,0,0,0,0,0,0,0,0,0.7093,0,0,0,0
"N_Anxty",0,0,0,0,0,0,0,0,0,0,0,0,0,0,0,0.9743,0,0,0
"N_EmoVol",0,0,0,0,0,0,0,0,0,0,0,0,0,0,0,0,0.8388,0,0
"C_Prdctv",0,0,0,0,0,0,0,0,0,0,0,0,0,0,0,0,0,0.7413,0
"C_Rspnbl",0,0,0,0,0,0,0,0,0,0,0,0,0,0,0,0,0,0,0.8305
