"","cumsumT","E_Scbltylag","E_EnerLevlag","A_Cmpnlag","A_Rspctlag","N_Deprlag","N_Anxtylag","N_EmoVollag","C_Prdctvlag","C_Rspnbllag","E_Scblty","E_EnerLev","A_Cmpn","A_Rspct","N_Depr","N_Anxty","N_EmoVol","C_Prdctv","C_Rspnbl"
"cumsumT",0.9681,0.0081,-0.1067,0.1272,0.0672,0.2728,0.087,-0.1347,0.1465,0.0859,0,0,0,0,0,0,0,0,0
"E_Scbltylag",0.0081,0.9388,0.1508,-0.222,0.0095,0.0794,-0.1979,-0.242,0.0938,0.3186,0,0,0,0,0,0,0,0,0
"E_EnerLevlag",-0.1067,0.1508,0.9793,0.2101,-0.0214,-0.3051,0.1274,0.1904,0.0874,-1e-04,0,0,0,0,0,0,0,0,0
"A_Cmpnlag",0.1272,-0.222,0.2101,0.9968,0.1916,-0.3266,0.2821,0.2303,0.161,0.0214,0,0,0,0,0,0,0,0,0
"A_Rspctlag",0.0672,0.0095,-0.0214,0.1916,0.9763,-0.0132,-0.1112,-0.1684,0.367,0.3601,0,0,0,0,0,0,0,0,0
"N_Deprlag",0.2728,0.0794,-0.3051,-0.3266,-0.0132,0.9873,0.025,0.101,-0.0948,0.1443,0,0,0,0,0,0,0,0,0
"N_Anxtylag",0.087,-0.1979,0.1274,0.2821,-0.1112,0.025,0.9991,0.3601,-0.0592,-0.2153,0,0,0,0,0,0,0,0,0
"N_EmoVollag",-0.1347,-0.242,0.1904,0.2303,-0.1684,0.101,0.3601,0.9173,-0.1466,-0.2353,0,0,0,0,0,0,0,0,0
"C_Prdctvlag",0.1465,0.0938,0.0874,0.161,0.367,-0.0948,-0.0592,-0.1466,0.974,0.5915,0,0,0,0,0,0,0,0,0
"C_Rspnbllag",0.0859,0.3186,-1e-04,0.0214,0.3601,0.1443,-0.2153,-0.2353,0.5915,0.9936,0,0,0,0,0,0,0,0,0
"E_Scblty",0,0,0,0,0,0,0,0,0,0,0.882,0,0,0,0,0,0,0,0
"E_EnerLev",0,0,0,0,0,0,0,0,0,0,0,0.9047,0,0,0,0,0,0,0
"A_Cmpn",0,0,0,0,0,0,0,0,0,0,0,0,0.9868,0,0,0,0,0,0
"A_Rspct",0,0,0,0,0,0,0,0,0,0,0,0,0,0.8554,0,0,0,0,0
"N_Depr",0,0,0,0,0,0,0,0,0,0,0,0,0,0,0.7192,0,0,0,0
"N_Anxty",0,0,0,0,0,0,0,0,0,0,0,0,0,0,0,0.8584,0,0,0
"N_EmoVol",0,0,0,0,0,0,0,0,0,0,0,0,0,0,0,0,0.8797,0,0
"C_Prdctv",0,0,0,0,0,0,0,0,0,0,0,0,0,0,0,0,0,0.6599,0
"C_Rspnbl",0,0,0,0,0,0,0,0,0,0,0,0,0,0,0,0,0,0,0.9732
