"","cumsumT","E_Scbltylag","E_EnerLevlag","A_Cmpnlag","A_Rspctlag","N_Deprlag","N_Anxtylag","N_EmoVollag","C_Prdctvlag","C_Rspnbllag","E_Scblty","E_EnerLev","A_Cmpn","A_Rspct","N_Depr","N_Anxty","N_EmoVol","C_Prdctv","C_Rspnbl"
"cumsumT",0.958,-0.0019,0.0111,-0.3037,-0.0243,-0.0448,0.1955,0.1532,-0.0017,0.0962,0,0,0,0,0,0,0,0,0
"E_Scbltylag",-0.0019,0.9972,0.6685,0.3896,0.2588,-0.3743,-0.3216,-0.4177,0.0675,0.1418,0,0,0,0,0,0,0,0,0
"E_EnerLevlag",0.0111,0.6685,0.9996,0.6269,0.3728,-0.2966,-0.0287,-0.4406,-0.2303,0.1223,0,0,0,0,0,0,0,0,0
"A_Cmpnlag",-0.3037,0.3896,0.6269,0.98,0.636,-0.06,0.1587,-0.442,-0.2577,-0.0069,0,0,0,0,0,0,0,0,0
"A_Rspctlag",-0.0243,0.2588,0.3728,0.636,0.9686,-0.1639,0.1057,-0.3609,-0.2211,0.0037,0,0,0,0,0,0,0,0,0
"N_Deprlag",-0.0448,-0.3743,-0.2966,-0.06,-0.1639,0.8248,0.3177,0.4089,0.0495,-0.1681,0,0,0,0,0,0,0,0,0
"N_Anxtylag",0.1955,-0.3216,-0.0287,0.1587,0.1057,0.3177,0.9103,0.0739,-0.0806,-0.0909,0,0,0,0,0,0,0,0,0
"N_EmoVollag",0.1532,-0.4177,-0.4406,-0.442,-0.3609,0.4089,0.0739,0.9719,0.1501,-0.2109,0,0,0,0,0,0,0,0,0
"C_Prdctvlag",-0.0017,0.0675,-0.2303,-0.2577,-0.2211,0.0495,-0.0806,0.1501,0.9896,0.3424,0,0,0,0,0,0,0,0,0
"C_Rspnbllag",0.0962,0.1418,0.1223,-0.0069,0.0037,-0.1681,-0.0909,-0.2109,0.3424,0.9927,0,0,0,0,0,0,0,0,0
"E_Scblty",0,0,0,0,0,0,0,0,0,0,0.2315,0,0,0,0,0,0,0,0
"E_EnerLev",0,0,0,0,0,0,0,0,0,0,0,0.4183,0,0,0,0,0,0,0
"A_Cmpn",0,0,0,0,0,0,0,0,0,0,0,0,0.8676,0,0,0,0,0,0
"A_Rspct",0,0,0,0,0,0,0,0,0,0,0,0,0,0.373,0,0,0,0,0
"N_Depr",0,0,0,0,0,0,0,0,0,0,0,0,0,0,0.9538,0,0,0,0
"N_Anxty",0,0,0,0,0,0,0,0,0,0,0,0,0,0,0,0.6308,0,0,0
"N_EmoVol",0,0,0,0,0,0,0,0,0,0,0,0,0,0,0,0,0.5849,0,0
"C_Prdctv",0,0,0,0,0,0,0,0,0,0,0,0,0,0,0,0,0,0.614,0
"C_Rspnbl",0,0,0,0,0,0,0,0,0,0,0,0,0,0,0,0,0,0,0.9755
