"","cumsumT","E_Scbltylag","E_EnerLevlag","A_Cmpnlag","A_Rspctlag","N_Deprlag","N_Anxtylag","N_EmoVollag","C_Prdctvlag","C_Rspnbllag","E_Scblty","E_EnerLev","A_Cmpn","A_Rspct","N_Depr","N_Anxty","N_EmoVol","C_Prdctv","C_Rspnbl"
"cumsumT",1,-0.1038,-0.0166,-0.3257,-0.1579,0.1135,0.3765,0.0642,0.0681,0.1126,0,0,0,0,0,0,0,0,0
"E_Scbltylag",-0.1038,1,0.1746,0.3004,0.1528,-0.2158,0.176,-0.1964,0.0817,-0.0658,0,0,0,0,0,0,0,0,0
"E_EnerLevlag",-0.0166,0.1746,1,0.0516,0.4002,-0.4089,-0.0942,-0.3807,0.3372,0.3761,0,0,0,0,0,0,0,0,0
"A_Cmpnlag",-0.3257,0.3004,0.0516,1,0.2526,-0.3896,-0.3257,-0.0549,-0.0466,-0.0016,0,0,0,0,0,0,0,0,0
"A_Rspctlag",-0.1579,0.1528,0.4002,0.2526,1,-0.3994,-0.2746,-0.1,0.1214,0.0947,0,0,0,0,0,0,0,0,0
"N_Deprlag",0.1135,-0.2158,-0.4089,-0.3896,-0.3994,1,0.4104,0.412,-0.176,-0.3818,0,0,0,0,0,0,0,0,0
"N_Anxtylag",0.3765,0.176,-0.0942,-0.3257,-0.2746,0.4104,1,0,-0.185,-0.1402,0,0,0,0,0,0,0,0,0
"N_EmoVollag",0.0642,-0.1964,-0.3807,-0.0549,-0.1,0.412,0,1,-0.3868,-0.3473,0,0,0,0,0,0,0,0,0
"C_Prdctvlag",0.0681,0.0817,0.3372,-0.0466,0.1214,-0.176,-0.185,-0.3868,1,0.5306,0,0,0,0,0,0,0,0,0
"C_Rspnbllag",0.1126,-0.0658,0.3761,-0.0016,0.0947,-0.3818,-0.1402,-0.3473,0.5306,1,0,0,0,0,0,0,0,0,0
"E_Scblty",0,0,0,0,0,0,0,0,0,0,0.9066,0,0,0,0,0,0,0,0
"E_EnerLev",0,0,0,0,0,0,0,0,0,0,0,0.8622,0,0,0,0,0,0,0
"A_Cmpn",0,0,0,0,0,0,0,0,0,0,0,0,0.9893,0,0,0,0,0,0
"A_Rspct",0,0,0,0,0,0,0,0,0,0,0,0,0,0.7564,0,0,0,0,0
"N_Depr",0,0,0,0,0,0,0,0,0,0,0,0,0,0,0.6735,0,0,0,0
"N_Anxty",0,0,0,0,0,0,0,0,0,0,0,0,0,0,0,0.5402,0,0,0
"N_EmoVol",0,0,0,0,0,0,0,0,0,0,0,0,0,0,0,0,0.8359,0,0
"C_Prdctv",0,0,0,0,0,0,0,0,0,0,0,0,0,0,0,0,0,0.9826,0
"C_Rspnbl",0,0,0,0,0,0,0,0,0,0,0,0,0,0,0,0,0,0,0.6947
