"","cumsumT","E_Scbltylag","E_EnerLevlag","A_Cmpnlag","A_Rspctlag","N_Deprlag","N_Anxtylag","N_EmoVollag","C_Prdctvlag","C_Rspnbllag","E_Scblty","E_EnerLev","A_Cmpn","A_Rspct","N_Depr","N_Anxty","N_EmoVol","C_Prdctv","C_Rspnbl"
"cumsumT",1,0.0712,-0.0368,0.1981,-0.1615,0.2588,0.1004,0.03,-0.145,0.099,0,0,0,0,0,0,0,0,0
"E_Scbltylag",0.0712,1,0.2582,0.5509,0.1778,-0.3242,-0.2802,-0.2689,-0.385,-0.2261,0,0,0,0,0,0,0,0,0
"E_EnerLevlag",-0.0368,0.2582,1,0.1965,0.3546,-0.4332,-0.1685,-0.3173,-0.1718,0.2393,0,0,0,0,0,0,0,0,0
"A_Cmpnlag",0.1981,0.5509,0.1965,1,0.14,-0.2111,-0.2777,-0.1787,-0.4435,-0.198,0,0,0,0,0,0,0,0,0
"A_Rspctlag",-0.1615,0.1778,0.3546,0.14,1,-0.0142,0.1723,-0.0168,-0.0818,0.0335,0,0,0,0,0,0,0,0,0
"N_Deprlag",0.2588,-0.3242,-0.4332,-0.2111,-0.0142,1,0.5632,0.5805,-0.0411,-0.0228,0,0,0,0,0,0,0,0,0
"N_Anxtylag",0.1004,-0.2802,-0.1685,-0.2777,0.1723,0.5632,1,0.6012,0.0964,0.0922,0,0,0,0,0,0,0,0,0
"N_EmoVollag",0.03,-0.2689,-0.3173,-0.1787,-0.0168,0.5805,0.6012,1,-0.0169,-0.019,0,0,0,0,0,0,0,0,0
"C_Prdctvlag",-0.145,-0.385,-0.1718,-0.4435,-0.0818,-0.0411,0.0964,-0.0169,1,0.4852,0,0,0,0,0,0,0,0,0
"C_Rspnbllag",0.099,-0.2261,0.2393,-0.198,0.0335,-0.0228,0.0922,-0.019,0.4852,1,0,0,0,0,0,0,0,0,0
"E_Scblty",0,0,0,0,0,0,0,0,0,0,0.9589,0,0,0,0,0,0,0,0
"E_EnerLev",0,0,0,0,0,0,0,0,0,0,0,0.821,0,0,0,0,0,0,0
"A_Cmpn",0,0,0,0,0,0,0,0,0,0,0,0,0.6737,0,0,0,0,0,0
"A_Rspct",0,0,0,0,0,0,0,0,0,0,0,0,0,0.8623,0,0,0,0,0
"N_Depr",0,0,0,0,0,0,0,0,0,0,0,0,0,0,0.5295,0,0,0,0
"N_Anxty",0,0,0,0,0,0,0,0,0,0,0,0,0,0,0,0.9662,0,0,0
"N_EmoVol",0,0,0,0,0,0,0,0,0,0,0,0,0,0,0,0,0.6454,0,0
"C_Prdctv",0,0,0,0,0,0,0,0,0,0,0,0,0,0,0,0,0,0.7921,0
"C_Rspnbl",0,0,0,0,0,0,0,0,0,0,0,0,0,0,0,0,0,0,0.7746
