"","cumsumT","E_Scbltylag","E_EnerLevlag","A_Cmpnlag","A_Rspctlag","N_Deprlag","N_Anxtylag","N_EmoVollag","C_Prdctvlag","C_Rspnbllag","E_Scblty","E_EnerLev","A_Cmpn","A_Rspct","N_Depr","N_Anxty","N_EmoVol","C_Prdctv","C_Rspnbl"
"cumsumT",0.9274,0.2872,0.3084,0.2417,0.1474,-0.0446,-0.0707,0.0654,-0.0236,0.0326,0,0,0,0,0,0,0,0,0
"E_Scbltylag",0.2872,0.9882,0.4372,0.1145,-0.0367,-0.295,-0.0862,-0.0453,0.1659,0.1383,0,0,0,0,0,0,0,0,0
"E_EnerLevlag",0.3084,0.4372,0.9618,0.4949,9e-04,-0.2414,-0.4534,-0.1019,0.3703,0.3118,0,0,0,0,0,0,0,0,0
"A_Cmpnlag",0.2417,0.1145,0.4949,0.9956,0.2593,-0.1147,-0.3705,-0.2443,0.179,0.2971,0,0,0,0,0,0,0,0,0
"A_Rspctlag",0.1474,-0.0367,9e-04,0.2593,0.9982,-0.2806,0.0275,-0.062,0.063,0.2704,0,0,0,0,0,0,0,0,0
"N_Deprlag",-0.0446,-0.295,-0.2414,-0.1147,-0.2806,0.9942,0.4298,0.2797,-0.4799,-0.4528,0,0,0,0,0,0,0,0,0
"N_Anxtylag",-0.0707,-0.0862,-0.4534,-0.3705,0.0275,0.4298,0.9947,0.254,-0.4627,-0.4268,0,0,0,0,0,0,0,0,0
"N_EmoVollag",0.0654,-0.0453,-0.1019,-0.2443,-0.062,0.2797,0.254,0.9947,-0.0653,-0.4484,0,0,0,0,0,0,0,0,0
"C_Prdctvlag",-0.0236,0.1659,0.3703,0.179,0.063,-0.4799,-0.4627,-0.0653,0.9842,0.3797,0,0,0,0,0,0,0,0,0
"C_Rspnbllag",0.0326,0.1383,0.3118,0.2971,0.2704,-0.4528,-0.4268,-0.4484,0.3797,0.9767,0,0,0,0,0,0,0,0,0
"E_Scblty",0,0,0,0,0,0,0,0,0,0,0.8538,0,0,0,0,0,0,0,0
"E_EnerLev",0,0,0,0,0,0,0,0,0,0,0,0.5273,0,0,0,0,0,0,0
"A_Cmpn",0,0,0,0,0,0,0,0,0,0,0,0,0.8261,0,0,0,0,0,0
"A_Rspct",0,0,0,0,0,0,0,0,0,0,0,0,0,0.9638,0,0,0,0,0
"N_Depr",0,0,0,0,0,0,0,0,0,0,0,0,0,0,0.7223,0,0,0,0
"N_Anxty",0,0,0,0,0,0,0,0,0,0,0,0,0,0,0,0.6687,0,0,0
"N_EmoVol",0,0,0,0,0,0,0,0,0,0,0,0,0,0,0,0,0.977,0,0
"C_Prdctv",0,0,0,0,0,0,0,0,0,0,0,0,0,0,0,0,0,0.6726,0
"C_Rspnbl",0,0,0,0,0,0,0,0,0,0,0,0,0,0,0,0,0,0,0.6955
