"","cumsumT","E_Scbltylag","E_EnerLevlag","A_Cmpnlag","A_Rspctlag","N_Deprlag","N_Anxtylag","N_EmoVollag","C_Prdctvlag","C_Rspnbllag","E_Scblty","E_EnerLev","A_Cmpn","A_Rspct","N_Depr","N_Anxty","N_EmoVol","C_Prdctv","C_Rspnbl"
"cumsumT",0.9434,-0.1603,-0.286,-0.1344,0.0075,0.2216,0.2615,0.2807,-0.1492,0.1086,0,0,0,0,0,0,0,0,0
"E_Scbltylag",-0.1603,0.9985,0.6254,-0.205,-0.1607,-0.6986,-0.3969,-0.5382,0.7321,0.3157,0,0,0,0,0,0,0,0,0
"E_EnerLevlag",-0.286,0.6254,0.9934,-0.0324,0.1669,-0.7598,-0.649,-0.6833,0.6535,0.4749,0,0,0,0,0,0,0,0,0
"A_Cmpnlag",-0.1344,-0.205,-0.0324,0.9956,0.1428,-0.1074,-0.1675,-0.2017,-0.0604,-0.3014,0,0,0,0,0,0,0,0,0
"A_Rspctlag",0.0075,-0.1607,0.1669,0.1428,0.9988,-0.0609,-0.1239,-0.0716,-0.0953,0.1791,0,0,0,0,0,0,0,0,0
"N_Deprlag",0.2216,-0.6986,-0.7598,-0.1074,-0.0609,0.9949,0.78,0.789,-0.7616,-0.2268,0,0,0,0,0,0,0,0,0
"N_Anxtylag",0.2615,-0.3969,-0.649,-0.1675,-0.1239,0.78,0.9988,0.7477,-0.4543,-0.0309,0,0,0,0,0,0,0,0,0
"N_EmoVollag",0.2807,-0.5382,-0.6833,-0.2017,-0.0716,0.789,0.7477,0.9974,-0.5613,-0.1934,0,0,0,0,0,0,0,0,0
"C_Prdctvlag",-0.1492,0.7321,0.6535,-0.0604,-0.0953,-0.7616,-0.4543,-0.5613,0.9951,0.3952,0,0,0,0,0,0,0,0,0
"C_Rspnbllag",0.1086,0.3157,0.4749,-0.3014,0.1791,-0.2268,-0.0309,-0.1934,0.3952,0.9825,0,0,0,0,0,0,0,0,0
"E_Scblty",0,0,0,0,0,0,0,0,0,0,0.4225,0,0,0,0,0,0,0,0
"E_EnerLev",0,0,0,0,0,0,0,0,0,0,0,0.3122,0,0,0,0,0,0,0
"A_Cmpn",0,0,0,0,0,0,0,0,0,0,0,0,0.9753,0,0,0,0,0,0
"A_Rspct",0,0,0,0,0,0,0,0,0,0,0,0,0,0.8677,0,0,0,0,0
"N_Depr",0,0,0,0,0,0,0,0,0,0,0,0,0,0,0.1506,0,0,0,0
"N_Anxty",0,0,0,0,0,0,0,0,0,0,0,0,0,0,0,0.2955,0,0,0
"N_EmoVol",0,0,0,0,0,0,0,0,0,0,0,0,0,0,0,0,0.3726,0,0
"C_Prdctv",0,0,0,0,0,0,0,0,0,0,0,0,0,0,0,0,0,0.9983,0
"C_Rspnbl",0,0,0,0,0,0,0,0,0,0,0,0,0,0,0,0,0,0,0.8503
