"","cumsumT","E_Scbltylag","E_EnerLevlag","A_Cmpnlag","A_Rspctlag","N_Deprlag","N_Anxtylag","N_EmoVollag","C_Prdctvlag","C_Rspnbllag","E_Scblty","E_EnerLev","A_Cmpn","A_Rspct","N_Depr","N_Anxty","N_EmoVol","C_Prdctv","C_Rspnbl"
"cumsumT",0.9645,0.114,0.0661,0.0542,0.0271,0.2952,0.211,0.1943,-0.0562,-0.0407,0,0,0,0,0,0,0,0,0
"E_Scbltylag",0.114,0.9995,0.2582,0.3509,0.3916,-0.186,0.0749,-0.1589,0.3664,0.2343,0,0,0,0,0,0,0,0,0
"E_EnerLevlag",0.0661,0.2582,0.9999,0.5725,0.4698,-0.4399,-0.2903,-0.1266,0.4119,0.365,0,0,0,0,0,0,0,0,0
"A_Cmpnlag",0.0542,0.3509,0.5725,0.9918,0.5857,-0.2749,-0.0793,-0.0429,0.3103,0.2851,0,0,0,0,0,0,0,0,0
"A_Rspctlag",0.0271,0.3916,0.4698,0.5857,0.9995,-0.2548,-0.1492,-0.217,0.3168,0.3547,0,0,0,0,0,0,0,0,0
"N_Deprlag",0.2952,-0.186,-0.4399,-0.2749,-0.2548,0.9981,0.5038,0.4604,-0.4608,-0.4977,0,0,0,0,0,0,0,0,0
"N_Anxtylag",0.211,0.0749,-0.2903,-0.0793,-0.1492,0.5038,0.999,0.1759,-0.1681,-0.3677,0,0,0,0,0,0,0,0,0
"N_EmoVollag",0.1943,-0.1589,-0.1266,-0.0429,-0.217,0.4604,0.1759,0.9952,-0.3377,-0.2541,0,0,0,0,0,0,0,0,0
"C_Prdctvlag",-0.0562,0.3664,0.4119,0.3103,0.3168,-0.4608,-0.1681,-0.3377,0.9917,0.4832,0,0,0,0,0,0,0,0,0
"C_Rspnbllag",-0.0407,0.2343,0.365,0.2851,0.3547,-0.4977,-0.3677,-0.2541,0.4832,0.958,0,0,0,0,0,0,0,0,0
"E_Scblty",0,0,0,0,0,0,0,0,0,0,0.788,0,0,0,0,0,0,0,0
"E_EnerLev",0,0,0,0,0,0,0,0,0,0,0,0.6531,0,0,0,0,0,0,0
"A_Cmpn",0,0,0,0,0,0,0,0,0,0,0,0,0.6041,0,0,0,0,0,0
"A_Rspct",0,0,0,0,0,0,0,0,0,0,0,0,0,0.814,0,0,0,0,0
"N_Depr",0,0,0,0,0,0,0,0,0,0,0,0,0,0,0.5504,0,0,0,0
"N_Anxty",0,0,0,0,0,0,0,0,0,0,0,0,0,0,0,0.7091,0,0,0
"N_EmoVol",0,0,0,0,0,0,0,0,0,0,0,0,0,0,0,0,0.7469,0,0
"C_Prdctv",0,0,0,0,0,0,0,0,0,0,0,0,0,0,0,0,0,0.7989,0
"C_Rspnbl",0,0,0,0,0,0,0,0,0,0,0,0,0,0,0,0,0,0,0.6922
