"","cumsumT","E_Scbltylag","E_EnerLevlag","A_Cmpnlag","A_Rspctlag","N_Deprlag","N_Anxtylag","N_EmoVollag","C_Prdctvlag","C_Rspnbllag","E_Scblty","E_EnerLev","A_Cmpn","A_Rspct","N_Depr","N_Anxty","N_EmoVol","C_Prdctv","C_Rspnbl"
"cumsumT",1,0.0995,0.3072,-0.0243,-0.0828,-0.2145,-0.3061,-0.2137,0.1349,0.1146,0,0,0,0,0,0,0,0,0
"E_Scbltylag",0.0995,1,0.3944,0.1211,-0.0633,-0.1837,-0.1429,-0.3842,0.327,0.1752,0,0,0,0,0,0,0,0,0
"E_EnerLevlag",0.3072,0.3944,1,0.1547,-0.016,-0.2693,-0.2872,-0.3698,0.2576,0.0538,0,0,0,0,0,0,0,0,0
"A_Cmpnlag",-0.0243,0.1211,0.1547,1,0.3494,-0.1987,-0.3111,-0.166,0.2345,0.1213,0,0,0,0,0,0,0,0,0
"A_Rspctlag",-0.0828,-0.0633,-0.016,0.3494,1,-0.1726,0.0324,0.1639,0.1999,0.0914,0,0,0,0,0,0,0,0,0
"N_Deprlag",-0.2145,-0.1837,-0.2693,-0.1987,-0.1726,1,0.6825,0.3836,-0.2163,-0.1,0,0,0,0,0,0,0,0,0
"N_Anxtylag",-0.3061,-0.1429,-0.2872,-0.3111,0.0324,0.6825,1,0.5014,-0.2503,-0.1785,0,0,0,0,0,0,0,0,0
"N_EmoVollag",-0.2137,-0.3842,-0.3698,-0.166,0.1639,0.3836,0.5014,1,-0.34,-0.2958,0,0,0,0,0,0,0,0,0
"C_Prdctvlag",0.1349,0.327,0.2576,0.2345,0.1999,-0.2163,-0.2503,-0.34,1,0.366,0,0,0,0,0,0,0,0,0
"C_Rspnbllag",0.1146,0.1752,0.0538,0.1213,0.0914,-0.1,-0.1785,-0.2958,0.366,1,0,0,0,0,0,0,0,0,0
"E_Scblty",0,0,0,0,0,0,0,0,0,0,0.7785,0,0,0,0,0,0,0,0
"E_EnerLev",0,0,0,0,0,0,0,0,0,0,0,0.7709,0,0,0,0,0,0,0
"A_Cmpn",0,0,0,0,0,0,0,0,0,0,0,0,0.8313,0,0,0,0,0,0
"A_Rspct",0,0,0,0,0,0,0,0,0,0,0,0,0,0.8574,0,0,0,0,0
"N_Depr",0,0,0,0,0,0,0,0,0,0,0,0,0,0,0.4618,0,0,0,0
"N_Anxty",0,0,0,0,0,0,0,0,0,0,0,0,0,0,0,0.7743,0,0,0
"N_EmoVol",0,0,0,0,0,0,0,0,0,0,0,0,0,0,0,0,0.6451,0,0
"C_Prdctv",0,0,0,0,0,0,0,0,0,0,0,0,0,0,0,0,0,0.7972,0
"C_Rspnbl",0,0,0,0,0,0,0,0,0,0,0,0,0,0,0,0,0,0,0.8986
