"","cumsumT","E_Scbltylag","E_EnerLevlag","A_Cmpnlag","A_Rspctlag","N_Deprlag","N_Anxtylag","N_EmoVollag","C_Prdctvlag","C_Rspnbllag","E_Scblty","E_EnerLev","A_Cmpn","A_Rspct","N_Depr","N_Anxty","N_EmoVol","C_Prdctv","C_Rspnbl"
"cumsumT",0.9731,0.0637,-0.1138,0.1705,-0.0799,-0.0803,-0.1505,-0.0978,-2e-04,-0.0554,0,0,0,0,0,0,0,0,0
"E_Scbltylag",0.0637,0.9999,0.1217,0.0812,-0.1362,-0.0444,-0.1135,-0.0015,0.1351,0.1552,0,0,0,0,0,0,0,0,0
"E_EnerLevlag",-0.1138,0.1217,0.9992,0.1285,0.0726,-0.1323,-0.0173,0.0197,0.0066,-0.0171,0,0,0,0,0,0,0,0,0
"A_Cmpnlag",0.1705,0.0812,0.1285,0.9995,0.0494,-0.0419,-0.0865,0.1065,0.0795,-0.0797,0,0,0,0,0,0,0,0,0
"A_Rspctlag",-0.0799,-0.1362,0.0726,0.0494,1,0.192,-0.2456,-0.2669,0.1572,0.3001,0,0,0,0,0,0,0,0,0
"N_Deprlag",-0.0803,-0.0444,-0.1323,-0.0419,0.192,0.9937,-0.0134,-0.1163,0.0447,0.0785,0,0,0,0,0,0,0,0,0
"N_Anxtylag",-0.1505,-0.1135,-0.0173,-0.0865,-0.2456,-0.0134,0.9996,0.1279,-0.4653,-0.0626,0,0,0,0,0,0,0,0,0
"N_EmoVollag",-0.0978,-0.0015,0.0197,0.1065,-0.2669,-0.1163,0.1279,0.9976,-0.3124,-0.2324,0,0,0,0,0,0,0,0,0
"C_Prdctvlag",-2e-04,0.1351,0.0066,0.0795,0.1572,0.0447,-0.4653,-0.3124,0.9996,0.1071,0,0,0,0,0,0,0,0,0
"C_Rspnbllag",-0.0554,0.1552,-0.0171,-0.0797,0.3001,0.0785,-0.0626,-0.2324,0.1071,0.9996,0,0,0,0,0,0,0,0,0
"E_Scblty",0,0,0,0,0,0,0,0,0,0,0.9535,0,0,0,0,0,0,0,0
"E_EnerLev",0,0,0,0,0,0,0,0,0,0,0,0.9951,0,0,0,0,0,0,0
"A_Cmpn",0,0,0,0,0,0,0,0,0,0,0,0,0.9665,0,0,0,0,0,0
"A_Rspct",0,0,0,0,0,0,0,0,0,0,0,0,0,0.9997,0,0,0,0,0
"N_Depr",0,0,0,0,0,0,0,0,0,0,0,0,0,0,0.9518,0,0,0,0
"N_Anxty",0,0,0,0,0,0,0,0,0,0,0,0,0,0,0,0.9848,0,0,0
"N_EmoVol",0,0,0,0,0,0,0,0,0,0,0,0,0,0,0,0,0.9882,0,0
"C_Prdctv",0,0,0,0,0,0,0,0,0,0,0,0,0,0,0,0,0,0.7261,0
"C_Rspnbl",0,0,0,0,0,0,0,0,0,0,0,0,0,0,0,0,0,0,0.8996
