"","cumsumT","E_Scbltylag","E_EnerLevlag","A_Cmpnlag","A_Rspctlag","N_Deprlag","N_Anxtylag","N_EmoVollag","C_Prdctvlag","C_Rspnbllag","E_Scblty","E_EnerLev","A_Cmpn","A_Rspct","N_Depr","N_Anxty","N_EmoVol","C_Prdctv","C_Rspnbl"
"cumsumT",0.9413,0.0592,-0.0069,0.1663,0.0394,-0.0207,0.2932,0.1263,-0.0904,0.0954,0,0,0,0,0,0,0,0,0
"E_Scbltylag",0.0592,0.9685,0.2478,0.0761,0.1293,-0.1191,-0.1972,-0.2957,-0.1755,0.0158,0,0,0,0,0,0,0,0,0
"E_EnerLevlag",-0.0069,0.2478,0.9999,0.1855,0.0474,-0.1906,0.1094,-0.1674,-0.1834,0.1248,0,0,0,0,0,0,0,0,0
"A_Cmpnlag",0.1663,0.0761,0.1855,0.9421,0.2409,-0.0084,0.1651,-0.1099,0.1574,-0.1109,0,0,0,0,0,0,0,0,0
"A_Rspctlag",0.0394,0.1293,0.0474,0.2409,0.9998,0.0298,0.063,-0.0494,0.2009,0.2443,0,0,0,0,0,0,0,0,0
"N_Deprlag",-0.0207,-0.1191,-0.1906,-0.0084,0.0298,0.9917,0.1672,0.1015,0.1764,-0.2007,0,0,0,0,0,0,0,0,0
"N_Anxtylag",0.2932,-0.1972,0.1094,0.1651,0.063,0.1672,0.981,0.2816,0.2462,-0.0036,0,0,0,0,0,0,0,0,0
"N_EmoVollag",0.1263,-0.2957,-0.1674,-0.1099,-0.0494,0.1015,0.2816,0.9944,0.1384,-0.1575,0,0,0,0,0,0,0,0,0
"C_Prdctvlag",-0.0904,-0.1755,-0.1834,0.1574,0.2009,0.1764,0.2462,0.1384,0.9841,0.2953,0,0,0,0,0,0,0,0,0
"C_Rspnbllag",0.0954,0.0158,0.1248,-0.1109,0.2443,-0.2007,-0.0036,-0.1575,0.2953,0.9928,0,0,0,0,0,0,0,0,0
"E_Scblty",0,0,0,0,0,0,0,0,0,0,0.9441,0,0,0,0,0,0,0,0
"E_EnerLev",0,0,0,0,0,0,0,0,0,0,0,0.9988,0,0,0,0,0,0,0
"A_Cmpn",0,0,0,0,0,0,0,0,0,0,0,0,1.6962,0,0,0,0,0,0
"A_Rspct",0,0,0,0,0,0,0,0,0,0,0,0,0,0.9915,0,0,0,0,0
"N_Depr",0,0,0,0,0,0,0,0,0,0,0,0,0,0,0.898,0,0,0,0
"N_Anxty",0,0,0,0,0,0,0,0,0,0,0,0,0,0,0,0.8669,0,0,0
"N_EmoVol",0,0,0,0,0,0,0,0,0,0,0,0,0,0,0,0,0.6856,0,0
"C_Prdctv",0,0,0,0,0,0,0,0,0,0,0,0,0,0,0,0,0,0.8149,0
"C_Rspnbl",0,0,0,0,0,0,0,0,0,0,0,0,0,0,0,0,0,0,0.8671
