"","cumsumT","E_Scbltylag","E_EnerLevlag","A_Cmpnlag","A_Rspctlag","N_Deprlag","N_Anxtylag","N_EmoVollag","C_Prdctvlag","C_Rspnbllag","E_Scblty","E_EnerLev","A_Cmpn","A_Rspct","N_Depr","N_Anxty","N_EmoVol","C_Prdctv","C_Rspnbl"
"cumsumT",0.9633,0.0561,-0.1064,-0.2219,-0.1068,0.1506,0.187,0.2396,0.0579,0.0203,0,0,0,0,0,0,0,0,0
"E_Scbltylag",0.0561,0.9854,0.3918,0.1931,0.4277,0.2549,-0.0296,-0.397,0.3885,0.3435,0,0,0,0,0,0,0,0,0
"E_EnerLevlag",-0.1064,0.3918,0.9908,0.2218,0.193,-0.3443,-0.6414,-0.6472,0.1946,0.1767,0,0,0,0,0,0,0,0,0
"A_Cmpnlag",-0.2219,0.1931,0.2218,0.996,0.5216,0.2429,-0.2341,-0.2546,0.207,0.0362,0,0,0,0,0,0,0,0,0
"A_Rspctlag",-0.1068,0.4277,0.193,0.5216,0.9896,0.302,-0.061,-0.2867,0.1596,0.1529,0,0,0,0,0,0,0,0,0
"N_Deprlag",0.1506,0.2549,-0.3443,0.2429,0.302,0.9931,0.6189,0.1697,-0.0227,0.0061,0,0,0,0,0,0,0,0,0
"N_Anxtylag",0.187,-0.0296,-0.6414,-0.2341,-0.061,0.6189,0.9985,0.5519,-0.244,-0.1683,0,0,0,0,0,0,0,0,0
"N_EmoVollag",0.2396,-0.397,-0.6472,-0.2546,-0.2867,0.1697,0.5519,0.9969,-0.1178,-0.2105,0,0,0,0,0,0,0,0,0
"C_Prdctvlag",0.0579,0.3885,0.1946,0.207,0.1596,-0.0227,-0.244,-0.1178,0.9998,0.6954,0,0,0,0,0,0,0,0,0
"C_Rspnbllag",0.0203,0.3435,0.1767,0.0362,0.1529,0.0061,-0.1683,-0.2105,0.6954,0.991,0,0,0,0,0,0,0,0,0
"E_Scblty",0,0,0,0,0,0,0,0,0,0,0.6992,0,0,0,0,0,0,0,0
"E_EnerLev",0,0,0,0,0,0,0,0,0,0,0,0.4026,0,0,0,0,0,0,0
"A_Cmpn",0,0,0,0,0,0,0,0,0,0,0,0,0.995,0,0,0,0,0,0
"A_Rspct",0,0,0,0,0,0,0,0,0,0,0,0,0,0.686,0,0,0,0,0
"N_Depr",0,0,0,0,0,0,0,0,0,0,0,0,0,0,0.468,0,0,0,0
"N_Anxty",0,0,0,0,0,0,0,0,0,0,0,0,0,0,0,0.9936,0,0,0
"N_EmoVol",0,0,0,0,0,0,0,0,0,0,0,0,0,0,0,0,0.5823,0,0
"C_Prdctv",0,0,0,0,0,0,0,0,0,0,0,0,0,0,0,0,0,0.5135,0
"C_Rspnbl",0,0,0,0,0,0,0,0,0,0,0,0,0,0,0,0,0,0,0.9341
