"","cumsumT","E_Scbltylag","E_EnerLevlag","A_Cmpnlag","A_Rspctlag","N_Deprlag","N_Anxtylag","N_EmoVollag","C_Prdctvlag","C_Rspnbllag","E_Scblty","E_EnerLev","A_Cmpn","A_Rspct","N_Depr","N_Anxty","N_EmoVol","C_Prdctv","C_Rspnbl"
"cumsumT",1,0.0576,-0.1089,-0.2265,-0.1093,0.154,0.1907,0.2445,0.059,0.0208,0,0,0,0,0,0,0,0,0
"E_Scbltylag",0.0576,1,0.3965,0.1949,0.4331,0.2577,-0.0299,-0.4006,0.3914,0.3476,0,0,0,0,0,0,0,0,0
"E_EnerLevlag",-0.1089,0.3965,1,0.2233,0.1949,-0.3471,-0.6448,-0.6512,0.1955,0.1783,0,0,0,0,0,0,0,0,0
"A_Cmpnlag",-0.2265,0.1949,0.2233,1,0.5254,0.2442,-0.2347,-0.2555,0.2075,0.0364,0,0,0,0,0,0,0,0,0
"A_Rspctlag",-0.1093,0.4331,0.1949,0.5254,1,0.3046,-0.0614,-0.2886,0.1604,0.1544,0,0,0,0,0,0,0,0,0
"N_Deprlag",0.154,0.2577,-0.3471,0.2442,0.3046,1,0.6215,0.1706,-0.0228,0.0061,0,0,0,0,0,0,0,0,0
"N_Anxtylag",0.1907,-0.0299,-0.6448,-0.2347,-0.0614,0.6215,1,0.5531,-0.2442,-0.1692,0,0,0,0,0,0,0,0,0
"N_EmoVollag",0.2445,-0.4006,-0.6512,-0.2555,-0.2886,0.1706,0.5531,1,-0.118,-0.2118,0,0,0,0,0,0,0,0,0
"C_Prdctvlag",0.059,0.3914,0.1955,0.2075,0.1604,-0.0228,-0.2442,-0.118,1,0.6986,0,0,0,0,0,0,0,0,0
"C_Rspnbllag",0.0208,0.3476,0.1783,0.0364,0.1544,0.0061,-0.1692,-0.2118,0.6986,1,0,0,0,0,0,0,0,0,0
"E_Scblty",0,0,0,0,0,0,0,0,0,0,0.733,0,0,0,0,0,0,0,0
"E_EnerLev",0,0,0,0,0,0,0,0,0,0,0,0.4129,0,0,0,0,0,0,0
"A_Cmpn",0,0,0,0,0,0,0,0,0,0,0,0,0.999,0,0,0,0,0,0
"A_Rspct",0,0,0,0,0,0,0,0,0,0,0,0,0,0.6868,0,0,0,0,0
"N_Depr",0,0,0,0,0,0,0,0,0,0,0,0,0,0,0.4143,0,0,0,0
"N_Anxty",0,0,0,0,0,0,0,0,0,0,0,0,0,0,0,0.995,0,0,0
"N_EmoVol",0,0,0,0,0,0,0,0,0,0,0,0,0,0,0,0,0.5909,0,0
"C_Prdctv",0,0,0,0,0,0,0,0,0,0,0,0,0,0,0,0,0,0.522,0
"C_Rspnbl",0,0,0,0,0,0,0,0,0,0,0,0,0,0,0,0,0,0,0.9527
