"","cumsumT","E_Scbltylag","E_EnerLevlag","A_Cmpnlag","A_Rspctlag","N_Deprlag","N_Anxtylag","N_EmoVollag","C_Prdctvlag","C_Rspnbllag","E_Scblty","E_EnerLev","A_Cmpn","A_Rspct","N_Depr","N_Anxty","N_EmoVol","C_Prdctv","C_Rspnbl"
"cumsumT",0.9423,0.1434,-0.0879,-0.2469,-0.1253,0.0648,-0.0044,0.2088,-0.207,0.0127,0,0,0,0,0,0,0,0,0
"E_Scbltylag",0.1434,0.9631,0.5296,0.3106,0.139,-0.2299,-0.2402,-0.0331,0.258,0.347,0,0,0,0,0,0,0,0,0
"E_EnerLevlag",-0.0879,0.5296,0.9768,0.4325,0.1831,-0.3658,-0.1998,-0.1541,0.331,0.2276,0,0,0,0,0,0,0,0,0
"A_Cmpnlag",-0.2469,0.3106,0.4325,0.9711,0.1384,-0.2615,0.0622,-0.187,0.1034,-0.1099,0,0,0,0,0,0,0,0,0
"A_Rspctlag",-0.1253,0.139,0.1831,0.1384,0.9931,-0.2999,-0.0666,-0.1311,0.2657,0.2304,0,0,0,0,0,0,0,0,0
"N_Deprlag",0.0648,-0.2299,-0.3658,-0.2615,-0.2999,0.9976,0.0791,0.3617,-0.1067,-0.355,0,0,0,0,0,0,0,0,0
"N_Anxtylag",-0.0044,-0.2402,-0.1998,0.0622,-0.0666,0.0791,0.9835,0.341,-0.0529,-0.0722,0,0,0,0,0,0,0,0,0
"N_EmoVollag",0.2088,-0.0331,-0.1541,-0.187,-0.1311,0.3617,0.341,0.9962,0.1275,0.0839,0,0,0,0,0,0,0,0,0
"C_Prdctvlag",-0.207,0.258,0.331,0.1034,0.2657,-0.1067,-0.0529,0.1275,0.9658,0.4692,0,0,0,0,0,0,0,0,0
"C_Rspnbllag",0.0127,0.347,0.2276,-0.1099,0.2304,-0.355,-0.0722,0.0839,0.4692,0.9688,0,0,0,0,0,0,0,0,0
"E_Scblty",0,0,0,0,0,0,0,0,0,0,0.8976,0,0,0,0,0,0,0,0
"E_EnerLev",0,0,0,0,0,0,0,0,0,0,0,0.6575,0,0,0,0,0,0,0
"A_Cmpn",0,0,0,0,0,0,0,0,0,0,0,0,0.7745,0,0,0,0,0,0
"A_Rspct",0,0,0,0,0,0,0,0,0,0,0,0,0,0.9677,0,0,0,0,0
"N_Depr",0,0,0,0,0,0,0,0,0,0,0,0,0,0,0.8357,0,0,0,0
"N_Anxty",0,0,0,0,0,0,0,0,0,0,0,0,0,0,0,0.8542,0,0,0
"N_EmoVol",0,0,0,0,0,0,0,0,0,0,0,0,0,0,0,0,0.7678,0,0
"C_Prdctv",0,0,0,0,0,0,0,0,0,0,0,0,0,0,0,0,0,0.7381,0
"C_Rspnbl",0,0,0,0,0,0,0,0,0,0,0,0,0,0,0,0,0,0,0.9372
