"","cumsumT","E_Scbltylag","E_EnerLevlag","A_Cmpnlag","A_Rspctlag","N_Deprlag","N_Anxtylag","N_EmoVollag","C_Prdctvlag","C_Rspnbllag","E_Scblty","E_EnerLev","A_Cmpn","A_Rspct","N_Depr","N_Anxty","N_EmoVol","C_Prdctv","C_Rspnbl"
"cumsumT",0.9593,0.097,0.3389,0.1836,0.1467,0.0281,0.1748,-0.1263,0.2395,0.0326,0,0,0,0,0,0,0,0,0
"E_Scbltylag",0.097,0.9952,0.2549,0.1456,0.4315,-0.178,-0.467,-0.391,0.4094,0.486,0,0,0,0,0,0,0,0,0
"E_EnerLevlag",0.3389,0.2549,0.9541,0.2894,0.3898,-0.2512,0.1722,-0.1305,0.4311,0.4546,0,0,0,0,0,0,0,0,0
"A_Cmpnlag",0.1836,0.1456,0.2894,0.9891,0.4822,-0.0829,-0.2296,-0.1826,-0.0454,0.0664,0,0,0,0,0,0,0,0,0
"A_Rspctlag",0.1467,0.4315,0.3898,0.4822,0.9961,-0.0917,-0.4557,-0.2508,0.4487,0.5215,0,0,0,0,0,0,0,0,0
"N_Deprlag",0.0281,-0.178,-0.2512,-0.0829,-0.0917,0.9667,0.2245,0.5197,-0.4368,-0.3282,0,0,0,0,0,0,0,0,0
"N_Anxtylag",0.1748,-0.467,0.1722,-0.2296,-0.4557,0.2245,0.9998,0.5128,-0.2439,-0.37,0,0,0,0,0,0,0,0,0
"N_EmoVollag",-0.1263,-0.391,-0.1305,-0.1826,-0.2508,0.5197,0.5128,0.9977,-0.3245,-0.4112,0,0,0,0,0,0,0,0,0
"C_Prdctvlag",0.2395,0.4094,0.4311,-0.0454,0.4487,-0.4368,-0.2439,-0.3245,0.9843,0.6301,0,0,0,0,0,0,0,0,0
"C_Rspnbllag",0.0326,0.486,0.4546,0.0664,0.5215,-0.3282,-0.37,-0.4112,0.6301,0.9821,0,0,0,0,0,0,0,0,0
"E_Scblty",0,0,0,0,0,0,0,0,0,0,0.7268,0,0,0,0,0,0,0,0
"E_EnerLev",0,0,0,0,0,0,0,0,0,0,0,0.4291,0,0,0,0,0,0,0
"A_Cmpn",0,0,0,0,0,0,0,0,0,0,0,0,0.9748,0,0,0,0,0,0
"A_Rspct",0,0,0,0,0,0,0,0,0,0,0,0,0,0.3807,0,0,0,0,0
"N_Depr",0,0,0,0,0,0,0,0,0,0,0,0,0,0,0.9565,0,0,0,0
"N_Anxty",0,0,0,0,0,0,0,0,0,0,0,0,0,0,0,0.5315,0,0,0
"N_EmoVol",0,0,0,0,0,0,0,0,0,0,0,0,0,0,0,0,0.6501,0,0
"C_Prdctv",0,0,0,0,0,0,0,0,0,0,0,0,0,0,0,0,0,0.7822,0
"C_Rspnbl",0,0,0,0,0,0,0,0,0,0,0,0,0,0,0,0,0,0,0.5356
