"","cumsumT","E_Scbltylag","E_EnerLevlag","A_Cmpnlag","A_Rspctlag","N_Deprlag","N_Anxtylag","N_EmoVollag","C_Prdctvlag","C_Rspnbllag","E_Scblty","E_EnerLev","A_Cmpn","A_Rspct","N_Depr","N_Anxty","N_EmoVol","C_Prdctv","C_Rspnbl"
"cumsumT",0.9414,0.2537,-0.0723,-0.0421,-0.281,0.0591,-0.2966,-0.1556,0.2657,0.0196,0,0,0,0,0,0,0,0,0
"E_Scbltylag",0.2537,1,0.3476,0.1397,0.0993,-0.4205,-0.3554,-0.2667,0.0718,0.1279,0,0,0,0,0,0,0,0,0
"E_EnerLevlag",-0.0723,0.3476,1,0.1205,0.4314,-0.7476,-0.3446,-0.6493,0.0133,0.209,0,0,0,0,0,0,0,0,0
"A_Cmpnlag",-0.0421,0.1397,0.1205,0.9007,0.1542,-0.3105,-0.2924,-0.1187,-0.0247,0.1398,0,0,0,0,0,0,0,0,0
"A_Rspctlag",-0.281,0.0993,0.4314,0.1542,1,-0.1626,-0.2741,-0.3724,0.1445,0.2283,0,0,0,0,0,0,0,0,0
"N_Deprlag",0.0591,-0.4205,-0.7476,-0.3105,-0.1626,0.9986,0.26,0.6227,0.0328,-0.0249,0,0,0,0,0,0,0,0,0
"N_Anxtylag",-0.2966,-0.3554,-0.3446,-0.2924,-0.2741,0.26,0.9998,0.3651,-0.4307,-0.5234,0,0,0,0,0,0,0,0,0
"N_EmoVollag",-0.1556,-0.2667,-0.6493,-0.1187,-0.3724,0.6227,0.3651,0.9995,-0.0185,0.0265,0,0,0,0,0,0,0,0,0
"C_Prdctvlag",0.2657,0.0718,0.0133,-0.0247,0.1445,0.0328,-0.4307,-0.0185,1,0.4042,0,0,0,0,0,0,0,0,0
"C_Rspnbllag",0.0196,0.1279,0.209,0.1398,0.2283,-0.0249,-0.5234,0.0265,0.4042,0.9958,0,0,0,0,0,0,0,0,0
"E_Scblty",0,0,0,0,0,0,0,0,0,0,0.7643,0,0,0,0,0,0,0,0
"E_EnerLev",0,0,0,0,0,0,0,0,0,0,0,0.7684,0,0,0,0,0,0,0
"A_Cmpn",0,0,0,0,0,0,0,0,0,0,0,0,0.9551,0,0,0,0,0,0
"A_Rspct",0,0,0,0,0,0,0,0,0,0,0,0,0,0.7175,0,0,0,0,0
"N_Depr",0,0,0,0,0,0,0,0,0,0,0,0,0,0,0.4224,0,0,0,0
"N_Anxty",0,0,0,0,0,0,0,0,0,0,0,0,0,0,0,0.5673,0,0,0
"N_EmoVol",0,0,0,0,0,0,0,0,0,0,0,0,0,0,0,0,0.2991,0,0
"C_Prdctv",0,0,0,0,0,0,0,0,0,0,0,0,0,0,0,0,0,8.7209,0
"C_Rspnbl",0,0,0,0,0,0,0,0,0,0,0,0,0,0,0,0,0,0,1.5743
