"","cumsumT","E_Scbltylag","E_EnerLevlag","A_Cmpnlag","A_Rspctlag","N_Deprlag","N_Anxtylag","N_EmoVollag","C_Prdctvlag","C_Rspnbllag","E_Scblty","E_EnerLev","A_Cmpn","A_Rspct","N_Depr","N_Anxty","N_EmoVol","C_Prdctv","C_Rspnbl"
"cumsumT",0.973,-0.0048,0.011,-0.0107,-0.0508,-0.2095,0.012,-0.0844,0.0723,0.0645,0,0,0,0,0,0,0,0,0
"E_Scbltylag",-0.0048,0.9712,0.4165,0.3085,0.1432,-0.2736,-0.2364,-0.0626,0.2568,0.1742,0,0,0,0,0,0,0,0,0
"E_EnerLevlag",0.011,0.4165,0.9941,0.2908,0.1661,-0.2211,-0.3441,-0.2413,0.0986,0.351,0,0,0,0,0,0,0,0,0
"A_Cmpnlag",-0.0107,0.3085,0.2908,0.9866,0.2564,-0.2867,-0.2648,-0.0908,-0.0136,0.1642,0,0,0,0,0,0,0,0,0
"A_Rspctlag",-0.0508,0.1432,0.1661,0.2564,0.9999,-0.1336,-0.2067,-0.1359,0.1328,0.0384,0,0,0,0,0,0,0,0,0
"N_Deprlag",-0.2095,-0.2736,-0.2211,-0.2867,-0.1336,0.9966,0.4518,0.2817,-0.1247,-0.0811,0,0,0,0,0,0,0,0,0
"N_Anxtylag",0.012,-0.2364,-0.3441,-0.2648,-0.2067,0.4518,0.9964,0.2046,-0.0983,-0.1375,0,0,0,0,0,0,0,0,0
"N_EmoVollag",-0.0844,-0.0626,-0.2413,-0.0908,-0.1359,0.2817,0.2046,0.9997,0.043,-0.1459,0,0,0,0,0,0,0,0,0
"C_Prdctvlag",0.0723,0.2568,0.0986,-0.0136,0.1328,-0.1247,-0.0983,0.043,0.9998,0.2825,0,0,0,0,0,0,0,0,0
"C_Rspnbllag",0.0645,0.1742,0.351,0.1642,0.0384,-0.0811,-0.1375,-0.1459,0.2825,0.9973,0,0,0,0,0,0,0,0,0
"E_Scblty",0,0,0,0,0,0,0,0,0,0,0.7909,0,0,0,0,0,0,0,0
"E_EnerLev",0,0,0,0,0,0,0,0,0,0,0,0.8747,0,0,0,0,0,0,0
"A_Cmpn",0,0,0,0,0,0,0,0,0,0,0,0,0.857,0,0,0,0,0,0
"A_Rspct",0,0,0,0,0,0,0,0,0,0,0,0,0,0.904,0,0,0,0,0
"N_Depr",0,0,0,0,0,0,0,0,0,0,0,0,0,0,0.7615,0,0,0,0
"N_Anxty",0,0,0,0,0,0,0,0,0,0,0,0,0,0,0,0.9689,0,0,0
"N_EmoVol",0,0,0,0,0,0,0,0,0,0,0,0,0,0,0,0,0.9097,0,0
"C_Prdctv",0,0,0,0,0,0,0,0,0,0,0,0,0,0,0,0,0,0.8937,0
"C_Rspnbl",0,0,0,0,0,0,0,0,0,0,0,0,0,0,0,0,0,0,0.8249
