"","E_Scbltylag","E_EnerLevlag","A_Cmpnlag","A_Rspctlag","N_Deprlag","N_Anxtylag","N_EmoVollag","C_Prdctvlag","C_Rspnbllag","E_Scblty","E_EnerLev","A_Cmpn","A_Rspct","N_Depr","N_Anxty","N_EmoVol","C_Prdctv","C_Rspnbl"
"E_Scbltylag",1,0.1916,0.103,-0.1589,0.0301,-0.1339,0.1298,0.136,-0.0518,0,0,0,0,0,0,0,0,0
"E_EnerLevlag",0.1916,1,0.0356,3e-04,-0.0298,0.1411,0.2429,0.1372,0.2247,0,0,0,0,0,0,0,0,0
"A_Cmpnlag",0.103,0.0356,1,0.1259,-0.2878,-0.1123,-0.2015,-0.2548,-0.097,0,0,0,0,0,0,0,0,0
"A_Rspctlag",-0.1589,3e-04,0.1259,1,-0.0528,0.2292,-0.3814,0.0212,0.3121,0,0,0,0,0,0,0,0,0
"N_Deprlag",0.0301,-0.0298,-0.2878,-0.0528,1,0.3836,0.3468,-0.1969,-0.0271,0,0,0,0,0,0,0,0,0
"N_Anxtylag",-0.1339,0.1411,-0.1123,0.2292,0.3836,1,0.1374,-0.1799,-0.0132,0,0,0,0,0,0,0,0,0
"N_EmoVollag",0.1298,0.2429,-0.2015,-0.3814,0.3468,0.1374,1,-0.0409,-0.1777,0,0,0,0,0,0,0,0,0
"C_Prdctvlag",0.136,0.1372,-0.2548,0.0212,-0.1969,-0.1799,-0.0409,1,0.0761,0,0,0,0,0,0,0,0,0
"C_Rspnbllag",-0.0518,0.2247,-0.097,0.3121,-0.0271,-0.0132,-0.1777,0.0761,1,0,0,0,0,0,0,0,0,0
"E_Scblty",0,0,0,0,0,0,0,0,0,0.9954,0,0,0,0,0,0,0,0
"E_EnerLev",0,0,0,0,0,0,0,0,0,0,0.9998,0,0,0,0,0,0,0
"A_Cmpn",0,0,0,0,0,0,0,0,0,0,0,0.7453,0,0,0,0,0,0
"A_Rspct",0,0,0,0,0,0,0,0,0,0,0,0,0.8401,0,0,0,0,0
"N_Depr",0,0,0,0,0,0,0,0,0,0,0,0,0,0.7431,0,0,0,0
"N_Anxty",0,0,0,0,0,0,0,0,0,0,0,0,0,0,0.9999,0,0,0
"N_EmoVol",0,0,0,0,0,0,0,0,0,0,0,0,0,0,0,0.683,0,0
"C_Prdctv",0,0,0,0,0,0,0,0,0,0,0,0,0,0,0,0,0.9318,0
"C_Rspnbl",0,0,0,0,0,0,0,0,0,0,0,0,0,0,0,0,0,0.993
