"","cumsumT","E_Scbltylag","E_EnerLevlag","A_Cmpnlag","A_Rspctlag","N_Deprlag","N_Anxtylag","N_EmoVollag","C_Prdctvlag","C_Rspnbllag","E_Scblty","E_EnerLev","A_Cmpn","A_Rspct","N_Depr","N_Anxty","N_EmoVol","C_Prdctv","C_Rspnbl"
"cumsumT",1,0.0262,0.0328,0.1378,0.2351,-0.1279,-0.098,-0.0977,0.1947,0.1605,0,0,0,0,0,0,0,0,0
"E_Scbltylag",0.0262,1,0.3503,0.135,0.2192,-0.3543,-0.328,-0.2404,-0.1889,-0.1536,0,0,0,0,0,0,0,0,0
"E_EnerLevlag",0.0328,0.3503,1,-0.0089,0.1677,-0.0974,-0.204,-0.0102,0.2327,-0.0816,0,0,0,0,0,0,0,0,0
"A_Cmpnlag",0.1378,0.135,-0.0089,1,0.1532,-0.1404,0.0531,-0.2069,0.2999,0.1692,0,0,0,0,0,0,0,0,0
"A_Rspctlag",0.2351,0.2192,0.1677,0.1532,1,-0.2773,-0.0695,-0.1953,-0.0604,-0.0369,0,0,0,0,0,0,0,0,0
"N_Deprlag",-0.1279,-0.3543,-0.0974,-0.1404,-0.2773,1,0.2134,0.3793,-0.0478,-0.1293,0,0,0,0,0,0,0,0,0
"N_Anxtylag",-0.098,-0.328,-0.204,0.0531,-0.0695,0.2134,1,0.0759,0.1262,0.0754,0,0,0,0,0,0,0,0,0
"N_EmoVollag",-0.0977,-0.2404,-0.0102,-0.2069,-0.1953,0.3793,0.0759,1,-0.0853,-0.0785,0,0,0,0,0,0,0,0,0
"C_Prdctvlag",0.1947,-0.1889,0.2327,0.2999,-0.0604,-0.0478,0.1262,-0.0853,1,0.3328,0,0,0,0,0,0,0,0,0
"C_Rspnbllag",0.1605,-0.1536,-0.0816,0.1692,-0.0369,-0.1293,0.0754,-0.0785,0.3328,1,0,0,0,0,0,0,0,0,0
"E_Scblty",0,0,0,0,0,0,0,0,0,0,0.8601,0,0,0,0,0,0,0,0
"E_EnerLev",0,0,0,0,0,0,0,0,0,0,0,0.8027,0,0,0,0,0,0,0
"A_Cmpn",0,0,0,0,0,0,0,0,0,0,0,0,0.9772,0,0,0,0,0,0
"A_Rspct",0,0,0,0,0,0,0,0,0,0,0,0,0,0.8868,0,0,0,0,0
"N_Depr",0,0,0,0,0,0,0,0,0,0,0,0,0,0,0.887,0,0,0,0
"N_Anxty",0,0,0,0,0,0,0,0,0,0,0,0,0,0,0,0.8243,0,0,0
"N_EmoVol",0,0,0,0,0,0,0,0,0,0,0,0,0,0,0,0,0.8828,0,0
"C_Prdctv",0,0,0,0,0,0,0,0,0,0,0,0,0,0,0,0,0,0.6142,0
"C_Rspnbl",0,0,0,0,0,0,0,0,0,0,0,0,0,0,0,0,0,0,0.9212
