"","cumsumT","E_Scbltylag","E_EnerLevlag","A_Cmpnlag","A_Rspctlag","N_Deprlag","N_Anxtylag","N_EmoVollag","C_Prdctvlag","C_Rspnbllag","E_Scblty","E_EnerLev","A_Cmpn","A_Rspct","N_Depr","N_Anxty","N_EmoVol","C_Prdctv","C_Rspnbl"
"cumsumT",0.9517,-0.0575,-0.2035,-0.1293,-0.3064,0.1998,0.0613,0.1484,-0.0473,0.0227,0,0,0,0,0,0,0,0,0
"E_Scbltylag",-0.0575,0.9996,0.5775,-0.0295,0.2304,-0.0158,-0.1434,-0.0563,0.2,0.1966,0,0,0,0,0,0,0,0,0
"E_EnerLevlag",-0.2035,0.5775,0.9992,-0.0214,0.1698,-0.0765,-0.3716,-0.0872,0.3196,0.2569,0,0,0,0,0,0,0,0,0
"A_Cmpnlag",-0.1293,-0.0295,-0.0214,0.9855,0.388,-0.146,0.0214,0.0939,-0.2244,0.106,0,0,0,0,0,0,0,0,0
"A_Rspctlag",-0.3064,0.2304,0.1698,0.388,0.9973,-0.1458,0.074,-0.1416,-0.0677,0.0534,0,0,0,0,0,0,0,0,0
"N_Deprlag",0.1998,-0.0158,-0.0765,-0.146,-0.1458,0.9898,0.2958,0.3846,-0.0367,-0.2569,0,0,0,0,0,0,0,0,0
"N_Anxtylag",0.0613,-0.1434,-0.3716,0.0214,0.074,0.2958,0.9996,0.0871,-0.1134,-0.1838,0,0,0,0,0,0,0,0,0
"N_EmoVollag",0.1484,-0.0563,-0.0872,0.0939,-0.1416,0.3846,0.0871,0.9962,-4e-04,-0.0186,0,0,0,0,0,0,0,0,0
"C_Prdctvlag",-0.0473,0.2,0.3196,-0.2244,-0.0677,-0.0367,-0.1134,-4e-04,0.9888,0.1577,0,0,0,0,0,0,0,0,0
"C_Rspnbllag",0.0227,0.1966,0.2569,0.106,0.0534,-0.2569,-0.1838,-0.0186,0.1577,0.9879,0,0,0,0,0,0,0,0,0
"E_Scblty",0,0,0,0,0,0,0,0,0,0,0.6523,0,0,0,0,0,0,0,0
"E_EnerLev",0,0,0,0,0,0,0,0,0,0,0,0.8885,0,0,0,0,0,0,0
"A_Cmpn",0,0,0,0,0,0,0,0,0,0,0,0,0.9578,0,0,0,0,0,0
"A_Rspct",0,0,0,0,0,0,0,0,0,0,0,0,0,0.5804,0,0,0,0,0
"N_Depr",0,0,0,0,0,0,0,0,0,0,0,0,0,0,0.9885,0,0,0,0
"N_Anxty",0,0,0,0,0,0,0,0,0,0,0,0,0,0,0,0.7365,0,0,0
"N_EmoVol",0,0,0,0,0,0,0,0,0,0,0,0,0,0,0,0,0.813,0,0
"C_Prdctv",0,0,0,0,0,0,0,0,0,0,0,0,0,0,0,0,0,0.6556,0
"C_Rspnbl",0,0,0,0,0,0,0,0,0,0,0,0,0,0,0,0,0,0,0.9938
