"","cumsumT","E_Scbltylag","E_EnerLevlag","A_Cmpnlag","A_Rspctlag","N_Deprlag","N_Anxtylag","N_EmoVollag","C_Prdctvlag","C_Rspnbllag","E_Scblty","E_EnerLev","A_Cmpn","A_Rspct","N_Depr","N_Anxty","N_EmoVol","C_Prdctv","C_Rspnbl"
"cumsumT",1,0.1544,0.27,-0.0051,0.0276,-0.2283,-0.0647,-0.2587,-0.0076,-0.0271,0,0,0,0,0,0,0,0,0
"E_Scbltylag",0.1544,1,0.1782,0.1383,0.0109,-0.1368,0.0013,0.2306,0.1307,0.0101,0,0,0,0,0,0,0,0,0
"E_EnerLevlag",0.27,0.1782,1,0.2828,0.2511,-0.0121,0.0019,-0.2229,0.1159,0.0327,0,0,0,0,0,0,0,0,0
"A_Cmpnlag",-0.0051,0.1383,0.2828,1,0.3131,-0.2219,-0.1017,-0.2802,0.0591,-0.0104,0,0,0,0,0,0,0,0,0
"A_Rspctlag",0.0276,0.0109,0.2511,0.3131,1,-0.0877,-0.257,-0.3204,0.0422,0.2617,0,0,0,0,0,0,0,0,0
"N_Deprlag",-0.2283,-0.1368,-0.0121,-0.2219,-0.0877,1,0.272,0.1223,-0.0663,0.0028,0,0,0,0,0,0,0,0,0
"N_Anxtylag",-0.0647,0.0013,0.0019,-0.1017,-0.257,0.272,1,0.2661,-0.1132,-0.1015,0,0,0,0,0,0,0,0,0
"N_EmoVollag",-0.2587,0.2306,-0.2229,-0.2802,-0.3204,0.1223,0.2661,1,-0.0977,-0.2601,0,0,0,0,0,0,0,0,0
"C_Prdctvlag",-0.0076,0.1307,0.1159,0.0591,0.0422,-0.0663,-0.1132,-0.0977,1,0.2538,0,0,0,0,0,0,0,0,0
"C_Rspnbllag",-0.0271,0.0101,0.0327,-0.0104,0.2617,0.0028,-0.1015,-0.2601,0.2538,1,0,0,0,0,0,0,0,0,0
"E_Scblty",0,0,0,0,0,0,0,0,0,0,0.9815,0,0,0,0,0,0,0,0
"E_EnerLev",0,0,0,0,0,0,0,0,0,0,0,0.7584,0,0,0,0,0,0,0
"A_Cmpn",0,0,0,0,0,0,0,0,0,0,0,0,0.9227,0,0,0,0,0,0
"A_Rspct",0,0,0,0,0,0,0,0,0,0,0,0,0,0.6505,0,0,0,0,0
"N_Depr",0,0,0,0,0,0,0,0,0,0,0,0,0,0,0.757,0,0,0,0
"N_Anxty",0,0,0,0,0,0,0,0,0,0,0,0,0,0,0,0.9278,0,0,0
"N_EmoVol",0,0,0,0,0,0,0,0,0,0,0,0,0,0,0,0,0.9825,0,0
"C_Prdctv",0,0,0,0,0,0,0,0,0,0,0,0,0,0,0,0,0,0.8418,0
"C_Rspnbl",0,0,0,0,0,0,0,0,0,0,0,0,0,0,0,0,0,0,0.9261
