"","cumsumT","E_Scbltylag","E_EnerLevlag","A_Cmpnlag","A_Rspctlag","N_Deprlag","N_Anxtylag","N_EmoVollag","C_Prdctvlag","C_Rspnbllag","E_Scblty","E_EnerLev","A_Cmpn","A_Rspct","N_Depr","N_Anxty","N_EmoVol","C_Prdctv","C_Rspnbl"
"cumsumT",0.9462,0.1985,0.1975,0.0256,0.1127,0.0853,-0.1618,-0.2179,0.346,0.1118,0,0,0,0,0,0,0,0,0
"E_Scbltylag",0.1985,0.9814,0.3143,0.0323,0.2546,-0.3052,-0.1108,-0.2933,0.3775,-0.0582,0,0,0,0,0,0,0,0,0
"E_EnerLevlag",0.1975,0.3143,0.9992,0.2136,0.164,-0.2942,-0.1652,-0.1788,0.2591,0.0531,0,0,0,0,0,0,0,0,0
"A_Cmpnlag",0.0256,0.0323,0.2136,0.9781,0.2258,-0.2128,-0.3578,-0.3191,0.0808,0.3335,0,0,0,0,0,0,0,0,0
"A_Rspctlag",0.1127,0.2546,0.164,0.2258,0.94,-0.3273,-0.1893,-0.2445,0.1221,0.0912,0,0,0,0,0,0,0,0,0
"N_Deprlag",0.0853,-0.3052,-0.2942,-0.2128,-0.3273,0.9905,0.4479,0.4515,-0.0646,-0.1416,0,0,0,0,0,0,0,0,0
"N_Anxtylag",-0.1618,-0.1108,-0.1652,-0.3578,-0.1893,0.4479,0.9205,0.5653,-0.0096,-0.2433,0,0,0,0,0,0,0,0,0
"N_EmoVollag",-0.2179,-0.2933,-0.1788,-0.3191,-0.2445,0.4515,0.5653,0.9869,-0.2641,-0.0516,0,0,0,0,0,0,0,0,0
"C_Prdctvlag",0.346,0.3775,0.2591,0.0808,0.1221,-0.0646,-0.0096,-0.2641,0.9887,0.3348,0,0,0,0,0,0,0,0,0
"C_Rspnbllag",0.1118,-0.0582,0.0531,0.3335,0.0912,-0.1416,-0.2433,-0.0516,0.3348,0.9969,0,0,0,0,0,0,0,0,0
"E_Scblty",0,0,0,0,0,0,0,0,0,0,0.7739,0,0,0,0,0,0,0,0
"E_EnerLev",0,0,0,0,0,0,0,0,0,0,0,0.8899,0,0,0,0,0,0,0
"A_Cmpn",0,0,0,0,0,0,0,0,0,0,0,0,0.8763,0,0,0,0,0,0
"A_Rspct",0,0,0,0,0,0,0,0,0,0,0,0,0,0.8135,0,0,0,0,0
"N_Depr",0,0,0,0,0,0,0,0,0,0,0,0,0,0,0.7562,0,0,0,0
"N_Anxty",0,0,0,0,0,0,0,0,0,0,0,0,0,0,0,0.4993,0,0,0
"N_EmoVol",0,0,0,0,0,0,0,0,0,0,0,0,0,0,0,0,0.7552,0,0
"C_Prdctv",0,0,0,0,0,0,0,0,0,0,0,0,0,0,0,0,0,0.8155,0
"C_Rspnbl",0,0,0,0,0,0,0,0,0,0,0,0,0,0,0,0,0,0,0.8396
