"","cumsumT","E_Scbltylag","E_EnerLevlag","A_Cmpnlag","A_Rspctlag","N_Deprlag","N_Anxtylag","N_EmoVollag","C_Prdctvlag","C_Rspnbllag","E_Scblty","E_EnerLev","A_Cmpn","A_Rspct","N_Depr","N_Anxty","N_EmoVol","C_Prdctv","C_Rspnbl"
"cumsumT",0.9428,-0.2409,-0.0374,-0.0654,0.1164,-0.1506,-0.2344,0.0189,-0.07,0.1497,0,0,0,0,0,0,0,0,0
"E_Scbltylag",-0.2409,0.9245,0.0289,0.2297,-0.046,-0.2394,-0.0376,-0.0926,0.0727,0.0514,0,0,0,0,0,0,0,0,0
"E_EnerLevlag",-0.0374,0.0289,0.8832,-0.1051,-0.0358,-0.2215,-0.015,-0.1866,0.2533,-0.09,0,0,0,0,0,0,0,0,0
"A_Cmpnlag",-0.0654,0.2297,-0.1051,0.9743,0.1732,0.0883,-0.1697,-0.0439,-0.1321,0.0076,0,0,0,0,0,0,0,0,0
"A_Rspctlag",0.1164,-0.046,-0.0358,0.1732,0.8748,-0.193,-0.4313,-0.1104,0.1976,-0.0183,0,0,0,0,0,0,0,0,0
"N_Deprlag",-0.1506,-0.2394,-0.2215,0.0883,-0.193,0.9451,0.1252,0.1583,-0.0656,-0.3022,0,0,0,0,0,0,0,0,0
"N_Anxtylag",-0.2344,-0.0376,-0.015,-0.1697,-0.4313,0.1252,0.8628,0.0686,-0.0968,0.0438,0,0,0,0,0,0,0,0,0
"N_EmoVollag",0.0189,-0.0926,-0.1866,-0.0439,-0.1104,0.1583,0.0686,0.8853,-0.0924,-0.0227,0,0,0,0,0,0,0,0,0
"C_Prdctvlag",-0.07,0.0727,0.2533,-0.1321,0.1976,-0.0656,-0.0968,-0.0924,0.9795,0.0928,0,0,0,0,0,0,0,0,0
"C_Rspnbllag",0.1497,0.0514,-0.09,0.0076,-0.0183,-0.3022,0.0438,-0.0227,0.0928,0.9761,0,0,0,0,0,0,0,0,0
"E_Scblty",0,0,0,0,0,0,0,0,0,0,0.6377,0,0,0,0,0,0,0,0
"E_EnerLev",0,0,0,0,0,0,0,0,0,0,0,0.7533,0,0,0,0,0,0,0
"A_Cmpn",0,0,0,0,0,0,0,0,0,0,0,0,0.669,0,0,0,0,0,0
"A_Rspct",0,0,0,0,0,0,0,0,0,0,0,0,0,0.713,0,0,0,0,0
"N_Depr",0,0,0,0,0,0,0,0,0,0,0,0,0,0,0.8641,0,0,0,0
"N_Anxty",0,0,0,0,0,0,0,0,0,0,0,0,0,0,0,0.5605,0,0,0
"N_EmoVol",0,0,0,0,0,0,0,0,0,0,0,0,0,0,0,0,0.8615,0,0
"C_Prdctv",0,0,0,0,0,0,0,0,0,0,0,0,0,0,0,0,0,0.7313,0
"C_Rspnbl",0,0,0,0,0,0,0,0,0,0,0,0,0,0,0,0,0,0,0.97
