"","cumsumT","E_Scbltylag","E_EnerLevlag","A_Cmpnlag","A_Rspctlag","N_Deprlag","N_Anxtylag","N_EmoVollag","C_Prdctvlag","C_Rspnbllag","E_Scblty","E_EnerLev","A_Cmpn","A_Rspct","N_Depr","N_Anxty","N_EmoVol","C_Prdctv","C_Rspnbl"
"cumsumT",1,0.155,0.0418,-0.1881,0.0962,0.0648,-0.2293,-0.2712,0.0111,0.1924,0,0,0,0,0,0,0,0,0
"E_Scbltylag",0.155,1,0.611,0.2657,0.0705,-0.5218,-0.357,-0.3358,0.4162,0.3652,0,0,0,0,0,0,0,0,0
"E_EnerLevlag",0.0418,0.611,1,0.3788,-0.011,-0.4564,-0.3653,-0.3248,0.5014,0.5303,0,0,0,0,0,0,0,0,0
"A_Cmpnlag",-0.1881,0.2657,0.3788,1,0.199,-0.4021,-0.3723,-0.3491,0.4496,0.3766,0,0,0,0,0,0,0,0,0
"A_Rspctlag",0.0962,0.0705,-0.011,0.199,1,-0.2075,-0.3853,-0.2983,-0.0457,0.2013,0,0,0,0,0,0,0,0,0
"N_Deprlag",0.0648,-0.5218,-0.4564,-0.4021,-0.2075,1,0.6472,0.6504,-0.4022,-0.3049,0,0,0,0,0,0,0,0,0
"N_Anxtylag",-0.2293,-0.357,-0.3653,-0.3723,-0.3853,0.6472,1,0.3865,-0.1648,-0.2981,0,0,0,0,0,0,0,0,0
"N_EmoVollag",-0.2712,-0.3358,-0.3248,-0.3491,-0.2983,0.6504,0.3865,1,-0.4607,-0.4208,0,0,0,0,0,0,0,0,0
"C_Prdctvlag",0.0111,0.4162,0.5014,0.4496,-0.0457,-0.4022,-0.1648,-0.4607,1,0.5821,0,0,0,0,0,0,0,0,0
"C_Rspnbllag",0.1924,0.3652,0.5303,0.3766,0.2013,-0.3049,-0.2981,-0.4208,0.5821,1,0,0,0,0,0,0,0,0,0
"E_Scblty",0,0,0,0,0,0,0,0,0,0,0.9455,0,0,0,0,0,0,0,0
"E_EnerLev",0,0,0,0,0,0,0,0,0,0,0,0.5206,0,0,0,0,0,0,0
"A_Cmpn",0,0,0,0,0,0,0,0,0,0,0,0,0.7918,0,0,0,0,0,0
"A_Rspct",0,0,0,0,0,0,0,0,0,0,0,0,0,0.7379,0,0,0,0,0
"N_Depr",0,0,0,0,0,0,0,0,0,0,0,0,0,0,0.6586,0,0,0,0
"N_Anxty",0,0,0,0,0,0,0,0,0,0,0,0,0,0,0,0.5734,0,0,0
"N_EmoVol",0,0,0,0,0,0,0,0,0,0,0,0,0,0,0,0,0.3812,0,0
"C_Prdctv",0,0,0,0,0,0,0,0,0,0,0,0,0,0,0,0,0,0.16,0
"C_Rspnbl",0,0,0,0,0,0,0,0,0,0,0,0,0,0,0,0,0,0,0.7412
