"","cumsumT","E_Scbltylag","E_EnerLevlag","A_Cmpnlag","A_Rspctlag","N_Deprlag","N_Anxtylag","N_EmoVollag","C_Prdctvlag","C_Rspnbllag","E_Scblty","E_EnerLev","A_Cmpn","A_Rspct","N_Depr","N_Anxty","N_EmoVol","C_Prdctv","C_Rspnbl"
"cumsumT",1,-0.2936,0.0039,0.2267,0.0701,-0.1174,-0.0097,0.2135,-0.1064,0.0657,0,0,0,0,0,0,0,0,0
"E_Scbltylag",-0.2936,1,0.3326,0.2171,0.2561,0.0325,0.0737,-0.0621,0.1873,-0.1093,0,0,0,0,0,0,0,0,0
"E_EnerLevlag",0.0039,0.3326,1,0.2573,0.1299,-0.1215,-0.1784,-0.1345,0.3703,0.082,0,0,0,0,0,0,0,0,0
"A_Cmpnlag",0.2267,0.2171,0.2573,1,0.3106,0.0101,0.0652,-0.2302,-0.1169,0.2635,0,0,0,0,0,0,0,0,0
"A_Rspctlag",0.0701,0.2561,0.1299,0.3106,1,-0.2452,-0.1972,2e-04,0.0399,0.1544,0,0,0,0,0,0,0,0,0
"N_Deprlag",-0.1174,0.0325,-0.1215,0.0101,-0.2452,1,0.3335,0.3851,-0.0678,0.0168,0,0,0,0,0,0,0,0,0
"N_Anxtylag",-0.0097,0.0737,-0.1784,0.0652,-0.1972,0.3335,1,0.1548,-0.1563,-0.1628,0,0,0,0,0,0,0,0,0
"N_EmoVollag",0.2135,-0.0621,-0.1345,-0.2302,2e-04,0.3851,0.1548,1,-0.1716,-0.1418,0,0,0,0,0,0,0,0,0
"C_Prdctvlag",-0.1064,0.1873,0.3703,-0.1169,0.0399,-0.0678,-0.1563,-0.1716,1,0.3661,0,0,0,0,0,0,0,0,0
"C_Rspnbllag",0.0657,-0.1093,0.082,0.2635,0.1544,0.0168,-0.1628,-0.1418,0.3661,1,0,0,0,0,0,0,0,0,0
"E_Scblty",0,0,0,0,0,0,0,0,0,0,0.8551,0,0,0,0,0,0,0,0
"E_EnerLev",0,0,0,0,0,0,0,0,0,0,0,0.5298,0,0,0,0,0,0,0
"A_Cmpn",0,0,0,0,0,0,0,0,0,0,0,0,0.9888,0,0,0,0,0,0
"A_Rspct",0,0,0,0,0,0,0,0,0,0,0,0,0,0.551,0,0,0,0,0
"N_Depr",0,0,0,0,0,0,0,0,0,0,0,0,0,0,0.7246,0,0,0,0
"N_Anxty",0,0,0,0,0,0,0,0,0,0,0,0,0,0,0,0.7708,0,0,0
"N_EmoVol",0,0,0,0,0,0,0,0,0,0,0,0,0,0,0,0,0.7119,0,0
"C_Prdctv",0,0,0,0,0,0,0,0,0,0,0,0,0,0,0,0,0,0.7383,0
"C_Rspnbl",0,0,0,0,0,0,0,0,0,0,0,0,0,0,0,0,0,0,0.8927
