"","cumsumT","E_Scbltylag","E_EnerLevlag","A_Cmpnlag","A_Rspctlag","N_Deprlag","N_Anxtylag","N_EmoVollag","C_Prdctvlag","C_Rspnbllag","E_Scblty","E_EnerLev","A_Cmpn","A_Rspct","N_Depr","N_Anxty","N_EmoVol","C_Prdctv","C_Rspnbl"
"cumsumT",0.9451,-0.0723,-0.0452,-0.2598,-0.4087,0.5972,0.2058,0.3698,-0.3679,-0.2739,0,0,0,0,0,0,0,0,0
"E_Scbltylag",-0.0723,0.8994,0.3781,0.2284,0.0872,-0.2148,-0.2751,-0.1345,0.0493,-0.0627,0,0,0,0,0,0,0,0,0
"E_EnerLevlag",-0.0452,0.3781,0.9695,0.022,0.1898,-0.2459,-0.0629,-0.1356,0.2563,-0.0693,0,0,0,0,0,0,0,0,0
"A_Cmpnlag",-0.2598,0.2284,0.022,0.9997,0.3798,-0.3435,-0.3096,-0.1754,0.017,0.5628,0,0,0,0,0,0,0,0,0
"A_Rspctlag",-0.4087,0.0872,0.1898,0.3798,0.9997,-0.32,-0.1987,-0.1924,0.1719,0.1142,0,0,0,0,0,0,0,0,0
"N_Deprlag",0.5972,-0.2148,-0.2459,-0.3435,-0.32,0.9998,0.4596,0.5077,-0.3811,-0.1007,0,0,0,0,0,0,0,0,0
"N_Anxtylag",0.2058,-0.2751,-0.0629,-0.3096,-0.1987,0.4596,0.9893,0.3998,0.0708,-0.0966,0,0,0,0,0,0,0,0,0
"N_EmoVollag",0.3698,-0.1345,-0.1356,-0.1754,-0.1924,0.5077,0.3998,0.997,-0.2652,0.0706,0,0,0,0,0,0,0,0,0
"C_Prdctvlag",-0.3679,0.0493,0.2563,0.017,0.1719,-0.3811,0.0708,-0.2652,0.9459,0.0999,0,0,0,0,0,0,0,0,0
"C_Rspnbllag",-0.2739,-0.0627,-0.0693,0.5628,0.1142,-0.1007,-0.0966,0.0706,0.0999,0.9999,0,0,0,0,0,0,0,0,0
"E_Scblty",0,0,0,0,0,0,0,0,0,0,0.6688,0,0,0,0,0,0,0,0
"E_EnerLev",0,0,0,0,0,0,0,0,0,0,0,0.9929,0,0,0,0,0,0,0
"A_Cmpn",0,0,0,0,0,0,0,0,0,0,0,0,0.5758,0,0,0,0,0,0
"A_Rspct",0,0,0,0,0,0,0,0,0,0,0,0,0,0.8158,0,0,0,0,0
"N_Depr",0,0,0,0,0,0,0,0,0,0,0,0,0,0,0.6228,0,0,0,0
"N_Anxty",0,0,0,0,0,0,0,0,0,0,0,0,0,0,0,0.5975,0,0,0
"N_EmoVol",0,0,0,0,0,0,0,0,0,0,0,0,0,0,0,0,0.7347,0,0
"C_Prdctv",0,0,0,0,0,0,0,0,0,0,0,0,0,0,0,0,0,0.8848,0
"C_Rspnbl",0,0,0,0,0,0,0,0,0,0,0,0,0,0,0,0,0,0,0.8176
