"","cumsumT","E_Scbltylag","E_EnerLevlag","A_Cmpnlag","A_Rspctlag","N_Deprlag","N_Anxtylag","N_EmoVollag","C_Prdctvlag","C_Rspnbllag","E_Scblty","E_EnerLev","A_Cmpn","A_Rspct","N_Depr","N_Anxty","N_EmoVol","C_Prdctv","C_Rspnbl"
"cumsumT",0.9325,-0.0124,0.1121,-0.0069,-0.0633,-0.0092,-0.0823,0.0644,0.0042,-0.0997,0,0,0,0,0,0,0,0,0
"E_Scbltylag",-0.0124,0.9825,0.4042,0.4725,0.2755,-0.0402,6e-04,-0.0302,-0.0923,-0.1176,0,0,0,0,0,0,0,0,0
"E_EnerLevlag",0.1121,0.4042,1,-0.0488,0.235,-0.0639,-0.0232,-0.2305,0.2362,-0.1612,0,0,0,0,0,0,0,0,0
"A_Cmpnlag",-0.0069,0.4725,-0.0488,0.9947,0.2869,-0.1515,-0.1598,-0.2049,-0.1228,-0.0668,0,0,0,0,0,0,0,0,0
"A_Rspctlag",-0.0633,0.2755,0.235,0.2869,0.9999,-0.4007,-0.1591,-0.3636,0.1167,0.3116,0,0,0,0,0,0,0,0,0
"N_Deprlag",-0.0092,-0.0402,-0.0639,-0.1515,-0.4007,0.9966,0.3279,0.5309,-0.0233,-0.2175,0,0,0,0,0,0,0,0,0
"N_Anxtylag",-0.0823,6e-04,-0.0232,-0.1598,-0.1591,0.3279,0.9878,0.4369,-0.0774,-0.2229,0,0,0,0,0,0,0,0,0
"N_EmoVollag",0.0644,-0.0302,-0.2305,-0.2049,-0.3636,0.5309,0.4369,0.9955,-0.2656,-0.1194,0,0,0,0,0,0,0,0,0
"C_Prdctvlag",0.0042,-0.0923,0.2362,-0.1228,0.1167,-0.0233,-0.0774,-0.2656,0.963,0.137,0,0,0,0,0,0,0,0,0
"C_Rspnbllag",-0.0997,-0.1176,-0.1612,-0.0668,0.3116,-0.2175,-0.2229,-0.1194,0.137,0.9836,0,0,0,0,0,0,0,0,0
"E_Scblty",0,0,0,0,0,0,0,0,0,0,0.7786,0,0,0,0,0,0,0,0
"E_EnerLev",0,0,0,0,0,0,0,0,0,0,0,0.9788,0,0,0,0,0,0,0
"A_Cmpn",0,0,0,0,0,0,0,0,0,0,0,0,0.4904,0,0,0,0,0,0
"A_Rspct",0,0,0,0,0,0,0,0,0,0,0,0,0,0.7234,0,0,0,0,0
"N_Depr",0,0,0,0,0,0,0,0,0,0,0,0,0,0,0.6613,0,0,0,0
"N_Anxty",0,0,0,0,0,0,0,0,0,0,0,0,0,0,0,0.873,0,0,0
"N_EmoVol",0,0,0,0,0,0,0,0,0,0,0,0,0,0,0,0,0.6807,0,0
"C_Prdctv",0,0,0,0,0,0,0,0,0,0,0,0,0,0,0,0,0,0.8654,0
"C_Rspnbl",0,0,0,0,0,0,0,0,0,0,0,0,0,0,0,0,0,0,0.8366
