"","cumsumT","E_Scbltylag","E_EnerLevlag","A_Cmpnlag","A_Rspctlag","N_Deprlag","N_Anxtylag","N_EmoVollag","C_Prdctvlag","C_Rspnbllag","E_Scblty","E_EnerLev","A_Cmpn","A_Rspct","N_Depr","N_Anxty","N_EmoVol","C_Prdctv","C_Rspnbl"
"cumsumT",0.9361,-0.0182,0.2379,0.0038,-0.1872,0.0102,0.0799,-0.0884,0.2836,0.3611,0,0,0,0,0,0,0,0,0
"E_Scbltylag",-0.0182,0.9635,0.4961,0.0671,0.2455,-0.1767,-0.1277,0.0155,0.0918,0.3447,0,0,0,0,0,0,0,0,0
"E_EnerLevlag",0.2379,0.4961,0.9802,0.1511,0.1126,-0.185,-0.1191,-0.007,0.3729,0.4766,0,0,0,0,0,0,0,0,0
"A_Cmpnlag",0.0038,0.0671,0.1511,0.9993,-0.0075,-0.0477,0.0032,-0.3523,0.0623,0.1142,0,0,0,0,0,0,0,0,0
"A_Rspctlag",-0.1872,0.2455,0.1126,-0.0075,0.9989,-0.0854,-0.026,-0.1703,0.1827,0.1634,0,0,0,0,0,0,0,0,0
"N_Deprlag",0.0102,-0.1767,-0.185,-0.0477,-0.0854,0.9782,0.4702,0.162,-0.1579,-0.3726,0,0,0,0,0,0,0,0,0
"N_Anxtylag",0.0799,-0.1277,-0.1191,0.0032,-0.026,0.4702,1,0.1149,-0.0692,-0.1736,0,0,0,0,0,0,0,0,0
"N_EmoVollag",-0.0884,0.0155,-0.007,-0.3523,-0.1703,0.162,0.1149,0.9677,0.1027,-0.1165,0,0,0,0,0,0,0,0,0
"C_Prdctvlag",0.2836,0.0918,0.3729,0.0623,0.1827,-0.1579,-0.0692,0.1027,0.9851,0.4436,0,0,0,0,0,0,0,0,0
"C_Rspnbllag",0.3611,0.3447,0.4766,0.1142,0.1634,-0.3726,-0.1736,-0.1165,0.4436,0.9969,0,0,0,0,0,0,0,0,0
"E_Scblty",0,0,0,0,0,0,0,0,0,0,0.6597,0,0,0,0,0,0,0,0
"E_EnerLev",0,0,0,0,0,0,0,0,0,0,0,0.9844,0,0,0,0,0,0,0
"A_Cmpn",0,0,0,0,0,0,0,0,0,0,0,0,0.6827,0,0,0,0,0,0
"A_Rspct",0,0,0,0,0,0,0,0,0,0,0,0,0,0.9838,0,0,0,0,0
"N_Depr",0,0,0,0,0,0,0,0,0,0,0,0,0,0,0.805,0,0,0,0
"N_Anxty",0,0,0,0,0,0,0,0,0,0,0,0,0,0,0,0.6773,0,0,0
"N_EmoVol",0,0,0,0,0,0,0,0,0,0,0,0,0,0,0,0,0.8538,0,0
"C_Prdctv",0,0,0,0,0,0,0,0,0,0,0,0,0,0,0,0,0,0.693,0
"C_Rspnbl",0,0,0,0,0,0,0,0,0,0,0,0,0,0,0,0,0,0,0.7502
