"","cumsumT","E_Scbltylag","E_EnerLevlag","A_Cmpnlag","A_Rspctlag","N_Deprlag","N_Anxtylag","N_EmoVollag","C_Prdctvlag","C_Rspnbllag","E_Scblty","E_EnerLev","A_Cmpn","A_Rspct","N_Depr","N_Anxty","N_EmoVol","C_Prdctv","C_Rspnbl"
"cumsumT",0.9284,0.1724,0.1414,0.186,0.3446,-0.2836,-0.2441,-0.1443,0.1747,0.3191,0,0,0,0,0,0,0,0,0
"E_Scbltylag",0.1724,0.9981,0.5085,0.088,0.3329,-0.3153,-0.246,-0.0311,0.268,0.4545,0,0,0,0,0,0,0,0,0
"E_EnerLevlag",0.1414,0.5085,0.998,0.1655,0.4997,-0.3736,-0.306,-0.1732,0.362,0.226,0,0,0,0,0,0,0,0,0
"A_Cmpnlag",0.186,0.088,0.1655,0.9943,0.2295,-0.3921,-0.1012,-0.2456,0.1344,0.0341,0,0,0,0,0,0,0,0,0
"A_Rspctlag",0.3446,0.3329,0.4997,0.2295,0.9992,-0.2705,-0.2249,-0.1471,0.2616,0.355,0,0,0,0,0,0,0,0,0
"N_Deprlag",-0.2836,-0.3153,-0.3736,-0.3921,-0.2705,0.9971,0.2793,0.4661,-0.1744,-0.2158,0,0,0,0,0,0,0,0,0
"N_Anxtylag",-0.2441,-0.246,-0.306,-0.1012,-0.2249,0.2793,0.9977,0.299,0.0178,-0.3359,0,0,0,0,0,0,0,0,0
"N_EmoVollag",-0.1443,-0.0311,-0.1732,-0.2456,-0.1471,0.4661,0.299,0.9726,-0.2377,0.0567,0,0,0,0,0,0,0,0,0
"C_Prdctvlag",0.1747,0.268,0.362,0.1344,0.2616,-0.1744,0.0178,-0.2377,0.9671,0.2774,0,0,0,0,0,0,0,0,0
"C_Rspnbllag",0.3191,0.4545,0.226,0.0341,0.355,-0.2158,-0.3359,0.0567,0.2774,0.9955,0,0,0,0,0,0,0,0,0
"E_Scblty",0,0,0,0,0,0,0,0,0,0,0.7882,0,0,0,0,0,0,0,0
"E_EnerLev",0,0,0,0,0,0,0,0,0,0,0,0.5577,0,0,0,0,0,0,0
"A_Cmpn",0,0,0,0,0,0,0,0,0,0,0,0,0.7862,0,0,0,0,0,0
"A_Rspct",0,0,0,0,0,0,0,0,0,0,0,0,0,0.6234,0,0,0,0,0
"N_Depr",0,0,0,0,0,0,0,0,0,0,0,0,0,0,0.7388,0,0,0,0
"N_Anxty",0,0,0,0,0,0,0,0,0,0,0,0,0,0,0,0.7642,0,0,0
"N_EmoVol",0,0,0,0,0,0,0,0,0,0,0,0,0,0,0,0,0.697,0,0
"C_Prdctv",0,0,0,0,0,0,0,0,0,0,0,0,0,0,0,0,0,0.835,0
"C_Rspnbl",0,0,0,0,0,0,0,0,0,0,0,0,0,0,0,0,0,0,0.7743
