"","cumsumT","E_Scbltylag","E_EnerLevlag","A_Cmpnlag","A_Rspctlag","N_Deprlag","N_Anxtylag","N_EmoVollag","C_Prdctvlag","C_Rspnbllag","E_Scblty","E_EnerLev","A_Cmpn","A_Rspct","N_Depr","N_Anxty","N_EmoVol","C_Prdctv","C_Rspnbl"
"cumsumT",0.9388,-0.0109,0.0914,-0.1184,-0.2498,0.1391,-0.048,0.0161,0.0084,-0.0366,0,0,0,0,0,0,0,0,0
"E_Scbltylag",-0.0109,0.9907,0.5276,0.0207,0.2064,-0.557,-0.5507,-0.4329,0.0845,-0.0299,0,0,0,0,0,0,0,0,0
"E_EnerLevlag",0.0914,0.5276,0.999,0.2439,0.4393,-0.7063,-0.5105,-0.477,0.1894,0.2044,0,0,0,0,0,0,0,0,0
"A_Cmpnlag",-0.1184,0.0207,0.2439,0.9727,0.4103,-0.2473,-0.056,-0.3234,0.0593,0.1709,0,0,0,0,0,0,0,0,0
"A_Rspctlag",-0.2498,0.2064,0.4393,0.4103,0.9885,-0.3932,-0.1262,-0.3132,0.0911,0.1584,0,0,0,0,0,0,0,0,0
"N_Deprlag",0.1391,-0.557,-0.7063,-0.2473,-0.3932,1,0.6676,0.6536,-0.436,-0.1806,0,0,0,0,0,0,0,0,0
"N_Anxtylag",-0.048,-0.5507,-0.5105,-0.056,-0.1262,0.6676,0.9998,0.5728,-0.2548,-0.1,0,0,0,0,0,0,0,0,0
"N_EmoVollag",0.0161,-0.4329,-0.477,-0.3234,-0.3132,0.6536,0.5728,0.9849,-0.2183,-0.0757,0,0,0,0,0,0,0,0,0
"C_Prdctvlag",0.0084,0.0845,0.1894,0.0593,0.0911,-0.436,-0.2548,-0.2183,0.999,0.3575,0,0,0,0,0,0,0,0,0
"C_Rspnbllag",-0.0366,-0.0299,0.2044,0.1709,0.1584,-0.1806,-0.1,-0.0757,0.3575,1,0,0,0,0,0,0,0,0,0
"E_Scblty",0,0,0,0,0,0,0,0,0,0,0.9601,0,0,0,0,0,0,0,0
"E_EnerLev",0,0,0,0,0,0,0,0,0,0,0,0.6916,0,0,0,0,0,0,0
"A_Cmpn",0,0,0,0,0,0,0,0,0,0,0,0,0.8278,0,0,0,0,0,0
"A_Rspct",0,0,0,0,0,0,0,0,0,0,0,0,0,0.7719,0,0,0,0,0
"N_Depr",0,0,0,0,0,0,0,0,0,0,0,0,0,0,0.495,0,0,0,0
"N_Anxty",0,0,0,0,0,0,0,0,0,0,0,0,0,0,0,0.524,0,0,0
"N_EmoVol",0,0,0,0,0,0,0,0,0,0,0,0,0,0,0,0,0.5368,0,0
"C_Prdctv",0,0,0,0,0,0,0,0,0,0,0,0,0,0,0,0,0,0.773,0
"C_Rspnbl",0,0,0,0,0,0,0,0,0,0,0,0,0,0,0,0,0,0,0.9736
