"","cumsumT","E_Scbltylag","E_EnerLevlag","A_Cmpnlag","A_Rspctlag","N_Deprlag","N_Anxtylag","N_EmoVollag","C_Prdctvlag","C_Rspnbllag","E_Scblty","E_EnerLev","A_Cmpn","A_Rspct","N_Depr","N_Anxty","N_EmoVol","C_Prdctv","C_Rspnbl"
"cumsumT",0.9494,-3e-04,0.023,0.0832,-0.0743,0.0816,0.2203,0.1377,0.1027,0.2203,0,0,0,0,0,0,0,0,0
"E_Scbltylag",-3e-04,0.9825,0.3901,0.2936,-0.0144,-0.2686,-0.1903,-0.0282,0.2644,0.1453,0,0,0,0,0,0,0,0,0
"E_EnerLevlag",0.023,0.3901,0.9834,0.2279,0.1142,-0.2939,-0.1231,-0.1119,0.5424,0.3239,0,0,0,0,0,0,0,0,0
"A_Cmpnlag",0.0832,0.2936,0.2279,0.9933,0.035,-0.1775,-0.2154,-0.1066,0.1409,0.1721,0,0,0,0,0,0,0,0,0
"A_Rspctlag",-0.0743,-0.0144,0.1142,0.035,0.9996,-0.3897,-0.228,-0.2087,0.286,0.3234,0,0,0,0,0,0,0,0,0
"N_Deprlag",0.0816,-0.2686,-0.2939,-0.1775,-0.3897,0.9914,0.6816,0.4708,-0.2943,-0.3615,0,0,0,0,0,0,0,0,0
"N_Anxtylag",0.2203,-0.1903,-0.1231,-0.2154,-0.228,0.6816,0.9935,0.4693,-0.1596,-0.3116,0,0,0,0,0,0,0,0,0
"N_EmoVollag",0.1377,-0.0282,-0.1119,-0.1066,-0.2087,0.4708,0.4693,0.9722,-0.1586,-0.1933,0,0,0,0,0,0,0,0,0
"C_Prdctvlag",0.1027,0.2644,0.5424,0.1409,0.286,-0.2943,-0.1596,-0.1586,0.9615,0.3866,0,0,0,0,0,0,0,0,0
"C_Rspnbllag",0.2203,0.1453,0.3239,0.1721,0.3234,-0.3615,-0.3116,-0.1933,0.3866,0.9964,0,0,0,0,0,0,0,0,0
"E_Scblty",0,0,0,0,0,0,0,0,0,0,0.8253,0,0,0,0,0,0,0,0
"E_EnerLev",0,0,0,0,0,0,0,0,0,0,0,0.6182,0,0,0,0,0,0,0
"A_Cmpn",0,0,0,0,0,0,0,0,0,0,0,0,0.9755,0,0,0,0,0,0
"A_Rspct",0,0,0,0,0,0,0,0,0,0,0,0,0,0.5882,0,0,0,0,0
"N_Depr",0,0,0,0,0,0,0,0,0,0,0,0,0,0,0.7536,0,0,0,0
"N_Anxty",0,0,0,0,0,0,0,0,0,0,0,0,0,0,0,0.5183,0,0,0
"N_EmoVol",0,0,0,0,0,0,0,0,0,0,0,0,0,0,0,0,0.9797,0,0
"C_Prdctv",0,0,0,0,0,0,0,0,0,0,0,0,0,0,0,0,0,0.955,0
"C_Rspnbl",0,0,0,0,0,0,0,0,0,0,0,0,0,0,0,0,0,0,0.7922
