"","cumsumT","E_Scbltylag","E_EnerLevlag","A_Cmpnlag","A_Rspctlag","N_Deprlag","N_Anxtylag","N_EmoVollag","C_Prdctvlag","C_Rspnbllag","E_Scblty","E_EnerLev","A_Cmpn","A_Rspct","N_Depr","N_Anxty","N_EmoVol","C_Prdctv","C_Rspnbl"
"cumsumT",0.945,-0.0932,0.0391,-0.008,-0.002,0.0758,0.1704,0.0012,0.2099,0.0166,0,0,0,0,0,0,0,0,0
"E_Scbltylag",-0.0932,0.9902,0.2029,0.1619,0.1659,-0.1129,-0.2439,-0.1916,-0.022,0.087,0,0,0,0,0,0,0,0,0
"E_EnerLevlag",0.0391,0.2029,0.9965,0.0322,-0.0353,0.1012,-0.0135,0.0616,0.2052,0.1428,0,0,0,0,0,0,0,0,0
"A_Cmpnlag",-0.008,0.1619,0.0322,0.9979,0.393,0.0787,0.0909,-0.1677,0.0836,0.4133,0,0,0,0,0,0,0,0,0
"A_Rspctlag",-0.002,0.1659,-0.0353,0.393,0.9999,0.0695,0.323,-0.3066,0.0624,0.142,0,0,0,0,0,0,0,0,0
"N_Deprlag",0.0758,-0.1129,0.1012,0.0787,0.0695,0.9833,-0.2408,0.0247,-0.0431,0.0113,0,0,0,0,0,0,0,0,0
"N_Anxtylag",0.1704,-0.2439,-0.0135,0.0909,0.323,-0.2408,0.9972,-0.1175,0.1497,0.0578,0,0,0,0,0,0,0,0,0
"N_EmoVollag",0.0012,-0.1916,0.0616,-0.1677,-0.3066,0.0247,-0.1175,0.9991,-0.2179,0.0347,0,0,0,0,0,0,0,0,0
"C_Prdctvlag",0.2099,-0.022,0.2052,0.0836,0.0624,-0.0431,0.1497,-0.2179,0.996,0.3543,0,0,0,0,0,0,0,0,0
"C_Rspnbllag",0.0166,0.087,0.1428,0.4133,0.142,0.0113,0.0578,0.0347,0.3543,0.9982,0,0,0,0,0,0,0,0,0
"E_Scblty",0,0,0,0,0,0,0,0,0,0,0.9538,0,0,0,0,0,0,0,0
"E_EnerLev",0,0,0,0,0,0,0,0,0,0,0,0.9575,0,0,0,0,0,0,0
"A_Cmpn",0,0,0,0,0,0,0,0,0,0,0,0,0.9967,0,0,0,0,0,0
"A_Rspct",0,0,0,0,0,0,0,0,0,0,0,0,0,0.8303,0,0,0,0,0
"N_Depr",0,0,0,0,0,0,0,0,0,0,0,0,0,0,0.9728,0,0,0,0
"N_Anxty",0,0,0,0,0,0,0,0,0,0,0,0,0,0,0,0.813,0,0,0
"N_EmoVol",0,0,0,0,0,0,0,0,0,0,0,0,0,0,0,0,0.8716,0,0
"C_Prdctv",0,0,0,0,0,0,0,0,0,0,0,0,0,0,0,0,0,0.9983,0
"C_Rspnbl",0,0,0,0,0,0,0,0,0,0,0,0,0,0,0,0,0,0,0.6861
