"","cumsumT","E_Scbltylag","E_EnerLevlag","A_Cmpnlag","A_Rspctlag","N_Deprlag","N_Anxtylag","N_EmoVollag","C_Prdctvlag","C_Rspnbllag","E_Scblty","E_EnerLev","A_Cmpn","A_Rspct","N_Depr","N_Anxty","N_EmoVol","C_Prdctv","C_Rspnbl"
"cumsumT",1,0.0548,0.3706,-0.0966,0.0263,0.0352,-0.2339,0.3032,0.1946,0.0857,0,0,0,0,0,0,0,0,0
"E_Scbltylag",0.0548,1,0.2975,0.1661,0.1908,-0.5782,-0.3628,-0.3911,0.1584,0.4612,0,0,0,0,0,0,0,0,0
"E_EnerLevlag",0.3706,0.2975,1,0.4167,0.4866,-0.3603,-0.4672,-0.0679,-0.0059,0.1429,0,0,0,0,0,0,0,0,0
"A_Cmpnlag",-0.0966,0.1661,0.4167,1,0.518,-0.279,-0.0648,-0.0099,0.3009,0.3003,0,0,0,0,0,0,0,0,0
"A_Rspctlag",0.0263,0.1908,0.4866,0.518,1,-0.0839,0.0527,-0.2736,0.2419,0.2807,0,0,0,0,0,0,0,0,0
"N_Deprlag",0.0352,-0.5782,-0.3603,-0.279,-0.0839,1,0.2079,0.4498,0.0706,-0.3834,0,0,0,0,0,0,0,0,0
"N_Anxtylag",-0.2339,-0.3628,-0.4672,-0.0648,0.0527,0.2079,1,0.0079,0.239,0.2272,0,0,0,0,0,0,0,0,0
"N_EmoVollag",0.3032,-0.3911,-0.0679,-0.0099,-0.2736,0.4498,0.0079,1,0.0137,-0.2429,0,0,0,0,0,0,0,0,0
"C_Prdctvlag",0.1946,0.1584,-0.0059,0.3009,0.2419,0.0706,0.239,0.0137,1,0.6172,0,0,0,0,0,0,0,0,0
"C_Rspnbllag",0.0857,0.4612,0.1429,0.3003,0.2807,-0.3834,0.2272,-0.2429,0.6172,1,0,0,0,0,0,0,0,0,0
"E_Scblty",0,0,0,0,0,0,0,0,0,0,0.2422,0,0,0,0,0,0,0,0
"E_EnerLev",0,0,0,0,0,0,0,0,0,0,0,0.4365,0,0,0,0,0,0,0
"A_Cmpn",0,0,0,0,0,0,0,0,0,0,0,0,0.983,0,0,0,0,0,0
"A_Rspct",0,0,0,0,0,0,0,0,0,0,0,0,0,0.9916,0,0,0,0,0
"N_Depr",0,0,0,0,0,0,0,0,0,0,0,0,0,0,0.5596,0,0,0,0
"N_Anxty",0,0,0,0,0,0,0,0,0,0,0,0,0,0,0,0.5869,0,0,0
"N_EmoVol",0,0,0,0,0,0,0,0,0,0,0,0,0,0,0,0,0.8413,0,0
"C_Prdctv",0,0,0,0,0,0,0,0,0,0,0,0,0,0,0,0,0,0.1409,0
"C_Rspnbl",0,0,0,0,0,0,0,0,0,0,0,0,0,0,0,0,0,0,0.2948
