"","cumsumT","E_Scbltylag","E_EnerLevlag","A_Cmpnlag","A_Rspctlag","N_Deprlag","N_Anxtylag","N_EmoVollag","C_Prdctvlag","C_Rspnbllag","E_Scblty","E_EnerLev","A_Cmpn","A_Rspct","N_Depr","N_Anxty","N_EmoVol","C_Prdctv","C_Rspnbl"
"cumsumT",0.9453,0.1001,-0.0431,0.2873,0.0658,-0.0467,0.0462,0.0851,0.0723,0.2893,0,0,0,0,0,0,0,0,0
"E_Scbltylag",0.1001,0.9963,0.3161,0.0266,0.2399,-0.3715,-0.2929,-0.3501,0.2107,-0.0203,0,0,0,0,0,0,0,0,0
"E_EnerLevlag",-0.0431,0.3161,0.9781,-0.0613,0.0313,-0.3146,-0.2305,-0.1353,0.1278,0,0,0,0,0,0,0,0,0,0
"A_Cmpnlag",0.2873,0.0266,-0.0613,0.9911,0.1897,0.0441,-0.0073,-0.2017,-0.0042,0.346,0,0,0,0,0,0,0,0,0
"A_Rspctlag",0.0658,0.2399,0.0313,0.1897,0.999,-0.1679,-0.3115,-0.0668,0.4425,0.1962,0,0,0,0,0,0,0,0,0
"N_Deprlag",-0.0467,-0.3715,-0.3146,0.0441,-0.1679,0.9775,0.3947,0.2098,-0.2873,-0.1521,0,0,0,0,0,0,0,0,0
"N_Anxtylag",0.0462,-0.2929,-0.2305,-0.0073,-0.3115,0.3947,0.9938,0.0767,-0.2548,-0.1985,0,0,0,0,0,0,0,0,0
"N_EmoVollag",0.0851,-0.3501,-0.1353,-0.2017,-0.0668,0.2098,0.0767,0.9981,-0.0717,0.0586,0,0,0,0,0,0,0,0,0
"C_Prdctvlag",0.0723,0.2107,0.1278,-0.0042,0.4425,-0.2873,-0.2548,-0.0717,0.9909,0.0062,0,0,0,0,0,0,0,0,0
"C_Rspnbllag",0.2893,-0.0203,0,0.346,0.1962,-0.1521,-0.1985,0.0586,0.0062,0.9955,0,0,0,0,0,0,0,0,0
"E_Scblty",0,0,0,0,0,0,0,0,0,0,0.679,0,0,0,0,0,0,0,0
"E_EnerLev",0,0,0,0,0,0,0,0,0,0,0,0.8634,0,0,0,0,0,0,0
"A_Cmpn",0,0,0,0,0,0,0,0,0,0,0,0,0.8984,0,0,0,0,0,0
"A_Rspct",0,0,0,0,0,0,0,0,0,0,0,0,0,0.7876,0,0,0,0,0
"N_Depr",0,0,0,0,0,0,0,0,0,0,0,0,0,0,0.8408,0,0,0,0
"N_Anxty",0,0,0,0,0,0,0,0,0,0,0,0,0,0,0,0.8562,0,0,0
"N_EmoVol",0,0,0,0,0,0,0,0,0,0,0,0,0,0,0,0,0.7339,0,0
"C_Prdctv",0,0,0,0,0,0,0,0,0,0,0,0,0,0,0,0,0,0.9902,0
"C_Rspnbl",0,0,0,0,0,0,0,0,0,0,0,0,0,0,0,0,0,0,0.8577
