"","cumsumT","E_Scbltylag","E_EnerLevlag","A_Cmpnlag","A_Rspctlag","N_Deprlag","N_Anxtylag","N_EmoVollag","C_Prdctvlag","C_Rspnbllag","E_Scblty","E_EnerLev","A_Cmpn","A_Rspct","N_Depr","N_Anxty","N_EmoVol","C_Prdctv","C_Rspnbl"
"cumsumT",0.9267,-0.0929,0.0069,-0.0415,-0.0336,-0.3021,-0.1039,-0.0119,0.2215,-0.0957,0,0,0,0,0,0,0,0,0
"E_Scbltylag",-0.0929,0.9901,0.155,-0.0408,-0.1226,0.1112,0.0479,0.1526,0.1213,-0.1287,0,0,0,0,0,0,0,0,0
"E_EnerLevlag",0.0069,0.155,0.9966,0.1018,-0.1623,9e-04,-0.0362,0.0159,0.468,0.3518,0,0,0,0,0,0,0,0,0
"A_Cmpnlag",-0.0415,-0.0408,0.1018,0.999,0.1107,0.0842,0.1145,-0.079,0.0754,0.4187,0,0,0,0,0,0,0,0,0
"A_Rspctlag",-0.0336,-0.1226,-0.1623,0.1107,0.9962,0.0853,-0.0136,0.0336,-0.0896,0.1954,0,0,0,0,0,0,0,0,0
"N_Deprlag",-0.3021,0.1112,9e-04,0.0842,0.0853,0.9993,0.5293,0.2968,-0.2495,-0.057,0,0,0,0,0,0,0,0,0
"N_Anxtylag",-0.1039,0.0479,-0.0362,0.1145,-0.0136,0.5293,0.9983,0.2634,-0.2419,-0.0532,0,0,0,0,0,0,0,0,0
"N_EmoVollag",-0.0119,0.1526,0.0159,-0.079,0.0336,0.2968,0.2634,0.999,-0.0603,-0.0657,0,0,0,0,0,0,0,0,0
"C_Prdctvlag",0.2215,0.1213,0.468,0.0754,-0.0896,-0.2495,-0.2419,-0.0603,0.993,0.2858,0,0,0,0,0,0,0,0,0
"C_Rspnbllag",-0.0957,-0.1287,0.3518,0.4187,0.1954,-0.057,-0.0532,-0.0657,0.2858,0.9973,0,0,0,0,0,0,0,0,0
"E_Scblty",0,0,0,0,0,0,0,0,0,0,0.9737,0,0,0,0,0,0,0,0
"E_EnerLev",0,0,0,0,0,0,0,0,0,0,0,0.5835,0,0,0,0,0,0,0
"A_Cmpn",0,0,0,0,0,0,0,0,0,0,0,0,0.7081,0,0,0,0,0,0
"A_Rspct",0,0,0,0,0,0,0,0,0,0,0,0,0,0.9947,0,0,0,0,0
"N_Depr",0,0,0,0,0,0,0,0,0,0,0,0,0,0,0.7114,0,0,0,0
"N_Anxty",0,0,0,0,0,0,0,0,0,0,0,0,0,0,0,0.998,0,0,0
"N_EmoVol",0,0,0,0,0,0,0,0,0,0,0,0,0,0,0,0,0.9986,0,0
"C_Prdctv",0,0,0,0,0,0,0,0,0,0,0,0,0,0,0,0,0,0.8552,0
"C_Rspnbl",0,0,0,0,0,0,0,0,0,0,0,0,0,0,0,0,0,0,0.6948
