"","cumsumT","E_Scbltylag","E_EnerLevlag","A_Cmpnlag","A_Rspctlag","N_Deprlag","N_Anxtylag","N_EmoVollag","C_Prdctvlag","C_Rspnbllag","E_Scblty","E_EnerLev","A_Cmpn","A_Rspct","N_Depr","N_Anxty","N_EmoVol","C_Prdctv","C_Rspnbl"
"cumsumT",0.9337,0.0137,-0.1549,0.055,-0.2506,-0.1362,-0.1836,0.0876,0.2904,0.1066,0,0,0,0,0,0,0,0,0
"E_Scbltylag",0.0137,0.9883,0.2973,0.2178,0.0372,0.2219,-0.3901,0.0836,0.1501,0.2817,0,0,0,0,0,0,0,0,0
"E_EnerLevlag",-0.1549,0.2973,0.9501,-0.2785,-0.0459,-0.081,-0.2288,-0.08,0.1075,0.1825,0,0,0,0,0,0,0,0,0
"A_Cmpnlag",0.055,0.2178,-0.2785,0.8835,0.1462,0.2134,-0.0145,-0.0737,-1e-04,0.1441,0,0,0,0,0,0,0,0,0
"A_Rspctlag",-0.2506,0.0372,-0.0459,0.1462,0.995,0.1181,0.1296,-0.2657,0.0696,-0.0315,0,0,0,0,0,0,0,0,0
"N_Deprlag",-0.1362,0.2219,-0.081,0.2134,0.1181,0.9892,0.2691,0.3501,-0.4252,0.1286,0,0,0,0,0,0,0,0,0
"N_Anxtylag",-0.1836,-0.3901,-0.2288,-0.0145,0.1296,0.2691,0.9833,0.2586,-0.4585,-0.3237,0,0,0,0,0,0,0,0,0
"N_EmoVollag",0.0876,0.0836,-0.08,-0.0737,-0.2657,0.3501,0.2586,0.9999,-0.156,0.0544,0,0,0,0,0,0,0,0,0
"C_Prdctvlag",0.2904,0.1501,0.1075,-1e-04,0.0696,-0.4252,-0.4585,-0.156,0.9913,0.5909,0,0,0,0,0,0,0,0,0
"C_Rspnbllag",0.1066,0.2817,0.1825,0.1441,-0.0315,0.1286,-0.3237,0.0544,0.5909,0.9788,0,0,0,0,0,0,0,0,0
"E_Scblty",0,0,0,0,0,0,0,0,0,0,1.1687,0,0,0,0,0,0,0,0
"E_EnerLev",0,0,0,0,0,0,0,0,0,0,0,0.6802,0,0,0,0,0,0,0
"A_Cmpn",0,0,0,0,0,0,0,0,0,0,0,0,0.8635,0,0,0,0,0,0
"A_Rspct",0,0,0,0,0,0,0,0,0,0,0,0,0,0.7487,0,0,0,0,0
"N_Depr",0,0,0,0,0,0,0,0,0,0,0,0,0,0,0.3658,0,0,0,0
"N_Anxty",0,0,0,0,0,0,0,0,0,0,0,0,0,0,0,0.6512,0,0,0
"N_EmoVol",0,0,0,0,0,0,0,0,0,0,0,0,0,0,0,0,0.6508,0,0
"C_Prdctv",0,0,0,0,0,0,0,0,0,0,0,0,0,0,0,0,0,0.0745,0
"C_Rspnbl",0,0,0,0,0,0,0,0,0,0,0,0,0,0,0,0,0,0,0.47
