"","cumsumT","E_Scbltylag","E_EnerLevlag","A_Cmpnlag","A_Rspctlag","N_Deprlag","N_Anxtylag","N_EmoVollag","C_Prdctvlag","C_Rspnbllag","E_Scblty","E_EnerLev","A_Cmpn","A_Rspct","N_Depr","N_Anxty","N_EmoVol","C_Prdctv","C_Rspnbl"
"cumsumT",0.9489,-0.221,-0.2104,-0.1359,-0.0767,0.4404,0.4235,0.2732,-0.1722,-0.2575,0,0,0,0,0,0,0,0,0
"E_Scbltylag",-0.221,0.9988,0.2542,-0.0037,0.0384,-0.3026,-0.1329,-0.0178,0.17,0.224,0,0,0,0,0,0,0,0,0
"E_EnerLevlag",-0.2104,0.2542,0.9786,0.1061,0.141,-0.2881,-0.2907,-0.0793,0.0602,0.1193,0,0,0,0,0,0,0,0,0
"A_Cmpnlag",-0.1359,-0.0037,0.1061,0.9983,-0.0765,-0.1199,-0.0013,-0.0231,0.1406,0.2335,0,0,0,0,0,0,0,0,0
"A_Rspctlag",-0.0767,0.0384,0.141,-0.0765,0.981,-0.005,0.0706,-0.316,-0.0414,-0.0033,0,0,0,0,0,0,0,0,0
"N_Deprlag",0.4404,-0.3026,-0.2881,-0.1199,-0.005,0.9999,0.5316,0.314,0.024,-0.1142,0,0,0,0,0,0,0,0,0
"N_Anxtylag",0.4235,-0.1329,-0.2907,-0.0013,0.0706,0.5316,0.9992,0.1465,0.0277,0.0201,0,0,0,0,0,0,0,0,0
"N_EmoVollag",0.2732,-0.0178,-0.0793,-0.0231,-0.316,0.314,0.1465,0.994,-0.1081,-0.2,0,0,0,0,0,0,0,0,0
"C_Prdctvlag",-0.1722,0.17,0.0602,0.1406,-0.0414,0.024,0.0277,-0.1081,0.9644,0.2814,0,0,0,0,0,0,0,0,0
"C_Rspnbllag",-0.2575,0.224,0.1193,0.2335,-0.0033,-0.1142,0.0201,-0.2,0.2814,0.9992,0,0,0,0,0,0,0,0,0
"E_Scblty",0,0,0,0,0,0,0,0,0,0,0.6775,0,0,0,0,0,0,0,0
"E_EnerLev",0,0,0,0,0,0,0,0,0,0,0,0.8065,0,0,0,0,0,0,0
"A_Cmpn",0,0,0,0,0,0,0,0,0,0,0,0,0.7937,0,0,0,0,0,0
"A_Rspct",0,0,0,0,0,0,0,0,0,0,0,0,0,0.951,0,0,0,0,0
"N_Depr",0,0,0,0,0,0,0,0,0,0,0,0,0,0,0.7822,0,0,0,0
"N_Anxty",0,0,0,0,0,0,0,0,0,0,0,0,0,0,0,0.6155,0,0,0
"N_EmoVol",0,0,0,0,0,0,0,0,0,0,0,0,0,0,0,0,0.8699,0,0
"C_Prdctv",0,0,0,0,0,0,0,0,0,0,0,0,0,0,0,0,0,0.8873,0
"C_Rspnbl",0,0,0,0,0,0,0,0,0,0,0,0,0,0,0,0,0,0,0.8952
