"","cumsumT","E_Scbltylag","E_EnerLevlag","A_Cmpnlag","A_Rspctlag","N_Deprlag","N_Anxtylag","N_EmoVollag","C_Prdctvlag","C_Rspnbllag","E_Scblty","E_EnerLev","A_Cmpn","A_Rspct","N_Depr","N_Anxty","N_EmoVol","C_Prdctv","C_Rspnbl"
"cumsumT",0.9071,-0.0583,0.4522,0.315,0.0621,0.2004,-0.0712,-0.1645,-0.1267,-0.371,0,0,0,0,0,0,0,0,0
"E_Scbltylag",-0.0583,0.756,0.4579,0.3969,0.4698,-0.5415,-0.2807,-0.2041,0.4197,0.5947,0,0,0,0,0,0,0,0,0
"E_EnerLevlag",0.4522,0.4579,0.9999,0.8932,0.5671,-0.3254,-0.2274,-0.1826,0.4681,0.35,0,0,0,0,0,0,0,0,0
"A_Cmpnlag",0.315,0.3969,0.8932,0.9979,0.5661,-0.4229,-0.2442,-0.2113,0.6181,0.3307,0,0,0,0,0,0,0,0,0
"A_Rspctlag",0.0621,0.4698,0.5671,0.5661,0.85,-0.5124,-0.2715,-0.4746,0.5981,0.4761,0,0,0,0,0,0,0,0,0
"N_Deprlag",0.2004,-0.5415,-0.3254,-0.4229,-0.5124,0.9605,0.379,0.4752,-0.5992,-0.3902,0,0,0,0,0,0,0,0,0
"N_Anxtylag",-0.0712,-0.2807,-0.2274,-0.2442,-0.2715,0.379,0.9989,-0.1099,-0.5144,-0.2385,0,0,0,0,0,0,0,0,0
"N_EmoVollag",-0.1645,-0.2041,-0.1826,-0.2113,-0.4746,0.4752,-0.1099,0.8666,-0.2529,-0.1526,0,0,0,0,0,0,0,0,0
"C_Prdctvlag",-0.1267,0.4197,0.4681,0.6181,0.5981,-0.5992,-0.5144,-0.2529,0.9991,0.582,0,0,0,0,0,0,0,0,0
"C_Rspnbllag",-0.371,0.5947,0.35,0.3307,0.4761,-0.3902,-0.2385,-0.1526,0.582,0.9947,0,0,0,0,0,0,0,0,0
"E_Scblty",0,0,0,0,0,0,0,0,0,0,0.5576,0,0,0,0,0,0,0,0
"E_EnerLev",0,0,0,0,0,0,0,0,0,0,0,0.4012,0,0,0,0,0,0,0
"A_Cmpn",0,0,0,0,0,0,0,0,0,0,0,0,0.0988,0,0,0,0,0,0
"A_Rspct",0,0,0,0,0,0,0,0,0,0,0,0,0,0.3534,0,0,0,0,0
"N_Depr",0,0,0,0,0,0,0,0,0,0,0,0,0,0,0.3742,0,0,0,0
"N_Anxty",0,0,0,0,0,0,0,0,0,0,0,0,0,0,0,0.8211,0,0,0
"N_EmoVol",0,0,0,0,0,0,0,0,0,0,0,0,0,0,0,0,0.6444,0,0
"C_Prdctv",0,0,0,0,0,0,0,0,0,0,0,0,0,0,0,0,0,0.5926,0
"C_Rspnbl",0,0,0,0,0,0,0,0,0,0,0,0,0,0,0,0,0,0,0.004
