"","cumsumT","E_Scbltylag","E_EnerLevlag","A_Cmpnlag","A_Rspctlag","N_Deprlag","N_Anxtylag","N_EmoVollag","C_Prdctvlag","C_Rspnbllag","E_Scblty","E_EnerLev","A_Cmpn","A_Rspct","N_Depr","N_Anxty","N_EmoVol","C_Prdctv","C_Rspnbl"
"cumsumT",1,-0.0704,0.4748,0.3311,0.0707,0.2147,-0.0748,-0.1855,-0.1331,-0.3906,0,0,0,0,0,0,0,0,0
"E_Scbltylag",-0.0704,1,0.5266,0.4569,0.5861,-0.6354,-0.3231,-0.2522,0.4829,0.6858,0,0,0,0,0,0,0,0,0
"E_EnerLevlag",0.4748,0.5266,1,0.8941,0.6151,-0.3321,-0.2276,-0.1962,0.4684,0.351,0,0,0,0,0,0,0,0,0
"A_Cmpnlag",0.3311,0.4569,0.8941,1,0.6147,-0.432,-0.2446,-0.2272,0.619,0.3319,0,0,0,0,0,0,0,0,0
"A_Rspctlag",0.0707,0.5861,0.6151,0.6147,1,-0.5671,-0.2946,-0.553,0.649,0.5178,0,0,0,0,0,0,0,0,0
"N_Deprlag",0.2147,-0.6354,-0.3321,-0.432,-0.5671,1,0.3869,0.5208,-0.6117,-0.3991,0,0,0,0,0,0,0,0,0
"N_Anxtylag",-0.0748,-0.3231,-0.2276,-0.2446,-0.2946,0.3869,1,-0.1181,-0.5149,-0.2392,0,0,0,0,0,0,0,0,0
"N_EmoVollag",-0.1855,-0.2522,-0.1962,-0.2272,-0.553,0.5208,-0.1181,1,-0.2718,-0.1644,0,0,0,0,0,0,0,0,0
"C_Prdctvlag",-0.1331,0.4829,0.4684,0.619,0.649,-0.6117,-0.5149,-0.2718,1,0.5838,0,0,0,0,0,0,0,0,0
"C_Rspnbllag",-0.3906,0.6858,0.351,0.3319,0.5178,-0.3991,-0.2392,-0.1644,0.5838,1,0,0,0,0,0,0,0,0,0
"E_Scblty",0,0,0,0,0,0,0,0,0,0,0.5659,0,0,0,0,0,0,0,0
"E_EnerLev",0,0,0,0,0,0,0,0,0,0,0,0.4011,0,0,0,0,0,0,0
"A_Cmpn",0,0,0,0,0,0,0,0,0,0,0,0,0.0853,0,0,0,0,0,0
"A_Rspct",0,0,0,0,0,0,0,0,0,0,0,0,0,0.3266,0,0,0,0,0
"N_Depr",0,0,0,0,0,0,0,0,0,0,0,0,0,0,0.3912,0,0,0,0
"N_Anxty",0,0,0,0,0,0,0,0,0,0,0,0,0,0,0,0.822,0,0,0
"N_EmoVol",0,0,0,0,0,0,0,0,0,0,0,0,0,0,0,0,0.6307,0,0
"C_Prdctv",0,0,0,0,0,0,0,0,0,0,0,0,0,0,0,0,0,0.5938,0
"C_Rspnbl",0,0,0,0,0,0,0,0,0,0,0,0,0,0,0,0,0,0,0.004
