"","cumsumT","A_Cmpnlag","A_Rspctlag","A_Trustlag","C_Orglag","C_Prdctvlag","C_Rspnbllag","E_Assertlag","E_EnerLevlag","E_Scbltylag","N_Anxtylag","N_Deprlag","N_EmoVollag","O_AesSenslag","O_CrtvImaglag","O_IntCurlag","A_Cmpn","A_Rspct","A_Trust","C_Org","C_Prdctv","C_Rspnbl","E_Assert","E_EnerLev","E_Scblty","N_Anxty","N_Depr","N_EmoVol","O_AesSens","O_CrtvImag","O_IntCur"
"cumsumT",0.9536,-0.0089,0.003,-0.0255,0.0902,-0.0544,0.12,-0.0461,0.0258,-0.3475,0.1215,-0.1488,-0.0152,-0.0237,0.1058,-0.278,0,0,0,0,0,0,0,0,0,0,0,0,0,0,0
"A_Cmpnlag",-0.0089,0.9976,0.2393,0.3171,0.1773,-0.0048,0.0247,-0.2257,0.2607,0.0843,-0.3387,-0.1713,-0.3795,-0.0053,0.0795,0.163,0,0,0,0,0,0,0,0,0,0,0,0,0,0,0
"A_Rspctlag",0.003,0.2393,1,0.1427,0.1736,0.0462,0.2124,-0.2621,-0.0081,-0.1754,-0.2116,-0.0772,-0.3271,-0.0319,0.0108,-0.027,0,0,0,0,0,0,0,0,0,0,0,0,0,0,0
"A_Trustlag",-0.0255,0.3171,0.1427,0.9958,0.1869,-0.1646,0.0366,-0.1853,0.2491,0.1874,-0.2308,-0.2901,-0.0922,-0.1038,0.2168,0.0784,0,0,0,0,0,0,0,0,0,0,0,0,0,0,0
"C_Orglag",0.0902,0.1773,0.1736,0.1869,0.994,0.0264,0.2428,-8e-04,0.1925,0.0397,0.0221,-0.0513,-0.0749,-0.2406,0.1748,0.0519,0,0,0,0,0,0,0,0,0,0,0,0,0,0,0
"C_Prdctvlag",-0.0544,-0.0048,0.0462,-0.1646,0.0264,0.9796,0.3626,0.0071,-0.1435,0.0747,0.1765,0.0981,0.0629,-0.0101,0.0144,-0.0683,0,0,0,0,0,0,0,0,0,0,0,0,0,0,0
"C_Rspnbllag",0.12,0.0247,0.2124,0.0366,0.2428,0.3626,0.9725,-0.0341,0.0055,0.0763,-0.1131,-0.0302,0.0585,-0.2033,0.0941,-0.0734,0,0,0,0,0,0,0,0,0,0,0,0,0,0,0
"E_Assertlag",-0.0461,-0.2257,-0.2621,-0.1853,-8e-04,0.0071,-0.0341,0.978,0.3223,0.2172,-0.0188,0.1097,-0.1011,0.0064,-0.0781,-0.0589,0,0,0,0,0,0,0,0,0,0,0,0,0,0,0
"E_EnerLevlag",0.0258,0.2607,-0.0081,0.2491,0.1925,-0.1435,0.0055,0.3223,0.9924,0.3901,-0.0623,-0.1051,-0.0436,-0.2215,0.2195,0.0944,0,0,0,0,0,0,0,0,0,0,0,0,0,0,0
"E_Scbltylag",-0.3475,0.0843,-0.1754,0.1874,0.0397,0.0747,0.0763,0.2172,0.3901,0.9823,-0.1486,-0.1056,0.1561,-0.1166,0.0957,0.2162,0,0,0,0,0,0,0,0,0,0,0,0,0,0,0
"N_Anxtylag",0.1215,-0.3387,-0.2116,-0.2308,0.0221,0.1765,-0.1131,-0.0188,-0.0623,-0.1486,0.9828,0.3707,0.497,-0.0347,-0.063,-0.0631,0,0,0,0,0,0,0,0,0,0,0,0,0,0,0
"N_Deprlag",-0.1488,-0.1713,-0.0772,-0.2901,-0.0513,0.0981,-0.0302,0.1097,-0.1051,-0.1056,0.3707,0.9952,0.2953,0.0219,0.1239,-0.2466,0,0,0,0,0,0,0,0,0,0,0,0,0,0,0
"N_EmoVollag",-0.0152,-0.3795,-0.3271,-0.0922,-0.0749,0.0629,0.0585,-0.1011,-0.0436,0.1561,0.497,0.2953,1,-0.1686,0.1477,0.0696,0,0,0,0,0,0,0,0,0,0,0,0,0,0,0
"O_AesSenslag",-0.0237,-0.0053,-0.0319,-0.1038,-0.2406,-0.0101,-0.2033,0.0064,-0.2215,-0.1166,-0.0347,0.0219,-0.1686,0.9962,-0.2215,0.0519,0,0,0,0,0,0,0,0,0,0,0,0,0,0,0
"O_CrtvImaglag",0.1058,0.0795,0.0108,0.2168,0.1748,0.0144,0.0941,-0.0781,0.2195,0.0957,-0.063,0.1239,0.1477,-0.2215,0.9712,0.0793,0,0,0,0,0,0,0,0,0,0,0,0,0,0,0
"O_IntCurlag",-0.278,0.163,-0.027,0.0784,0.0519,-0.0683,-0.0734,-0.0589,0.0944,0.2162,-0.0631,-0.2466,0.0696,0.0519,0.0793,1,0,0,0,0,0,0,0,0,0,0,0,0,0,0,0
"A_Cmpn",0,0,0,0,0,0,0,0,0,0,0,0,0,0,0,0,0.983,0,0,0,0,0,0,0,0,0,0,0,0,0,0
"A_Rspct",0,0,0,0,0,0,0,0,0,0,0,0,0,0,0,0,0,0.7228,0,0,0,0,0,0,0,0,0,0,0,0,0
"A_Trust",0,0,0,0,0,0,0,0,0,0,0,0,0,0,0,0,0,0,0.885,0,0,0,0,0,0,0,0,0,0,0,0
"C_Org",0,0,0,0,0,0,0,0,0,0,0,0,0,0,0,0,0,0,0,0.7043,0,0,0,0,0,0,0,0,0,0,0
"C_Prdctv",0,0,0,0,0,0,0,0,0,0,0,0,0,0,0,0,0,0,0,0,0.9764,0,0,0,0,0,0,0,0,0,0
"C_Rspnbl",0,0,0,0,0,0,0,0,0,0,0,0,0,0,0,0,0,0,0,0,0,0.8703,0,0,0,0,0,0,0,0,0
"E_Assert",0,0,0,0,0,0,0,0,0,0,0,0,0,0,0,0,0,0,0,0,0,0,0.9935,0,0,0,0,0,0,0,0
"E_EnerLev",0,0,0,0,0,0,0,0,0,0,0,0,0,0,0,0,0,0,0,0,0,0,0,0.7766,0,0,0,0,0,0,0
"E_Scblty",0,0,0,0,0,0,0,0,0,0,0,0,0,0,0,0,0,0,0,0,0,0,0,0,0.7312,0,0,0,0,0,0
"N_Anxty",0,0,0,0,0,0,0,0,0,0,0,0,0,0,0,0,0,0,0,0,0,0,0,0,0,0.647,0,0,0,0,0
"N_Depr",0,0,0,0,0,0,0,0,0,0,0,0,0,0,0,0,0,0,0,0,0,0,0,0,0,0,0.6804,0,0,0,0
"N_EmoVol",0,0,0,0,0,0,0,0,0,0,0,0,0,0,0,0,0,0,0,0,0,0,0,0,0,0,0,0.6691,0,0,0
"O_AesSens",0,0,0,0,0,0,0,0,0,0,0,0,0,0,0,0,0,0,0,0,0,0,0,0,0,0,0,0,0.8449,0,0
"O_CrtvImag",0,0,0,0,0,0,0,0,0,0,0,0,0,0,0,0,0,0,0,0,0,0,0,0,0,0,0,0,0,0.8508,0
"O_IntCur",0,0,0,0,0,0,0,0,0,0,0,0,0,0,0,0,0,0,0,0,0,0,0,0,0,0,0,0,0,0,0.8418
