"","cumsumT","A_Cmpnlag","A_Rspctlag","A_Trustlag","C_Orglag","C_Prdctvlag","C_Rspnbllag","E_Assertlag","E_EnerLevlag","E_Scbltylag","N_Anxtylag","N_Deprlag","N_EmoVollag","O_AesSenslag","O_CrtvImaglag","O_IntCurlag","A_Cmpn","A_Rspct","A_Trust","C_Org","C_Prdctv","C_Rspnbl","E_Assert","E_EnerLev","E_Scblty","N_Anxty","N_Depr","N_EmoVol","O_AesSens","O_CrtvImag","O_IntCur"
"cumsumT",0.9586,-0.1391,-0.1605,-0.1474,0.0243,-0.2507,-0.1635,-0.1502,-0.0771,-0.0736,0.0614,0.0513,0.1901,0.063,-0.1097,-0.1089,0,0,0,0,0,0,0,0,0,0,0,0,0,0,0
"A_Cmpnlag",-0.1391,0.9991,0.467,0.2985,0.0548,0.1848,0.3031,0.1694,0.3141,0.2517,-0.258,-0.3199,-0.1614,-0.0293,0.2572,0.1647,0,0,0,0,0,0,0,0,0,0,0,0,0,0,0
"A_Rspctlag",-0.1605,0.467,0.9999,0.3383,0.1508,0.1784,0.2566,0.0912,0.4816,0.355,-0.2845,-0.4042,-0.2027,0.009,0.0146,0.1962,0,0,0,0,0,0,0,0,0,0,0,0,0,0,0
"A_Trustlag",-0.1474,0.2985,0.3383,0.9938,0.0434,0.1953,0.1987,0.1278,0.1744,0.2201,-0.3588,-0.4359,-0.3554,0.2309,0.1642,0.244,0,0,0,0,0,0,0,0,0,0,0,0,0,0,0
"C_Orglag",0.0243,0.0548,0.1508,0.0434,0.9922,0.2791,0.2894,0.0941,0.1934,0.2401,-0.3509,-0.2211,-0.1744,0.0359,0.1519,0.1111,0,0,0,0,0,0,0,0,0,0,0,0,0,0,0
"C_Prdctvlag",-0.2507,0.1848,0.1784,0.1953,0.2791,0.9999,0.3089,0.2033,0.3608,0.2435,-0.2865,-0.4409,-0.3005,0.0355,0.2789,0.0621,0,0,0,0,0,0,0,0,0,0,0,0,0,0,0
"C_Rspnbllag",-0.1635,0.3031,0.2566,0.1987,0.2894,0.3089,0.989,0.1488,0.3502,0.2056,-0.387,-0.3794,-0.3685,0.0413,0.1314,0.0766,0,0,0,0,0,0,0,0,0,0,0,0,0,0,0
"E_Assertlag",-0.1502,0.1694,0.0912,0.1278,0.0941,0.2033,0.1488,0.9944,0.1778,0.2725,-0.2907,-0.1702,-0.1894,0.121,0.1382,0.1149,0,0,0,0,0,0,0,0,0,0,0,0,0,0,0
"E_EnerLevlag",-0.0771,0.3141,0.4816,0.1744,0.1934,0.3608,0.3502,0.1778,0.999,0.3243,-0.2644,-0.403,-0.1179,0.1278,0.352,0.234,0,0,0,0,0,0,0,0,0,0,0,0,0,0,0
"E_Scbltylag",-0.0736,0.2517,0.355,0.2201,0.2401,0.2435,0.2056,0.2725,0.3243,0.9966,-0.3593,-0.2816,-0.2589,0.0924,0.2449,0.3512,0,0,0,0,0,0,0,0,0,0,0,0,0,0,0
"N_Anxtylag",0.0614,-0.258,-0.2845,-0.3588,-0.3509,-0.2865,-0.387,-0.2907,-0.2644,-0.3593,0.9802,0.7128,0.6844,-0.0215,-0.1923,-0.2356,0,0,0,0,0,0,0,0,0,0,0,0,0,0,0
"N_Deprlag",0.0513,-0.3199,-0.4042,-0.4359,-0.2211,-0.4409,-0.3794,-0.1702,-0.403,-0.2816,0.7128,0.9945,0.7137,0.0164,-0.2001,-0.1974,0,0,0,0,0,0,0,0,0,0,0,0,0,0,0
"N_EmoVollag",0.1901,-0.1614,-0.2027,-0.3554,-0.1744,-0.3005,-0.3685,-0.1894,-0.1179,-0.2589,0.6844,0.7137,0.9957,0.0679,-0.0503,-0.0943,0,0,0,0,0,0,0,0,0,0,0,0,0,0,0
"O_AesSenslag",0.063,-0.0293,0.009,0.2309,0.0359,0.0355,0.0413,0.121,0.1278,0.0924,-0.0215,0.0164,0.0679,0.9985,-0.0754,0.1653,0,0,0,0,0,0,0,0,0,0,0,0,0,0,0
"O_CrtvImaglag",-0.1097,0.2572,0.0146,0.1642,0.1519,0.2789,0.1314,0.1382,0.352,0.2449,-0.1923,-0.2001,-0.0503,-0.0754,0.9979,0.2845,0,0,0,0,0,0,0,0,0,0,0,0,0,0,0
"O_IntCurlag",-0.1089,0.1647,0.1962,0.244,0.1111,0.0621,0.0766,0.1149,0.234,0.3512,-0.2356,-0.1974,-0.0943,0.1653,0.2845,0.9314,0,0,0,0,0,0,0,0,0,0,0,0,0,0,0
"A_Cmpn",0,0,0,0,0,0,0,0,0,0,0,0,0,0,0,0,0.7894,0,0,0,0,0,0,0,0,0,0,0,0,0,0
"A_Rspct",0,0,0,0,0,0,0,0,0,0,0,0,0,0,0,0,0,0.7784,0,0,0,0,0,0,0,0,0,0,0,0,0
"A_Trust",0,0,0,0,0,0,0,0,0,0,0,0,0,0,0,0,0,0,0.5731,0,0,0,0,0,0,0,0,0,0,0,0
"C_Org",0,0,0,0,0,0,0,0,0,0,0,0,0,0,0,0,0,0,0,0.7793,0,0,0,0,0,0,0,0,0,0,0
"C_Prdctv",0,0,0,0,0,0,0,0,0,0,0,0,0,0,0,0,0,0,0,0,0.7321,0,0,0,0,0,0,0,0,0,0
"C_Rspnbl",0,0,0,0,0,0,0,0,0,0,0,0,0,0,0,0,0,0,0,0,0,0.7912,0,0,0,0,0,0,0,0,0
"E_Assert",0,0,0,0,0,0,0,0,0,0,0,0,0,0,0,0,0,0,0,0,0,0,0.8788,0,0,0,0,0,0,0,0
"E_EnerLev",0,0,0,0,0,0,0,0,0,0,0,0,0,0,0,0,0,0,0,0,0,0,0,0.775,0,0,0,0,0,0,0
"E_Scblty",0,0,0,0,0,0,0,0,0,0,0,0,0,0,0,0,0,0,0,0,0,0,0,0,0.8341,0,0,0,0,0,0
"N_Anxty",0,0,0,0,0,0,0,0,0,0,0,0,0,0,0,0,0,0,0,0,0,0,0,0,0,0.4576,0,0,0,0,0
"N_Depr",0,0,0,0,0,0,0,0,0,0,0,0,0,0,0,0,0,0,0,0,0,0,0,0,0,0,0.6196,0,0,0,0
"N_EmoVol",0,0,0,0,0,0,0,0,0,0,0,0,0,0,0,0,0,0,0,0,0,0,0,0,0,0,0,0.4202,0,0,0
"O_AesSens",0,0,0,0,0,0,0,0,0,0,0,0,0,0,0,0,0,0,0,0,0,0,0,0,0,0,0,0,0.9218,0,0
"O_CrtvImag",0,0,0,0,0,0,0,0,0,0,0,0,0,0,0,0,0,0,0,0,0,0,0,0,0,0,0,0,0,1.4189,0
"O_IntCur",0,0,0,0,0,0,0,0,0,0,0,0,0,0,0,0,0,0,0,0,0,0,0,0,0,0,0,0,0,0,0.7687
