"","cumsumT","A_Cmpnlag","A_Rspctlag","A_Trustlag","C_Orglag","C_Prdctvlag","C_Rspnbllag","E_Assertlag","E_EnerLevlag","E_Scbltylag","N_Anxtylag","N_Deprlag","N_EmoVollag","O_AesSenslag","O_CrtvImaglag","O_IntCurlag","A_Cmpn","A_Rspct","A_Trust","C_Org","C_Prdctv","C_Rspnbl","E_Assert","E_EnerLev","E_Scblty","N_Anxty","N_Depr","N_EmoVol","O_AesSens","O_CrtvImag","O_IntCur"
"cumsumT",0.9544,0.161,0.1203,-0.0293,0.0167,-0.1464,-0.069,0.0834,0.1471,0.0721,0.476,-0.0407,0.1616,0.0068,0.0353,0.1051,0,0,0,0,0,0,0,0,0,0,0,0,0,0,0
"A_Cmpnlag",0.161,0.9993,0.1656,0.1073,0.0869,-0.0241,0.1064,0.0996,0.2518,0.1826,-0.0775,0.026,-0.1079,0.0549,0.2678,0.2296,0,0,0,0,0,0,0,0,0,0,0,0,0,0,0
"A_Rspctlag",0.1203,0.1656,0.9993,0.1251,0.1307,0.1175,0.212,0.1988,0.2118,0.1268,-0.0718,0.023,-0.3209,-0.167,0.1604,0.2226,0,0,0,0,0,0,0,0,0,0,0,0,0,0,0
"A_Trustlag",-0.0293,0.1073,0.1251,0.902,0.133,0.0144,0.374,0.1374,0.2732,0.2293,-0.029,-0.2572,-0.34,0.0566,0.3259,-0.0231,0,0,0,0,0,0,0,0,0,0,0,0,0,0,0
"C_Orglag",0.0167,0.0869,0.1307,0.133,0.995,0.1981,0.2845,0.236,0.1455,0.1044,-0.0492,-0.0674,-0.3035,0.1373,0.1833,0.1194,0,0,0,0,0,0,0,0,0,0,0,0,0,0,0
"C_Prdctvlag",-0.1464,-0.0241,0.1175,0.0144,0.1981,0.9844,0.305,0.1416,0.2719,0.1094,-0.1541,-0.0745,-0.1822,-0.0681,0.2212,-0.0101,0,0,0,0,0,0,0,0,0,0,0,0,0,0,0
"C_Rspnbllag",-0.069,0.1064,0.212,0.374,0.2845,0.305,0.9873,0.1017,0.3011,0.35,-0.06,-0.0904,-0.3001,-0.0786,0.242,0.1242,0,0,0,0,0,0,0,0,0,0,0,0,0,0,0
"E_Assertlag",0.0834,0.0996,0.1988,0.1374,0.236,0.1416,0.1017,0.9974,0.1987,0.1599,-0.3203,-0.0425,-0.0176,0.1092,0.2497,0.3921,0,0,0,0,0,0,0,0,0,0,0,0,0,0,0
"E_EnerLevlag",0.1471,0.2518,0.2118,0.2732,0.1455,0.2719,0.3011,0.1987,0.9845,0.3056,-0.0653,-0.1448,-0.2606,0.0269,0.3553,0.3008,0,0,0,0,0,0,0,0,0,0,0,0,0,0,0
"E_Scbltylag",0.0721,0.1826,0.1268,0.2293,0.1044,0.1094,0.35,0.1599,0.3056,0.9947,-0.1819,-0.0439,0.1241,-0.002,0.1825,0.2413,0,0,0,0,0,0,0,0,0,0,0,0,0,0,0
"N_Anxtylag",0.476,-0.0775,-0.0718,-0.029,-0.0492,-0.1541,-0.06,-0.3203,-0.0653,-0.1819,0.9986,0.1194,0.1106,0.0486,-0.1037,-0.2252,0,0,0,0,0,0,0,0,0,0,0,0,0,0,0
"N_Deprlag",-0.0407,0.026,0.023,-0.2572,-0.0674,-0.0745,-0.0904,-0.0425,-0.1448,-0.0439,0.1194,0.9754,0.1448,0.0034,-0.2539,-0.1972,0,0,0,0,0,0,0,0,0,0,0,0,0,0,0
"N_EmoVollag",0.1616,-0.1079,-0.3209,-0.34,-0.3035,-0.1822,-0.3001,-0.0176,-0.2606,0.1241,0.1106,0.1448,0.9837,0.131,-0.3646,0.1008,0,0,0,0,0,0,0,0,0,0,0,0,0,0,0
"O_AesSenslag",0.0068,0.0549,-0.167,0.0566,0.1373,-0.0681,-0.0786,0.1092,0.0269,-0.002,0.0486,0.0034,0.131,0.9902,-0.005,0.2763,0,0,0,0,0,0,0,0,0,0,0,0,0,0,0
"O_CrtvImaglag",0.0353,0.2678,0.1604,0.3259,0.1833,0.2212,0.242,0.2497,0.3553,0.1825,-0.1037,-0.2539,-0.3646,-0.005,0.9929,0.1878,0,0,0,0,0,0,0,0,0,0,0,0,0,0,0
"O_IntCurlag",0.1051,0.2296,0.2226,-0.0231,0.1194,-0.0101,0.1242,0.3921,0.3008,0.2413,-0.2252,-0.1972,0.1008,0.2763,0.1878,0.9864,0,0,0,0,0,0,0,0,0,0,0,0,0,0,0
"A_Cmpn",0,0,0,0,0,0,0,0,0,0,0,0,0,0,0,0,0.6774,0,0,0,0,0,0,0,0,0,0,0,0,0,0
"A_Rspct",0,0,0,0,0,0,0,0,0,0,0,0,0,0,0,0,0,0.8057,0,0,0,0,0,0,0,0,0,0,0,0,0
"A_Trust",0,0,0,0,0,0,0,0,0,0,0,0,0,0,0,0,0,0,1.1671,0,0,0,0,0,0,0,0,0,0,0,0
"C_Org",0,0,0,0,0,0,0,0,0,0,0,0,0,0,0,0,0,0,0,0.6283,0,0,0,0,0,0,0,0,0,0,0
"C_Prdctv",0,0,0,0,0,0,0,0,0,0,0,0,0,0,0,0,0,0,0,0,0.6681,0,0,0,0,0,0,0,0,0,0
"C_Rspnbl",0,0,0,0,0,0,0,0,0,0,0,0,0,0,0,0,0,0,0,0,0,2.062,0,0,0,0,0,0,0,0,0
"E_Assert",0,0,0,0,0,0,0,0,0,0,0,0,0,0,0,0,0,0,0,0,0,0,0.7932,0,0,0,0,0,0,0,0
"E_EnerLev",0,0,0,0,0,0,0,0,0,0,0,0,0,0,0,0,0,0,0,0,0,0,0,0.7861,0,0,0,0,0,0,0
"E_Scblty",0,0,0,0,0,0,0,0,0,0,0,0,0,0,0,0,0,0,0,0,0,0,0,0,1.1686,0,0,0,0,0,0
"N_Anxty",0,0,0,0,0,0,0,0,0,0,0,0,0,0,0,0,0,0,0,0,0,0,0,0,0,0.4993,0,0,0,0,0
"N_Depr",0,0,0,0,0,0,0,0,0,0,0,0,0,0,0,0,0,0,0,0,0,0,0,0,0,0,0.6732,0,0,0,0
"N_EmoVol",0,0,0,0,0,0,0,0,0,0,0,0,0,0,0,0,0,0,0,0,0,0,0,0,0,0,0,0.9887,0,0,0
"O_AesSens",0,0,0,0,0,0,0,0,0,0,0,0,0,0,0,0,0,0,0,0,0,0,0,0,0,0,0,0,0.682,0,0
"O_CrtvImag",0,0,0,0,0,0,0,0,0,0,0,0,0,0,0,0,0,0,0,0,0,0,0,0,0,0,0,0,0,0.6406,0
"O_IntCur",0,0,0,0,0,0,0,0,0,0,0,0,0,0,0,0,0,0,0,0,0,0,0,0,0,0,0,0,0,0,0.5346
