"","cumsumT","A_Cmpnlag","A_Rspctlag","A_Trustlag","C_Orglag","C_Prdctvlag","C_Rspnbllag","E_Assertlag","E_EnerLevlag","E_Scbltylag","N_Anxtylag","N_Deprlag","N_EmoVollag","O_AesSenslag","O_CrtvImaglag","O_IntCurlag","A_Cmpn","A_Rspct","A_Trust","C_Org","C_Prdctv","C_Rspnbl","E_Assert","E_EnerLev","E_Scblty","N_Anxty","N_Depr","N_EmoVol","O_AesSens","O_CrtvImag","O_IntCur"
"cumsumT",0.9365,0.163,0.2002,0.087,-0.0186,-0.0229,0.1633,0.0082,-0.0391,-0.0709,-0.1011,-0.146,0.1253,0.2785,0.2287,-0.0368,0,0,0,0,0,0,0,0,0,0,0,0,0,0,0
"A_Cmpnlag",0.163,0.9796,-0.033,0.4332,0.0718,-0.1821,0.0507,0.1307,0.3626,0.2532,-0.0296,-0.1674,0.0108,0.0566,0.2178,0.0554,0,0,0,0,0,0,0,0,0,0,0,0,0,0,0
"A_Rspctlag",0.2002,-0.033,0.9983,0.2372,-0.0176,-0.0415,0.0458,-0.2508,-0.1528,-0.2852,-0.0392,-0.0472,0.2348,0.0262,0.0426,0.0071,0,0,0,0,0,0,0,0,0,0,0,0,0,0,0
"A_Trustlag",0.087,0.4332,0.2372,0.9733,0.1313,-0.229,-0.0745,-0.0276,-0.0275,-0.1223,-0.0881,-0.3806,-0.0755,0.1588,0.1961,0.0852,0,0,0,0,0,0,0,0,0,0,0,0,0,0,0
"C_Orglag",-0.0186,0.0718,-0.0176,0.1313,0.9763,-0.2202,-0.0695,-0.0184,0.0971,-0.1007,-0.0505,0.1614,-0.1105,0.2009,-0.0863,0.356,0,0,0,0,0,0,0,0,0,0,0,0,0,0,0
"C_Prdctvlag",-0.0229,-0.1821,-0.0415,-0.229,-0.2202,0.9822,0.2068,-0.2345,-0.0274,0.0665,-0.0957,0.2166,-0.0411,0.0313,-0.1328,-0.2563,0,0,0,0,0,0,0,0,0,0,0,0,0,0,0
"C_Rspnbllag",0.1633,0.0507,0.0458,-0.0745,-0.0695,0.2068,0.9701,-0.1584,0.0914,0.2937,-0.1338,-0.0401,-0.1311,-0.2577,-0.0132,-0.0531,0,0,0,0,0,0,0,0,0,0,0,0,0,0,0
"E_Assertlag",0.0082,0.1307,-0.2508,-0.0276,-0.0184,-0.2345,-0.1584,0.9188,0.1991,0.2443,0.1188,-0.0534,0.0409,0.0317,0.1086,0.1387,0,0,0,0,0,0,0,0,0,0,0,0,0,0,0
"E_EnerLevlag",-0.0391,0.3626,-0.1528,-0.0275,0.0971,-0.0274,0.0914,0.1991,1,0.5522,0.042,-0.0248,-0.1648,0.1277,0.1831,-0.002,0,0,0,0,0,0,0,0,0,0,0,0,0,0,0
"E_Scbltylag",-0.0709,0.2532,-0.2852,-0.1223,-0.1007,0.0665,0.2937,0.2443,0.5522,0.9858,-0.297,0.0236,-0.1614,-0.1021,0.3378,0.0575,0,0,0,0,0,0,0,0,0,0,0,0,0,0,0
"N_Anxtylag",-0.1011,-0.0296,-0.0392,-0.0881,-0.0505,-0.0957,-0.1338,0.1188,0.042,-0.297,0.941,-0.0805,0.1863,-0.0595,-0.1402,-0.0062,0,0,0,0,0,0,0,0,0,0,0,0,0,0,0
"N_Deprlag",-0.146,-0.1674,-0.0472,-0.3806,0.1614,0.2166,-0.0401,-0.0534,-0.0248,0.0236,-0.0805,0.9747,0.0871,0.0927,-0.1778,0.0567,0,0,0,0,0,0,0,0,0,0,0,0,0,0,0
"N_EmoVollag",0.1253,0.0108,0.2348,-0.0755,-0.1105,-0.0411,-0.1311,0.0409,-0.1648,-0.1614,0.1863,0.0871,0.9153,0.0753,0.1245,-0.0749,0,0,0,0,0,0,0,0,0,0,0,0,0,0,0
"O_AesSenslag",0.2785,0.0566,0.0262,0.1588,0.2009,0.0313,-0.2577,0.0317,0.1277,-0.1021,-0.0595,0.0927,0.0753,0.9863,0.0753,0.0753,0,0,0,0,0,0,0,0,0,0,0,0,0,0,0
"O_CrtvImaglag",0.2287,0.2178,0.0426,0.1961,-0.0863,-0.1328,-0.0132,0.1086,0.1831,0.3378,-0.1402,-0.1778,0.1245,0.0753,0.8742,-0.0035,0,0,0,0,0,0,0,0,0,0,0,0,0,0,0
"O_IntCurlag",-0.0368,0.0554,0.0071,0.0852,0.356,-0.2563,-0.0531,0.1387,-0.002,0.0575,-0.0062,0.0567,-0.0749,0.0753,-0.0035,0.9614,0,0,0,0,0,0,0,0,0,0,0,0,0,0,0
"A_Cmpn",0,0,0,0,0,0,0,0,0,0,0,0,0,0,0,0,0.6253,0,0,0,0,0,0,0,0,0,0,0,0,0,0
"A_Rspct",0,0,0,0,0,0,0,0,0,0,0,0,0,0,0,0,0,0.4246,0,0,0,0,0,0,0,0,0,0,0,0,0
"A_Trust",0,0,0,0,0,0,0,0,0,0,0,0,0,0,0,0,0,0,0.4841,0,0,0,0,0,0,0,0,0,0,0,0
"C_Org",0,0,0,0,0,0,0,0,0,0,0,0,0,0,0,0,0,0,0,0.4713,0,0,0,0,0,0,0,0,0,0,0
"C_Prdctv",0,0,0,0,0,0,0,0,0,0,0,0,0,0,0,0,0,0,0,0,0.7426,0,0,0,0,0,0,0,0,0,0
"C_Rspnbl",0,0,0,0,0,0,0,0,0,0,0,0,0,0,0,0,0,0,0,0,0,0.6107,0,0,0,0,0,0,0,0,0
"E_Assert",0,0,0,0,0,0,0,0,0,0,0,0,0,0,0,0,0,0,0,0,0,0,0.7143,0,0,0,0,0,0,0,0
"E_EnerLev",0,0,0,0,0,0,0,0,0,0,0,0,0,0,0,0,0,0,0,0,0,0,0,0.2943,0,0,0,0,0,0,0
"E_Scblty",0,0,0,0,0,0,0,0,0,0,0,0,0,0,0,0,0,0,0,0,0,0,0,0,0.7336,0,0,0,0,0,0
"N_Anxty",0,0,0,0,0,0,0,0,0,0,0,0,0,0,0,0,0,0,0,0,0,0,0,0,0,0.6864,0,0,0,0,0
"N_Depr",0,0,0,0,0,0,0,0,0,0,0,0,0,0,0,0,0,0,0,0,0,0,0,0,0,0,1.5488,0,0,0,0
"N_EmoVol",0,0,0,0,0,0,0,0,0,0,0,0,0,0,0,0,0,0,0,0,0,0,0,0,0,0,0,0.6623,0,0,0
"O_AesSens",0,0,0,0,0,0,0,0,0,0,0,0,0,0,0,0,0,0,0,0,0,0,0,0,0,0,0,0,0.7239,0,0
"O_CrtvImag",0,0,0,0,0,0,0,0,0,0,0,0,0,0,0,0,0,0,0,0,0,0,0,0,0,0,0,0,0,0.9822,0
"O_IntCur",0,0,0,0,0,0,0,0,0,0,0,0,0,0,0,0,0,0,0,0,0,0,0,0,0,0,0,0,0,0,0.6786
