"","cumsumT","A_Cmpnlag","A_Rspctlag","A_Trustlag","C_Orglag","C_Prdctvlag","C_Rspnbllag","E_Assertlag","E_EnerLevlag","E_Scbltylag","N_Anxtylag","N_Deprlag","N_EmoVollag","O_AesSenslag","O_CrtvImaglag","O_IntCurlag","A_Cmpn","A_Rspct","A_Trust","C_Org","C_Prdctv","C_Rspnbl","E_Assert","E_EnerLev","E_Scblty","N_Anxty","N_Depr","N_EmoVol","O_AesSens","O_CrtvImag","O_IntCur"
"cumsumT",0.9316,-0.1598,0.0661,0.0583,0.1613,0.1964,0.2402,-0.0331,-0.0421,-0.0596,0.2255,0.2021,0.1521,0.2557,-0.0154,0.2615,0,0,0,0,0,0,0,0,0,0,0,0,0,0,0
"A_Cmpnlag",-0.1598,0.9998,0.1398,0.1542,-0.085,-0.1611,0.0095,-0.1055,0.1297,0.2794,-0.3093,-0.3385,-0.4139,0.086,-0.1171,0.0724,0,0,0,0,0,0,0,0,0,0,0,0,0,0,0
"A_Rspctlag",0.0661,0.1398,0.8935,-0.1762,-0.0362,0.1662,0.1642,-0.2898,0.1281,-0.0839,0.1414,0.1714,-0.1236,0.0095,-0.0762,-0.0354,0,0,0,0,0,0,0,0,0,0,0,0,0,0,0
"A_Trustlag",0.0583,0.1542,-0.1762,0.9832,0.0626,-0.0761,0.1659,-0.1071,0.1926,0.2028,-0.2356,-0.3145,-0.1139,0.2228,0.2105,0.1606,0,0,0,0,0,0,0,0,0,0,0,0,0,0,0
"C_Orglag",0.1613,-0.085,-0.0362,0.0626,0.9995,0.1037,0.2966,0.0289,-0.0767,0.1983,-0.2043,-0.1305,-0.0865,0.1893,-0.0968,0.1715,0,0,0,0,0,0,0,0,0,0,0,0,0,0,0
"C_Prdctvlag",0.1964,-0.1611,0.1662,-0.0761,0.1037,0.7891,0.331,-0.2186,-0.0904,0.0262,0.1178,0.1504,0.1065,-0.1959,0.0508,-0.0487,0,0,0,0,0,0,0,0,0,0,0,0,0,0,0
"C_Rspnbllag",0.2402,0.0095,0.1642,0.1659,0.2966,0.331,0.9996,-0.4139,0.1155,0.1011,-0.1195,-0.1356,-0.1383,-0.0774,0.0159,0.0578,0,0,0,0,0,0,0,0,0,0,0,0,0,0,0
"E_Assertlag",-0.0331,-0.1055,-0.2898,-0.1071,0.0289,-0.2186,-0.4139,0.9893,-0.1847,0.1861,-0.223,-0.1293,0.1706,-0.2929,-0.1416,-0.0154,0,0,0,0,0,0,0,0,0,0,0,0,0,0,0
"E_EnerLevlag",-0.0421,0.1297,0.1281,0.1926,-0.0767,-0.0904,0.1155,-0.1847,0.9996,0.3895,-0.0024,-0.1496,-0.2652,0.1827,0.1804,-0.0488,0,0,0,0,0,0,0,0,0,0,0,0,0,0,0
"E_Scbltylag",-0.0596,0.2794,-0.0839,0.2028,0.1983,0.0262,0.1011,0.1861,0.3895,0.9849,-0.4109,-0.4842,-0.332,-0.1825,0.1941,0.1531,0,0,0,0,0,0,0,0,0,0,0,0,0,0,0
"N_Anxtylag",0.2255,-0.3093,0.1414,-0.2356,-0.2043,0.1178,-0.1195,-0.223,-0.0024,-0.4109,0.9902,0.7139,0.4555,0.1385,0.1326,0.2714,0,0,0,0,0,0,0,0,0,0,0,0,0,0,0
"N_Deprlag",0.2021,-0.3385,0.1714,-0.3145,-0.1305,0.1504,-0.1356,-0.1293,-0.1496,-0.4842,0.7139,0.9997,0.4972,-0.0349,0.1739,0.0503,0,0,0,0,0,0,0,0,0,0,0,0,0,0,0
"N_EmoVollag",0.1521,-0.4139,-0.1236,-0.1139,-0.0865,0.1065,-0.1383,0.1706,-0.2652,-0.332,0.4555,0.4972,0.9884,-0.2831,-0.3121,0.0433,0,0,0,0,0,0,0,0,0,0,0,0,0,0,0
"O_AesSenslag",0.2557,0.086,0.0095,0.2228,0.1893,-0.1959,-0.0774,-0.2929,0.1827,-0.1825,0.1385,-0.0349,-0.2831,0.9839,0.0614,0.2672,0,0,0,0,0,0,0,0,0,0,0,0,0,0,0
"O_CrtvImaglag",-0.0154,-0.1171,-0.0762,0.2105,-0.0968,0.0508,0.0159,-0.1416,0.1804,0.1941,0.1326,0.1739,-0.3121,0.0614,0.9951,0.0371,0,0,0,0,0,0,0,0,0,0,0,0,0,0,0
"O_IntCurlag",0.2615,0.0724,-0.0354,0.1606,0.1715,-0.0487,0.0578,-0.0154,-0.0488,0.1531,0.2714,0.0503,0.0433,0.2672,0.0371,0.9848,0,0,0,0,0,0,0,0,0,0,0,0,0,0,0
"A_Cmpn",0,0,0,0,0,0,0,0,0,0,0,0,0,0,0,0,0.9291,0,0,0,0,0,0,0,0,0,0,0,0,0,0
"A_Rspct",0,0,0,0,0,0,0,0,0,0,0,0,0,0,0,0,0,0.8671,0,0,0,0,0,0,0,0,0,0,0,0,0
"A_Trust",0,0,0,0,0,0,0,0,0,0,0,0,0,0,0,0,0,0,1.1678,0,0,0,0,0,0,0,0,0,0,0,0
"C_Org",0,0,0,0,0,0,0,0,0,0,0,0,0,0,0,0,0,0,0,0.6575,0,0,0,0,0,0,0,0,0,0,0
"C_Prdctv",0,0,0,0,0,0,0,0,0,0,0,0,0,0,0,0,0,0,0,0,0.7501,0,0,0,0,0,0,0,0,0,0
"C_Rspnbl",0,0,0,0,0,0,0,0,0,0,0,0,0,0,0,0,0,0,0,0,0,0.8513,0,0,0,0,0,0,0,0,0
"E_Assert",0,0,0,0,0,0,0,0,0,0,0,0,0,0,0,0,0,0,0,0,0,0,0.4647,0,0,0,0,0,0,0,0
"E_EnerLev",0,0,0,0,0,0,0,0,0,0,0,0,0,0,0,0,0,0,0,0,0,0,0,0.8307,0,0,0,0,0,0,0
"E_Scblty",0,0,0,0,0,0,0,0,0,0,0,0,0,0,0,0,0,0,0,0,0,0,0,0,0.0862,0,0,0,0,0,0
"N_Anxty",0,0,0,0,0,0,0,0,0,0,0,0,0,0,0,0,0,0,0,0,0,0,0,0,0,0.3513,0,0,0,0,0
"N_Depr",0,0,0,0,0,0,0,0,0,0,0,0,0,0,0,0,0,0,0,0,0,0,0,0,0,0,0.3344,0,0,0,0
"N_EmoVol",0,0,0,0,0,0,0,0,0,0,0,0,0,0,0,0,0,0,0,0,0,0,0,0,0,0,0,0.4014,0,0,0
"O_AesSens",0,0,0,0,0,0,0,0,0,0,0,0,0,0,0,0,0,0,0,0,0,0,0,0,0,0,0,0,0.5713,0,0
"O_CrtvImag",0,0,0,0,0,0,0,0,0,0,0,0,0,0,0,0,0,0,0,0,0,0,0,0,0,0,0,0,0,0.6806,0
"O_IntCur",0,0,0,0,0,0,0,0,0,0,0,0,0,0,0,0,0,0,0,0,0,0,0,0,0,0,0,0,0,0,0.9451
