"","cumsumT","A_Cmpnlag","A_Rspctlag","A_Trustlag","C_Orglag","C_Prdctvlag","C_Rspnbllag","E_Assertlag","E_EnerLevlag","E_Scbltylag","N_Anxtylag","N_Deprlag","N_EmoVollag","O_AesSenslag","O_CrtvImaglag","O_IntCurlag","A_Cmpn","A_Rspct","A_Trust","C_Org","C_Prdctv","C_Rspnbl","E_Assert","E_EnerLev","E_Scblty","N_Anxty","N_Depr","N_EmoVol","O_AesSens","O_CrtvImag","O_IntCur"
"cumsumT",1,-0.2238,-0.2198,-0.2321,-0.314,0.0572,0.1153,-0.2951,-0.197,-0.2576,0.1016,0.1487,0.2964,-0.0303,0.1951,-0.2844,0,0,0,0,0,0,0,0,0,0,0,0,0,0,0
"A_Cmpnlag",-0.2238,1,0.3839,0.1676,0.308,-0.084,-0.0954,0.0091,0.2459,0.0057,-0.2205,-0.2591,-0.4876,-0.128,-0.1536,0.0701,0,0,0,0,0,0,0,0,0,0,0,0,0,0,0
"A_Rspctlag",-0.2198,0.3839,1,0.3269,0.1199,0.0501,0.3281,0.025,0.371,0.1805,-0.4334,-0.0398,-0.3088,0.0581,0.0967,0.2936,0,0,0,0,0,0,0,0,0,0,0,0,0,0,0
"A_Trustlag",-0.2321,0.1676,0.3269,1,0.1038,0.0139,0.3589,0.2785,0.1876,0.4701,-0.4198,-0.4759,-0.4913,0.1838,-0.0609,0.232,0,0,0,0,0,0,0,0,0,0,0,0,0,0,0
"C_Orglag",-0.314,0.308,0.1199,0.1038,1,0.1633,-0.1456,0.0846,0.0683,-0.007,-0.3042,-0.3976,-0.3651,0.088,0.1211,0.2916,0,0,0,0,0,0,0,0,0,0,0,0,0,0,0
"C_Prdctvlag",0.0572,-0.084,0.0501,0.0139,0.1633,1,-0.0753,-0.0072,0.0591,0.1641,-0.1611,-0.2434,-0.1449,0.4065,0.3328,0.1466,0,0,0,0,0,0,0,0,0,0,0,0,0,0,0
"C_Rspnbllag",0.1153,-0.0954,0.3281,0.3589,-0.1456,-0.0753,1,0.0898,0.1549,0.1798,-0.4657,-0.0256,-0.2715,-0.2124,0.1059,0.2261,0,0,0,0,0,0,0,0,0,0,0,0,0,0,0
"E_Assertlag",-0.2951,0.0091,0.025,0.2785,0.0846,-0.0072,0.0898,1,0.0322,0.1012,0.0113,-1e-04,-0.0824,0.2464,-0.1013,0.2105,0,0,0,0,0,0,0,0,0,0,0,0,0,0,0
"E_EnerLevlag",-0.197,0.2459,0.371,0.1876,0.0683,0.0591,0.1549,0.0322,1,0.3158,-0.21,-0.0969,-0.2571,0.053,0.1829,0.3302,0,0,0,0,0,0,0,0,0,0,0,0,0,0,0
"E_Scbltylag",-0.2576,0.0057,0.1805,0.4701,-0.007,0.1641,0.1798,0.1012,0.3158,1,-0.3179,-0.4493,-0.2718,0.1614,-0.193,0.1704,0,0,0,0,0,0,0,0,0,0,0,0,0,0,0
"N_Anxtylag",0.1016,-0.2205,-0.4334,-0.4198,-0.3042,-0.1611,-0.4657,0.0113,-0.21,-0.3179,1,0.4908,0.616,0.0348,-0.012,-0.1966,0,0,0,0,0,0,0,0,0,0,0,0,0,0,0
"N_Deprlag",0.1487,-0.2591,-0.0398,-0.4759,-0.3976,-0.2434,-0.0256,-1e-04,-0.0969,-0.4493,0.4908,1,0.5092,-0.0803,0.2071,-0.1287,0,0,0,0,0,0,0,0,0,0,0,0,0,0,0
"N_EmoVollag",0.2964,-0.4876,-0.3088,-0.4913,-0.3651,-0.1449,-0.2715,-0.0824,-0.2571,-0.2718,0.616,0.5092,1,-0.1111,-0.0554,-0.282,0,0,0,0,0,0,0,0,0,0,0,0,0,0,0
"O_AesSenslag",-0.0303,-0.128,0.0581,0.1838,0.088,0.4065,-0.2124,0.2464,0.053,0.1614,0.0348,-0.0803,-0.1111,1,0.1701,0.1988,0,0,0,0,0,0,0,0,0,0,0,0,0,0,0
"O_CrtvImaglag",0.1951,-0.1536,0.0967,-0.0609,0.1211,0.3328,0.1059,-0.1013,0.1829,-0.193,-0.012,0.2071,-0.0554,0.1701,1,0.0246,0,0,0,0,0,0,0,0,0,0,0,0,0,0,0
"O_IntCurlag",-0.2844,0.0701,0.2936,0.232,0.2916,0.1466,0.2261,0.2105,0.3302,0.1704,-0.1966,-0.1287,-0.282,0.1988,0.0246,1,0,0,0,0,0,0,0,0,0,0,0,0,0,0,0
"A_Cmpn",0,0,0,0,0,0,0,0,0,0,0,0,0,0,0,0,0.8059,0,0,0,0,0,0,0,0,0,0,0,0,0,0
"A_Rspct",0,0,0,0,0,0,0,0,0,0,0,0,0,0,0,0,0,0.4854,0,0,0,0,0,0,0,0,0,0,0,0,0
"A_Trust",0,0,0,0,0,0,0,0,0,0,0,0,0,0,0,0,0,0,0.6674,0,0,0,0,0,0,0,0,0,0,0,0
"C_Org",0,0,0,0,0,0,0,0,0,0,0,0,0,0,0,0,0,0,0,0.999,0,0,0,0,0,0,0,0,0,0,0
"C_Prdctv",0,0,0,0,0,0,0,0,0,0,0,0,0,0,0,0,0,0,0,0,0.5156,0,0,0,0,0,0,0,0,0,0
"C_Rspnbl",0,0,0,0,0,0,0,0,0,0,0,0,0,0,0,0,0,0,0,0,0,0.6573,0,0,0,0,0,0,0,0,0
"E_Assert",0,0,0,0,0,0,0,0,0,0,0,0,0,0,0,0,0,0,0,0,0,0,0.3868,0,0,0,0,0,0,0,0
"E_EnerLev",0,0,0,0,0,0,0,0,0,0,0,0,0,0,0,0,0,0,0,0,0,0,0,2.2986,0,0,0,0,0,0,0
"E_Scblty",0,0,0,0,0,0,0,0,0,0,0,0,0,0,0,0,0,0,0,0,0,0,0,0,0.617,0,0,0,0,0,0
"N_Anxty",0,0,0,0,0,0,0,0,0,0,0,0,0,0,0,0,0,0,0,0,0,0,0,0,0,0.619,0,0,0,0,0
"N_Depr",0,0,0,0,0,0,0,0,0,0,0,0,0,0,0,0,0,0,0,0,0,0,0,0,0,0,0.6101,0,0,0,0
"N_EmoVol",0,0,0,0,0,0,0,0,0,0,0,0,0,0,0,0,0,0,0,0,0,0,0,0,0,0,0,0.5261,0,0,0
"O_AesSens",0,0,0,0,0,0,0,0,0,0,0,0,0,0,0,0,0,0,0,0,0,0,0,0,0,0,0,0,0.7867,0,0
"O_CrtvImag",0,0,0,0,0,0,0,0,0,0,0,0,0,0,0,0,0,0,0,0,0,0,0,0,0,0,0,0,0,0.8098,0
"O_IntCur",0,0,0,0,0,0,0,0,0,0,0,0,0,0,0,0,0,0,0,0,0,0,0,0,0,0,0,0,0,0,1.1298
