"","cumsumT","A_Cmpnlag","A_Rspctlag","A_Trustlag","C_Orglag","C_Prdctvlag","C_Rspnbllag","E_Assertlag","E_EnerLevlag","E_Scbltylag","N_Anxtylag","N_Deprlag","N_EmoVollag","O_AesSenslag","O_CrtvImaglag","O_IntCurlag","A_Cmpn","A_Rspct","A_Trust","C_Org","C_Prdctv","C_Rspnbl","E_Assert","E_EnerLev","E_Scblty","N_Anxty","N_Depr","N_EmoVol","O_AesSens","O_CrtvImag","O_IntCur"
"cumsumT",0.9384,-0.206,-0.2124,-0.2243,-0.3042,0.0552,0.1104,-0.2859,-0.1909,-0.2496,0.0973,0.1412,0.2871,-0.0292,0.1881,-0.2753,0,0,0,0,0,0,0,0,0,0,0,0,0,0,0
"A_Cmpnlag",-0.206,0.9023,0.3638,0.1589,0.2926,-0.0796,-0.0896,0.0087,0.2336,0.0054,-0.2069,-0.2412,-0.463,-0.121,-0.1452,0.0666,0,0,0,0,0,0,0,0,0,0,0,0,0,0,0
"A_Rspctlag",-0.2124,0.3638,0.9952,0.3254,0.1196,0.0498,0.3235,0.0249,0.3701,0.18,-0.4272,-0.0389,-0.3079,0.0577,0.096,0.2927,0,0,0,0,0,0,0,0,0,0,0,0,0,0,0
"A_Trustlag",-0.2243,0.1589,0.3254,0.9954,0.1036,0.0138,0.3539,0.2778,0.1872,0.469,-0.4137,-0.4653,-0.49,0.1825,-0.0604,0.2313,0,0,0,0,0,0,0,0,0,0,0,0,0,0,0
"C_Orglag",-0.3042,0.2926,0.1196,0.1036,1,0.1628,-0.1439,0.0846,0.0683,-0.007,-0.3006,-0.3897,-0.365,0.0876,0.1205,0.2914,0,0,0,0,0,0,0,0,0,0,0,0,0,0,0
"C_Prdctvlag",0.0552,-0.0796,0.0498,0.0138,0.1628,0.9939,-0.0742,-0.0072,0.0589,0.1636,-0.1587,-0.2378,-0.1444,0.4033,0.3301,0.1461,0,0,0,0,0,0,0,0,0,0,0,0,0,0,0
"C_Rspnbllag",0.1104,-0.0896,0.3235,0.3539,-0.1439,-0.0742,0.9768,0.0887,0.1531,0.1777,-0.4547,-0.0248,-0.2683,-0.2089,0.1041,0.2234,0,0,0,0,0,0,0,0,0,0,0,0,0,0,0
"E_Assertlag",-0.2859,0.0087,0.0249,0.2778,0.0846,-0.0072,0.0887,1,0.0322,0.1012,0.0111,-1e-04,-0.0824,0.2452,-0.1008,0.2104,0,0,0,0,0,0,0,0,0,0,0,0,0,0,0
"E_EnerLevlag",-0.1909,0.2336,0.3701,0.1872,0.0683,0.0589,0.1531,0.0322,1,0.3158,-0.2075,-0.095,-0.257,0.0527,0.182,0.3301,0,0,0,0,0,0,0,0,0,0,0,0,0,0,0
"E_Scbltylag",-0.2496,0.0054,0.18,0.469,-0.007,0.1636,0.1777,0.1012,0.3158,1,-0.314,-0.4403,-0.2717,0.1606,-0.192,0.1703,0,0,0,0,0,0,0,0,0,0,0,0,0,0,0
"N_Anxtylag",0.0973,-0.2069,-0.4272,-0.4137,-0.3006,-0.1587,-0.4547,0.0111,-0.2075,-0.314,0.976,0.4752,0.6084,0.0342,-0.0118,-0.1941,0,0,0,0,0,0,0,0,0,0,0,0,0,0,0
"N_Deprlag",0.1412,-0.2412,-0.0389,-0.4653,-0.3897,-0.2378,-0.0248,-1e-04,-0.095,-0.4403,0.4752,0.9605,0.4989,-0.0783,0.202,-0.1261,0,0,0,0,0,0,0,0,0,0,0,0,0,0,0
"N_EmoVollag",0.2871,-0.463,-0.3079,-0.49,-0.365,-0.1444,-0.2683,-0.0824,-0.257,-0.2717,0.6084,0.4989,0.9994,-0.1105,-0.0551,-0.2818,0,0,0,0,0,0,0,0,0,0,0,0,0,0,0
"O_AesSenslag",-0.0292,-0.121,0.0577,0.1825,0.0876,0.4033,-0.2089,0.2452,0.0527,0.1606,0.0342,-0.0783,-0.1105,0.9904,0.1684,0.1978,0,0,0,0,0,0,0,0,0,0,0,0,0,0,0
"O_CrtvImaglag",0.1881,-0.1452,0.096,-0.0604,0.1205,0.3301,0.1041,-0.1008,0.182,-0.192,-0.0118,0.202,-0.0551,0.1684,0.9899,0.0245,0,0,0,0,0,0,0,0,0,0,0,0,0,0,0
"O_IntCurlag",-0.2753,0.0666,0.2927,0.2313,0.2914,0.1461,0.2234,0.2104,0.3301,0.1703,-0.1941,-0.1261,-0.2818,0.1978,0.0245,0.999,0,0,0,0,0,0,0,0,0,0,0,0,0,0,0
"A_Cmpn",0,0,0,0,0,0,0,0,0,0,0,0,0,0,0,0,0.805,0,0,0,0,0,0,0,0,0,0,0,0,0,0
"A_Rspct",0,0,0,0,0,0,0,0,0,0,0,0,0,0,0,0,0,0.492,0,0,0,0,0,0,0,0,0,0,0,0,0
"A_Trust",0,0,0,0,0,0,0,0,0,0,0,0,0,0,0,0,0,0,0.6807,0,0,0,0,0,0,0,0,0,0,0,0
"C_Org",0,0,0,0,0,0,0,0,0,0,0,0,0,0,0,0,0,0,0,0.9706,0,0,0,0,0,0,0,0,0,0,0
"C_Prdctv",0,0,0,0,0,0,0,0,0,0,0,0,0,0,0,0,0,0,0,0,0.5472,0,0,0,0,0,0,0,0,0,0
"C_Rspnbl",0,0,0,0,0,0,0,0,0,0,0,0,0,0,0,0,0,0,0,0,0,0.6964,0,0,0,0,0,0,0,0,0
"E_Assert",0,0,0,0,0,0,0,0,0,0,0,0,0,0,0,0,0,0,0,0,0,0,0.409,0,0,0,0,0,0,0,0
"E_EnerLev",0,0,0,0,0,0,0,0,0,0,0,0,0,0,0,0,0,0,0,0,0,0,0,2.1408,0,0,0,0,0,0,0
"E_Scblty",0,0,0,0,0,0,0,0,0,0,0,0,0,0,0,0,0,0,0,0,0,0,0,0,0.6152,0,0,0,0,0,0
"N_Anxty",0,0,0,0,0,0,0,0,0,0,0,0,0,0,0,0,0,0,0,0,0,0,0,0,0,0.6333,0,0,0,0,0
"N_Depr",0,0,0,0,0,0,0,0,0,0,0,0,0,0,0,0,0,0,0,0,0,0,0,0,0,0,0.6251,0,0,0,0
"N_EmoVol",0,0,0,0,0,0,0,0,0,0,0,0,0,0,0,0,0,0,0,0,0,0,0,0,0,0,0,0.5299,0,0,0
"O_AesSens",0,0,0,0,0,0,0,0,0,0,0,0,0,0,0,0,0,0,0,0,0,0,0,0,0,0,0,0,0.778,0,0
"O_CrtvImag",0,0,0,0,0,0,0,0,0,0,0,0,0,0,0,0,0,0,0,0,0,0,0,0,0,0,0,0,0,0.786,0
"O_IntCur",0,0,0,0,0,0,0,0,0,0,0,0,0,0,0,0,0,0,0,0,0,0,0,0,0,0,0,0,0,0,1.0952
