"","cumsumT","A_Cmpnlag","A_Rspctlag","A_Trustlag","C_Orglag","C_Prdctvlag","C_Rspnbllag","E_Assertlag","E_EnerLevlag","E_Scbltylag","N_Anxtylag","N_Deprlag","N_EmoVollag","O_AesSenslag","O_CrtvImaglag","O_IntCurlag","A_Cmpn","A_Rspct","A_Trust","C_Org","C_Prdctv","C_Rspnbl","E_Assert","E_EnerLev","E_Scblty","N_Anxty","N_Depr","N_EmoVol","O_AesSens","O_CrtvImag","O_IntCur"
"cumsumT",0.9464,-0.0279,-0.2032,-0.0238,-0.2154,-0.079,0.0316,-0.0537,-0.143,-0.0216,0.129,0.3283,0.1855,-0.1824,0.1335,-0.0592,0,0,0,0,0,0,0,0,0,0,0,0,0,0,0
"A_Cmpnlag",-0.0279,0.9848,0.2283,0.336,0.1755,-0.0345,0.2458,0.1478,0.2123,0.0477,-0.0554,-0.1449,0.0049,0.1951,0.0397,-0.0035,0,0,0,0,0,0,0,0,0,0,0,0,0,0,0
"A_Rspctlag",-0.2032,0.2283,0.9897,0.2953,0.0845,0.155,0.0505,-0.0221,0.3925,0.0634,-0.453,-0.459,-0.0835,0.0085,0.5157,0.0845,0,0,0,0,0,0,0,0,0,0,0,0,0,0,0
"A_Trustlag",-0.0238,0.336,0.2953,0.9844,0.1917,-0.1301,0.2955,-0.1936,0.3252,0.2719,-0.1775,-0.3425,-0.316,0.1972,0.1151,0.1362,0,0,0,0,0,0,0,0,0,0,0,0,0,0,0
"C_Orglag",-0.2154,0.1755,0.0845,0.1917,0.9928,0.4644,0.268,0.3023,0.2527,0.1674,-0.0969,-0.1802,-6e-04,0.137,0.2223,0.2782,0,0,0,0,0,0,0,0,0,0,0,0,0,0,0
"C_Prdctvlag",-0.079,-0.0345,0.155,-0.1301,0.4644,0.9994,0.0504,0.5296,0.309,0.1159,-0.1241,-0.1963,-0.1047,0.0786,0.2199,0.0121,0,0,0,0,0,0,0,0,0,0,0,0,0,0,0
"C_Rspnbllag",0.0316,0.2458,0.0505,0.2955,0.268,0.0504,0.9999,0.1234,0.1555,0.1317,-0.1769,-0.1643,-0.253,0.0663,0.1786,0.1713,0,0,0,0,0,0,0,0,0,0,0,0,0,0,0
"E_Assertlag",-0.0537,0.1478,-0.0221,-0.1936,0.3023,0.5296,0.1234,0.9997,0.1687,0.1333,-0.1184,0.0245,0.0603,-0.0305,0.1741,-0.057,0,0,0,0,0,0,0,0,0,0,0,0,0,0,0
"E_EnerLevlag",-0.143,0.2123,0.3925,0.3252,0.2527,0.309,0.1555,0.1687,0.9843,0.432,-0.3942,-0.572,-0.2208,0.3113,0.2184,-0.0111,0,0,0,0,0,0,0,0,0,0,0,0,0,0,0
"E_Scbltylag",-0.0216,0.0477,0.0634,0.2719,0.1674,0.1159,0.1317,0.1333,0.432,0.9935,-0.3682,-0.4433,-0.2099,0.372,0.2771,0.2946,0,0,0,0,0,0,0,0,0,0,0,0,0,0,0
"N_Anxtylag",0.129,-0.0554,-0.453,-0.1775,-0.0969,-0.1241,-0.1769,-0.1184,-0.3942,-0.3682,0.9725,0.5559,0.4135,0.0231,-0.2664,-0.0547,0,0,0,0,0,0,0,0,0,0,0,0,0,0,0
"N_Deprlag",0.3283,-0.1449,-0.459,-0.3425,-0.1802,-0.1963,-0.1643,0.0245,-0.572,-0.4433,0.5559,0.9899,0.5147,-0.2843,-0.2408,-0.1463,0,0,0,0,0,0,0,0,0,0,0,0,0,0,0
"N_EmoVollag",0.1855,0.0049,-0.0835,-0.316,-6e-04,-0.1047,-0.253,0.0603,-0.2208,-0.2099,0.4135,0.5147,0.9109,-0.1679,0.165,0.1405,0,0,0,0,0,0,0,0,0,0,0,0,0,0,0
"O_AesSenslag",-0.1824,0.1951,0.0085,0.1972,0.137,0.0786,0.0663,-0.0305,0.3113,0.372,0.0231,-0.2843,-0.1679,1,0.0205,0.2291,0,0,0,0,0,0,0,0,0,0,0,0,0,0,0
"O_CrtvImaglag",0.1335,0.0397,0.5157,0.1151,0.2223,0.2199,0.1786,0.1741,0.2184,0.2771,-0.2664,-0.2408,0.165,0.0205,0.9999,0.5542,0,0,0,0,0,0,0,0,0,0,0,0,0,0,0
"O_IntCurlag",-0.0592,-0.0035,0.0845,0.1362,0.2782,0.0121,0.1713,-0.057,-0.0111,0.2946,-0.0547,-0.1463,0.1405,0.2291,0.5542,0.9985,0,0,0,0,0,0,0,0,0,0,0,0,0,0,0
"A_Cmpn",0,0,0,0,0,0,0,0,0,0,0,0,0,0,0,0,0.8652,0,0,0,0,0,0,0,0,0,0,0,0,0,0
"A_Rspct",0,0,0,0,0,0,0,0,0,0,0,0,0,0,0,0,0,0.3748,0,0,0,0,0,0,0,0,0,0,0,0,0
"A_Trust",0,0,0,0,0,0,0,0,0,0,0,0,0,0,0,0,0,0,2.3803,0,0,0,0,0,0,0,0,0,0,0,0
"C_Org",0,0,0,0,0,0,0,0,0,0,0,0,0,0,0,0,0,0,0,0.4645,0,0,0,0,0,0,0,0,0,0,0
"C_Prdctv",0,0,0,0,0,0,0,0,0,0,0,0,0,0,0,0,0,0,0,0,0.6426,0,0,0,0,0,0,0,0,0,0
"C_Rspnbl",0,0,0,0,0,0,0,0,0,0,0,0,0,0,0,0,0,0,0,0,0,1.8146,0,0,0,0,0,0,0,0,0
"E_Assert",0,0,0,0,0,0,0,0,0,0,0,0,0,0,0,0,0,0,0,0,0,0,0.7162,0,0,0,0,0,0,0,0
"E_EnerLev",0,0,0,0,0,0,0,0,0,0,0,0,0,0,0,0,0,0,0,0,0,0,0,0.5458,0,0,0,0,0,0,0
"E_Scblty",0,0,0,0,0,0,0,0,0,0,0,0,0,0,0,0,0,0,0,0,0,0,0,0,0.9141,0,0,0,0,0,0
"N_Anxty",0,0,0,0,0,0,0,0,0,0,0,0,0,0,0,0,0,0,0,0,0,0,0,0,0,0.5578,0,0,0,0,0
"N_Depr",0,0,0,0,0,0,0,0,0,0,0,0,0,0,0,0,0,0,0,0,0,0,0,0,0,0,0.5269,0,0,0,0
"N_EmoVol",0,0,0,0,0,0,0,0,0,0,0,0,0,0,0,0,0,0,0,0,0,0,0,0,0,0,0,0.6181,0,0,0
"O_AesSens",0,0,0,0,0,0,0,0,0,0,0,0,0,0,0,0,0,0,0,0,0,0,0,0,0,0,0,0,0.7626,0,0
"O_CrtvImag",0,0,0,0,0,0,0,0,0,0,0,0,0,0,0,0,0,0,0,0,0,0,0,0,0,0,0,0,0,0.4762,0
"O_IntCur",0,0,0,0,0,0,0,0,0,0,0,0,0,0,0,0,0,0,0,0,0,0,0,0,0,0,0,0,0,0,0.5694
