"","cumsumT","A_Cmpnlag","A_Rspctlag","A_Trustlag","C_Orglag","C_Prdctvlag","C_Rspnbllag","E_Assertlag","E_EnerLevlag","E_Scbltylag","N_Anxtylag","N_Deprlag","N_EmoVollag","O_AesSenslag","O_CrtvImaglag","O_IntCurlag","A_Cmpn","A_Rspct","A_Trust","C_Org","C_Prdctv","C_Rspnbl","E_Assert","E_EnerLev","E_Scblty","N_Anxty","N_Depr","N_EmoVol","O_AesSens","O_CrtvImag","O_IntCur"
"cumsumT",0.9115,-0.2704,-0.1065,-0.1962,0.0125,-0.119,0.0438,-0.011,-0.0771,0.2922,0.182,0.3851,0.5246,0.3809,-0.0101,0.3012,0,0,0,0,0,0,0,0,0,0,0,0,0,0,0
"A_Cmpnlag",-0.2704,0.9976,0.2334,0.3943,0.2728,0.1762,0.1035,-0.0082,0.1418,0.2678,-0.3152,-0.462,-0.2868,-0.4792,0.0528,0.0945,0,0,0,0,0,0,0,0,0,0,0,0,0,0,0
"A_Rspctlag",-0.1065,0.2334,0.9997,0.2143,0.1358,0.1029,0.4527,0.3646,0.6469,0.2014,-0.3,-0.4042,-0.3583,0.0779,0.0286,0.2471,0,0,0,0,0,0,0,0,0,0,0,0,0,0,0
"A_Trustlag",-0.1962,0.3943,0.2143,0.9416,0.156,0.4243,0.1459,0.3838,0.2477,0.2895,-0.2465,-0.5757,-0.4926,-0.005,0.2811,-0.2107,0,0,0,0,0,0,0,0,0,0,0,0,0,0,0
"C_Orglag",0.0125,0.2728,0.1358,0.156,0.9688,0.1691,-0.0313,0.103,0.1448,0.0016,0.3365,0.0428,0.1553,0.1489,0.0732,0.1565,0,0,0,0,0,0,0,0,0,0,0,0,0,0,0
"C_Prdctvlag",-0.119,0.1762,0.1029,0.4243,0.1691,0.9743,0.1932,0.5479,0.3949,0.2347,-0.1289,-0.419,-0.389,0.2733,0.5772,-0.1449,0,0,0,0,0,0,0,0,0,0,0,0,0,0,0
"C_Rspnbllag",0.0438,0.1035,0.4527,0.1459,-0.0313,0.1932,0.9847,0.2046,0.2625,0.312,-0.4507,-0.2451,-0.1151,0.2444,0.4657,0.3559,0,0,0,0,0,0,0,0,0,0,0,0,0,0,0
"E_Assertlag",-0.011,-0.0082,0.3646,0.3838,0.103,0.5479,0.2046,0.9498,0.3665,0.2044,0.0733,-0.1862,-0.5201,0.3131,0.3917,0.0446,0,0,0,0,0,0,0,0,0,0,0,0,0,0,0
"E_EnerLevlag",-0.0771,0.1418,0.6469,0.2477,0.1448,0.3949,0.2625,0.3665,0.9989,0.3621,-0.1045,-0.3691,-0.2836,0.2046,0.1325,0.1117,0,0,0,0,0,0,0,0,0,0,0,0,0,0,0
"E_Scbltylag",0.2922,0.2678,0.2014,0.2895,0.0016,0.2347,0.312,0.2044,0.3621,0.9986,-0.3448,-0.356,-0.1908,0.0176,0.3722,0.3329,0,0,0,0,0,0,0,0,0,0,0,0,0,0,0
"N_Anxtylag",0.182,-0.3152,-0.3,-0.2465,0.3365,-0.1289,-0.4507,0.0733,-0.1045,-0.3448,0.9989,0.6477,0.4079,0.1147,-0.2251,0.0508,0,0,0,0,0,0,0,0,0,0,0,0,0,0,0
"N_Deprlag",0.3851,-0.462,-0.4042,-0.5757,0.0428,-0.419,-0.2451,-0.1862,-0.3691,-0.356,0.6477,0.9027,0.6404,0.0517,-0.2023,0.2362,0,0,0,0,0,0,0,0,0,0,0,0,0,0,0
"N_EmoVollag",0.5246,-0.2868,-0.3583,-0.4926,0.1553,-0.389,-0.1151,-0.5201,-0.2836,-0.1908,0.4079,0.6404,0.9997,0.1851,-0.0783,0.1894,0,0,0,0,0,0,0,0,0,0,0,0,0,0,0
"O_AesSenslag",0.3809,-0.4792,0.0779,-0.005,0.1489,0.2733,0.2444,0.3131,0.2046,0.0176,0.1147,0.0517,0.1851,0.9481,0.239,0.2333,0,0,0,0,0,0,0,0,0,0,0,0,0,0,0
"O_CrtvImaglag",-0.0101,0.0528,0.0286,0.2811,0.0732,0.5772,0.4657,0.3917,0.1325,0.3722,-0.2251,-0.2023,-0.0783,0.239,0.9623,0.007,0,0,0,0,0,0,0,0,0,0,0,0,0,0,0
"O_IntCurlag",0.3012,0.0945,0.2471,-0.2107,0.1565,-0.1449,0.3559,0.0446,0.1117,0.3329,0.0508,0.2362,0.1894,0.2333,0.007,0.9992,0,0,0,0,0,0,0,0,0,0,0,0,0,0,0
"A_Cmpn",0,0,0,0,0,0,0,0,0,0,0,0,0,0,0,0,0.0158,0,0,0,0,0,0,0,0,0,0,0,0,0,0
"A_Rspct",0,0,0,0,0,0,0,0,0,0,0,0,0,0,0,0,0,0.4855,0,0,0,0,0,0,0,0,0,0,0,0,0
"A_Trust",0,0,0,0,0,0,0,0,0,0,0,0,0,0,0,0,0,0,0.2599,0,0,0,0,0,0,0,0,0,0,0,0
"C_Org",0,0,0,0,0,0,0,0,0,0,0,0,0,0,0,0,0,0,0,0.7495,0,0,0,0,0,0,0,0,0,0,0
"C_Prdctv",0,0,0,0,0,0,0,0,0,0,0,0,0,0,0,0,0,0,0,0,0.7328,0,0,0,0,0,0,0,0,0,0
"C_Rspnbl",0,0,0,0,0,0,0,0,0,0,0,0,0,0,0,0,0,0,0,0,0,0.5922,0,0,0,0,0,0,0,0,0
"E_Assert",0,0,0,0,0,0,0,0,0,0,0,0,0,0,0,0,0,0,0,0,0,0,0.4447,0,0,0,0,0,0,0,0
"E_EnerLev",0,0,0,0,0,0,0,0,0,0,0,0,0,0,0,0,0,0,0,0,0,0,0,0.8794,0,0,0,0,0,0,0
"E_Scblty",0,0,0,0,0,0,0,0,0,0,0,0,0,0,0,0,0,0,0,0,0,0,0,0,0.0527,0,0,0,0,0,0
"N_Anxty",0,0,0,0,0,0,0,0,0,0,0,0,0,0,0,0,0,0,0,0,0,0,0,0,0,0.0017,0,0,0,0,0
"N_Depr",0,0,0,0,0,0,0,0,0,0,0,0,0,0,0,0,0,0,0,0,0,0,0,0,0,0,19.0492,0,0,0,0
"N_EmoVol",0,0,0,0,0,0,0,0,0,0,0,0,0,0,0,0,0,0,0,0,0,0,0,0,0,0,0,0.2185,0,0,0
"O_AesSens",0,0,0,0,0,0,0,0,0,0,0,0,0,0,0,0,0,0,0,0,0,0,0,0,0,0,0,0,0.8394,0,0
"O_CrtvImag",0,0,0,0,0,0,0,0,0,0,0,0,0,0,0,0,0,0,0,0,0,0,0,0,0,0,0,0,0,0.2395,0
"O_IntCur",0,0,0,0,0,0,0,0,0,0,0,0,0,0,0,0,0,0,0,0,0,0,0,0,0,0,0,0,0,0,0.4846
