"","cumsumT","A_Cmpnlag","A_Rspctlag","A_Trustlag","C_Orglag","C_Prdctvlag","C_Rspnbllag","E_Assertlag","E_EnerLevlag","E_Scbltylag","N_Anxtylag","N_Deprlag","N_EmoVollag","O_AesSenslag","O_CrtvImaglag","O_IntCurlag","A_Cmpn","A_Rspct","A_Trust","C_Org","C_Prdctv","C_Rspnbl","E_Assert","E_EnerLev","E_Scblty","N_Anxty","N_Depr","N_EmoVol","O_AesSens","O_CrtvImag","O_IntCur"
"cumsumT",0.9681,0.1937,0.0183,0.1117,0.0669,0.114,-0.0149,-0.0815,-0.1231,0.003,0.2206,0.231,-0.149,-0.2069,-0.0608,0.0395,0,0,0,0,0,0,0,0,0,0,0,0,0,0,0
"A_Cmpnlag",0.1937,0.9918,0.2021,0.1262,0.1732,0.2188,0.1838,0.0686,0.0789,0.0247,0.0935,-0.2038,-0.0195,0.0461,0.0173,0.1369,0,0,0,0,0,0,0,0,0,0,0,0,0,0,0
"A_Rspctlag",0.0183,0.2021,0.9998,0.0641,0.1138,0.3951,0.2833,0.1756,0.1499,0.0656,-0.0261,-0.0324,-0.0322,-0.1672,0.2193,0.1312,0,0,0,0,0,0,0,0,0,0,0,0,0,0,0
"A_Trustlag",0.1117,0.1262,0.0641,0.9959,0.122,0.1238,0.0391,-0.0234,-0.1265,-0.1081,-0.0783,-0.0615,-0.184,0.0061,0.068,-0.048,0,0,0,0,0,0,0,0,0,0,0,0,0,0,0
"C_Orglag",0.0669,0.1732,0.1138,0.122,0.9814,0.1483,0.2067,0.1921,0.1995,-0.2396,-0.0514,-0.216,-0.1285,-0.1563,0.1064,0.0492,0,0,0,0,0,0,0,0,0,0,0,0,0,0,0
"C_Prdctvlag",0.114,0.2188,0.3951,0.1238,0.1483,0.9715,0.5166,0.3582,0.1703,0.0714,-0.005,-0.2745,-0.2082,-0.0466,0.2726,0.1373,0,0,0,0,0,0,0,0,0,0,0,0,0,0,0
"C_Rspnbllag",-0.0149,0.1838,0.2833,0.0391,0.2067,0.5166,0.9988,0.2395,0.1973,0.1794,-0.0477,-0.1782,-0.1543,-0.0174,0.2383,0.0924,0,0,0,0,0,0,0,0,0,0,0,0,0,0,0
"E_Assertlag",-0.0815,0.0686,0.1756,-0.0234,0.1921,0.3582,0.2395,0.9984,0.3093,0.219,-0.0036,-0.2637,-0.0728,-0.2575,0.3578,0.0501,0,0,0,0,0,0,0,0,0,0,0,0,0,0,0
"E_EnerLevlag",-0.1231,0.0789,0.1499,-0.1265,0.1995,0.1703,0.1973,0.3093,0.9965,0.3356,0.0099,-0.2819,-0.0133,-0.0502,0.2237,0.0528,0,0,0,0,0,0,0,0,0,0,0,0,0,0,0
"E_Scbltylag",0.003,0.0247,0.0656,-0.1081,-0.2396,0.0714,0.1794,0.219,0.3356,0.9312,0.0133,-0.1765,-0.0226,0.1731,0.1808,0.1584,0,0,0,0,0,0,0,0,0,0,0,0,0,0,0
"N_Anxtylag",0.2206,0.0935,-0.0261,-0.0783,-0.0514,-0.005,-0.0477,-0.0036,0.0099,0.0133,0.9975,0.2649,0.1998,-0.1878,-0.0408,0.1355,0,0,0,0,0,0,0,0,0,0,0,0,0,0,0
"N_Deprlag",0.231,-0.2038,-0.0324,-0.0615,-0.216,-0.2745,-0.1782,-0.2637,-0.2819,-0.1765,0.2649,0.9947,0.3225,-0.2362,-0.307,-0.1933,0,0,0,0,0,0,0,0,0,0,0,0,0,0,0
"N_EmoVollag",-0.149,-0.0195,-0.0322,-0.184,-0.1285,-0.2082,-0.1543,-0.0728,-0.0133,-0.0226,0.1998,0.3225,0.9608,-0.0381,-0.1854,-0.1917,0,0,0,0,0,0,0,0,0,0,0,0,0,0,0
"O_AesSenslag",-0.2069,0.0461,-0.1672,0.0061,-0.1563,-0.0466,-0.0174,-0.2575,-0.0502,0.1731,-0.1878,-0.2362,-0.0381,0.998,-0.0958,0.156,0,0,0,0,0,0,0,0,0,0,0,0,0,0,0
"O_CrtvImaglag",-0.0608,0.0173,0.2193,0.068,0.1064,0.2726,0.2383,0.3578,0.2237,0.1808,-0.0408,-0.307,-0.1854,-0.0958,0.9974,0.233,0,0,0,0,0,0,0,0,0,0,0,0,0,0,0
"O_IntCurlag",0.0395,0.1369,0.1312,-0.048,0.0492,0.1373,0.0924,0.0501,0.0528,0.1584,0.1355,-0.1933,-0.1917,0.156,0.233,0.9883,0,0,0,0,0,0,0,0,0,0,0,0,0,0,0
"A_Cmpn",0,0,0,0,0,0,0,0,0,0,0,0,0,0,0,0,0.8271,0,0,0,0,0,0,0,0,0,0,0,0,0,0
"A_Rspct",0,0,0,0,0,0,0,0,0,0,0,0,0,0,0,0,0,0.8322,0,0,0,0,0,0,0,0,0,0,0,0,0
"A_Trust",0,0,0,0,0,0,0,0,0,0,0,0,0,0,0,0,0,0,0.9692,0,0,0,0,0,0,0,0,0,0,0,0
"C_Org",0,0,0,0,0,0,0,0,0,0,0,0,0,0,0,0,0,0,0,0.9607,0,0,0,0,0,0,0,0,0,0,0
"C_Prdctv",0,0,0,0,0,0,0,0,0,0,0,0,0,0,0,0,0,0,0,0,0.7261,0,0,0,0,0,0,0,0,0,0
"C_Rspnbl",0,0,0,0,0,0,0,0,0,0,0,0,0,0,0,0,0,0,0,0,0,0.7724,0,0,0,0,0,0,0,0,0
"E_Assert",0,0,0,0,0,0,0,0,0,0,0,0,0,0,0,0,0,0,0,0,0,0,0.8438,0,0,0,0,0,0,0,0
"E_EnerLev",0,0,0,0,0,0,0,0,0,0,0,0,0,0,0,0,0,0,0,0,0,0,0,1.4797,0,0,0,0,0,0,0
"E_Scblty",0,0,0,0,0,0,0,0,0,0,0,0,0,0,0,0,0,0,0,0,0,0,0,0,0.7596,0,0,0,0,0,0
"N_Anxty",0,0,0,0,0,0,0,0,0,0,0,0,0,0,0,0,0,0,0,0,0,0,0,0,0,0.9229,0,0,0,0,0
"N_Depr",0,0,0,0,0,0,0,0,0,0,0,0,0,0,0,0,0,0,0,0,0,0,0,0,0,0,0.8109,0,0,0,0
"N_EmoVol",0,0,0,0,0,0,0,0,0,0,0,0,0,0,0,0,0,0,0,0,0,0,0,0,0,0,0,0.8831,0,0,0
"O_AesSens",0,0,0,0,0,0,0,0,0,0,0,0,0,0,0,0,0,0,0,0,0,0,0,0,0,0,0,0,0.7422,0,0
"O_CrtvImag",0,0,0,0,0,0,0,0,0,0,0,0,0,0,0,0,0,0,0,0,0,0,0,0,0,0,0,0,0,0.7248,0
"O_IntCur",0,0,0,0,0,0,0,0,0,0,0,0,0,0,0,0,0,0,0,0,0,0,0,0,0,0,0,0,0,0,0.9831
