"","cumsumT","A_Cmpnlag","A_Rspctlag","A_Trustlag","C_Orglag","C_Prdctvlag","C_Rspnbllag","E_Assertlag","E_EnerLevlag","E_Scbltylag","N_Anxtylag","N_Deprlag","N_EmoVollag","O_AesSenslag","O_CrtvImaglag","O_IntCurlag","A_Cmpn","A_Rspct","A_Trust","C_Org","C_Prdctv","C_Rspnbl","E_Assert","E_EnerLev","E_Scblty","N_Anxty","N_Depr","N_EmoVol","O_AesSens","O_CrtvImag","O_IntCur"
"cumsumT",0.958,-0.381,-0.0063,-0.1812,0.0884,0.0285,0.1079,0.3058,0.0204,0.0096,0.2075,-0.0152,0.2074,0.1926,0.2081,-0.0209,0,0,0,0,0,0,0,0,0,0,0,0,0,0,0
"A_Cmpnlag",-0.381,0.9681,0.467,0.1308,0.0627,-0.0049,0.1522,-0.1165,0.4589,0.2756,-0.0255,-0.0794,-0.3351,0.1192,0.2258,0.261,0,0,0,0,0,0,0,0,0,0,0,0,0,0,0
"A_Rspctlag",-0.0063,0.467,0.9523,0.3874,0.2357,-0.0986,0.1144,-0.2493,0.1143,0.0735,-0.0341,-0.186,-0.215,0.265,-0.0735,0.1362,0,0,0,0,0,0,0,0,0,0,0,0,0,0,0
"A_Trustlag",-0.1812,0.1308,0.3874,0.8905,0.072,0.1247,0.1824,-0.3088,0.1052,0.0934,-0.3136,-0.2285,-0.2321,-0.007,-0.1958,0.146,0,0,0,0,0,0,0,0,0,0,0,0,0,0,0
"C_Orglag",0.0884,0.0627,0.2357,0.072,0.9364,0.2009,0.4284,-0.1915,-0.028,0.122,-0.1345,-0.0502,-0.0054,-0.0491,-0.1096,0.271,0,0,0,0,0,0,0,0,0,0,0,0,0,0,0
"C_Prdctvlag",0.0285,-0.0049,-0.0986,0.1247,0.2009,0.9843,0.4766,0.1275,0.072,0.2167,-0.064,-0.0256,-0.0462,0.1669,0.2629,0.2574,0,0,0,0,0,0,0,0,0,0,0,0,0,0,0
"C_Rspnbllag",0.1079,0.1522,0.1144,0.1824,0.4284,0.4766,0.9919,-0.2278,0.2031,0.1858,-0.0314,-0.205,-0.2638,0.0199,0.132,0.2796,0,0,0,0,0,0,0,0,0,0,0,0,0,0,0
"E_Assertlag",0.3058,-0.1165,-0.2493,-0.3088,-0.1915,0.1275,-0.2278,0.993,0.3204,0.2619,-0.0216,-0.1224,-0.0878,0.0818,0.2586,0.0049,0,0,0,0,0,0,0,0,0,0,0,0,0,0,0
"E_EnerLevlag",0.0204,0.4589,0.1143,0.1052,-0.028,0.072,0.2031,0.3204,0.9998,0.641,-0.1315,-0.3114,-0.2234,-0.0804,0.2401,0.3332,0,0,0,0,0,0,0,0,0,0,0,0,0,0,0
"E_Scbltylag",0.0096,0.2756,0.0735,0.0934,0.122,0.2167,0.1858,0.2619,0.641,0.9968,-0.3347,-0.3083,-0.2613,-0.1315,0.0604,0.2159,0,0,0,0,0,0,0,0,0,0,0,0,0,0,0
"N_Anxtylag",0.2075,-0.0255,-0.0341,-0.3136,-0.1345,-0.064,-0.0314,-0.0216,-0.1315,-0.3347,0.8823,0.3787,0.2416,0.0282,0.3084,-0.1686,0,0,0,0,0,0,0,0,0,0,0,0,0,0,0
"N_Deprlag",-0.0152,-0.0794,-0.186,-0.2285,-0.0502,-0.0256,-0.205,-0.1224,-0.3114,-0.3083,0.3787,0.8387,0.5129,-0.1438,-0.0047,-0.2682,0,0,0,0,0,0,0,0,0,0,0,0,0,0,0
"N_EmoVollag",0.2074,-0.3351,-0.215,-0.2321,-0.0054,-0.0462,-0.2638,-0.0878,-0.2234,-0.2613,0.2416,0.5129,0.9595,-0.1489,-2e-04,-0.0962,0,0,0,0,0,0,0,0,0,0,0,0,0,0,0
"O_AesSenslag",0.1926,0.1192,0.265,-0.007,-0.0491,0.1669,0.0199,0.0818,-0.0804,-0.1315,0.0282,-0.1438,-0.1489,0.9848,0.1983,0.1991,0,0,0,0,0,0,0,0,0,0,0,0,0,0,0
"O_CrtvImaglag",0.2081,0.2258,-0.0735,-0.1958,-0.1096,0.2629,0.132,0.2586,0.2401,0.0604,0.3084,-0.0047,-2e-04,0.1983,0.9972,0.2337,0,0,0,0,0,0,0,0,0,0,0,0,0,0,0
"O_IntCurlag",-0.0209,0.261,0.1362,0.146,0.271,0.2574,0.2796,0.0049,0.3332,0.2159,-0.1686,-0.2682,-0.0962,0.1991,0.2337,0.9702,0,0,0,0,0,0,0,0,0,0,0,0,0,0,0
"A_Cmpn",0,0,0,0,0,0,0,0,0,0,0,0,0,0,0,0,0.4682,0,0,0,0,0,0,0,0,0,0,0,0,0,0
"A_Rspct",0,0,0,0,0,0,0,0,0,0,0,0,0,0,0,0,0,0.654,0,0,0,0,0,0,0,0,0,0,0,0,0
"A_Trust",0,0,0,0,0,0,0,0,0,0,0,0,0,0,0,0,0,0,0.5887,0,0,0,0,0,0,0,0,0,0,0,0
"C_Org",0,0,0,0,0,0,0,0,0,0,0,0,0,0,0,0,0,0,0,0.6478,0,0,0,0,0,0,0,0,0,0,0
"C_Prdctv",0,0,0,0,0,0,0,0,0,0,0,0,0,0,0,0,0,0,0,0,0.5611,0,0,0,0,0,0,0,0,0,0
"C_Rspnbl",0,0,0,0,0,0,0,0,0,0,0,0,0,0,0,0,0,0,0,0,0,0.9041,0,0,0,0,0,0,0,0,0
"E_Assert",0,0,0,0,0,0,0,0,0,0,0,0,0,0,0,0,0,0,0,0,0,0,0.3345,0,0,0,0,0,0,0,0
"E_EnerLev",0,0,0,0,0,0,0,0,0,0,0,0,0,0,0,0,0,0,0,0,0,0,0,0.4586,0,0,0,0,0,0,0
"E_Scblty",0,0,0,0,0,0,0,0,0,0,0,0,0,0,0,0,0,0,0,0,0,0,0,0,0.2856,0,0,0,0,0,0
"N_Anxty",0,0,0,0,0,0,0,0,0,0,0,0,0,0,0,0,0,0,0,0,0,0,0,0,0,0.4245,0,0,0,0,0
"N_Depr",0,0,0,0,0,0,0,0,0,0,0,0,0,0,0,0,0,0,0,0,0,0,0,0,0,0,0.6203,0,0,0,0
"N_EmoVol",0,0,0,0,0,0,0,0,0,0,0,0,0,0,0,0,0,0,0,0,0,0,0,0,0,0,0,0.4594,0,0,0
"O_AesSens",0,0,0,0,0,0,0,0,0,0,0,0,0,0,0,0,0,0,0,0,0,0,0,0,0,0,0,0,0.7762,0,0
"O_CrtvImag",0,0,0,0,0,0,0,0,0,0,0,0,0,0,0,0,0,0,0,0,0,0,0,0,0,0,0,0,0,0.7411,0
"O_IntCur",0,0,0,0,0,0,0,0,0,0,0,0,0,0,0,0,0,0,0,0,0,0,0,0,0,0,0,0,0,0,0.4306
