"","cumsumT","A_Cmpnlag","A_Rspctlag","A_Trustlag","C_Orglag","C_Prdctvlag","C_Rspnbllag","E_Assertlag","E_EnerLevlag","E_Scbltylag","N_Anxtylag","N_Deprlag","N_EmoVollag","O_AesSenslag","O_CrtvImaglag","O_IntCurlag","A_Cmpn","A_Rspct","A_Trust","C_Org","C_Prdctv","C_Rspnbl","E_Assert","E_EnerLev","E_Scblty","N_Anxty","N_Depr","N_EmoVol","O_AesSens","O_CrtvImag","O_IntCur"
"cumsumT",1,0.1263,0.2613,0.0434,-0.1262,-0.0254,-0.0782,-0.0454,0.0086,0.125,-0.0812,0.0681,0.0474,-0.0186,0.0563,-0.042,0,0,0,0,0,0,0,0,0,0,0,0,0,0,0
"A_Cmpnlag",0.1263,1,0.2673,0.2199,-0.0313,0.1255,0.0853,0.0116,0.2302,0.135,-0.0115,0.0373,0.0568,0.1133,0.1344,0.1398,0,0,0,0,0,0,0,0,0,0,0,0,0,0,0
"A_Rspctlag",0.2613,0.2673,1,0.2142,0.0295,0.2376,0.0493,0.1024,0.0442,0.0118,0.1672,0.0535,0.0092,0.1145,0.0205,0.2752,0,0,0,0,0,0,0,0,0,0,0,0,0,0,0
"A_Trustlag",0.0434,0.2199,0.2142,1,0.1372,0.2157,0.152,0.1529,0.159,0.1569,-0.1524,-0.1319,-0.1758,0.1726,0.1851,0.1101,0,0,0,0,0,0,0,0,0,0,0,0,0,0,0
"C_Orglag",-0.1262,-0.0313,0.0295,0.1372,1,0.3279,0.2199,0.3624,0.189,0.1505,-0.066,-0.1251,-0.0182,-0.0509,-0.0708,0.1318,0,0,0,0,0,0,0,0,0,0,0,0,0,0,0
"C_Prdctvlag",-0.0254,0.1255,0.2376,0.2157,0.3279,1,0.4551,0.2102,0.2258,0.2247,-0.0803,-0.1327,-0.1367,0.2305,0.3499,0.4686,0,0,0,0,0,0,0,0,0,0,0,0,0,0,0
"C_Rspnbllag",-0.0782,0.0853,0.0493,0.152,0.2199,0.4551,1,0.0616,0.2458,0.041,-0.1747,-0.0268,-0.159,0.083,0.1737,0.2065,0,0,0,0,0,0,0,0,0,0,0,0,0,0,0
"E_Assertlag",-0.0454,0.0116,0.1024,0.1529,0.3624,0.2102,0.0616,1,0.3487,0.2542,-0.1722,-0.1156,-0.0499,-0.0136,0.1974,0.2229,0,0,0,0,0,0,0,0,0,0,0,0,0,0,0
"E_EnerLevlag",0.0086,0.2302,0.0442,0.159,0.189,0.2258,0.2458,0.3487,1,0.4986,-0.3879,-0.2591,-0.1355,0.1816,0.2302,0.2665,0,0,0,0,0,0,0,0,0,0,0,0,0,0,0
"E_Scbltylag",0.125,0.135,0.0118,0.1569,0.1505,0.2247,0.041,0.2542,0.4986,1,-0.2944,-0.1599,0.0217,0.1194,0.1428,0.177,0,0,0,0,0,0,0,0,0,0,0,0,0,0,0
"N_Anxtylag",-0.0812,-0.0115,0.1672,-0.1524,-0.066,-0.0803,-0.1747,-0.1722,-0.3879,-0.2944,1,0.4134,0.2919,-0.1162,-0.1715,0.0631,0,0,0,0,0,0,0,0,0,0,0,0,0,0,0
"N_Deprlag",0.0681,0.0373,0.0535,-0.1319,-0.1251,-0.1327,-0.0268,-0.1156,-0.2591,-0.1599,0.4134,1,0.5773,-0.1781,-0.0806,0.0359,0,0,0,0,0,0,0,0,0,0,0,0,0,0,0
"N_EmoVollag",0.0474,0.0568,0.0092,-0.1758,-0.0182,-0.1367,-0.159,-0.0499,-0.1355,0.0217,0.2919,0.5773,1,-0.1972,-0.0689,0.0976,0,0,0,0,0,0,0,0,0,0,0,0,0,0,0
"O_AesSenslag",-0.0186,0.1133,0.1145,0.1726,-0.0509,0.2305,0.083,-0.0136,0.1816,0.1194,-0.1162,-0.1781,-0.1972,1,0.1234,0.2654,0,0,0,0,0,0,0,0,0,0,0,0,0,0,0
"O_CrtvImaglag",0.0563,0.1344,0.0205,0.1851,-0.0708,0.3499,0.1737,0.1974,0.2302,0.1428,-0.1715,-0.0806,-0.0689,0.1234,1,0.3593,0,0,0,0,0,0,0,0,0,0,0,0,0,0,0
"O_IntCurlag",-0.042,0.1398,0.2752,0.1101,0.1318,0.4686,0.2065,0.2229,0.2665,0.177,0.0631,0.0359,0.0976,0.2654,0.3593,1,0,0,0,0,0,0,0,0,0,0,0,0,0,0,0
"A_Cmpn",0,0,0,0,0,0,0,0,0,0,0,0,0,0,0,0,0.8792,0,0,0,0,0,0,0,0,0,0,0,0,0,0
"A_Rspct",0,0,0,0,0,0,0,0,0,0,0,0,0,0,0,0,0,0.777,0,0,0,0,0,0,0,0,0,0,0,0,0
"A_Trust",0,0,0,0,0,0,0,0,0,0,0,0,0,0,0,0,0,0,0.9326,0,0,0,0,0,0,0,0,0,0,0,0
"C_Org",0,0,0,0,0,0,0,0,0,0,0,0,0,0,0,0,0,0,0,0.6196,0,0,0,0,0,0,0,0,0,0,0
"C_Prdctv",0,0,0,0,0,0,0,0,0,0,0,0,0,0,0,0,0,0,0,0,0.7243,0,0,0,0,0,0,0,0,0,0
"C_Rspnbl",0,0,0,0,0,0,0,0,0,0,0,0,0,0,0,0,0,0,0,0,0,0.9191,0,0,0,0,0,0,0,0,0
"E_Assert",0,0,0,0,0,0,0,0,0,0,0,0,0,0,0,0,0,0,0,0,0,0,0.8297,0,0,0,0,0,0,0,0
"E_EnerLev",0,0,0,0,0,0,0,0,0,0,0,0,0,0,0,0,0,0,0,0,0,0,0,0.7434,0,0,0,0,0,0,0
"E_Scblty",0,0,0,0,0,0,0,0,0,0,0,0,0,0,0,0,0,0,0,0,0,0,0,0,0.9862,0,0,0,0,0,0
"N_Anxty",0,0,0,0,0,0,0,0,0,0,0,0,0,0,0,0,0,0,0,0,0,0,0,0,0,0.7968,0,0,0,0,0
"N_Depr",0,0,0,0,0,0,0,0,0,0,0,0,0,0,0,0,0,0,0,0,0,0,0,0,0,0,0.8032,0,0,0,0
"N_EmoVol",0,0,0,0,0,0,0,0,0,0,0,0,0,0,0,0,0,0,0,0,0,0,0,0,0,0,0,0.5847,0,0,0
"O_AesSens",0,0,0,0,0,0,0,0,0,0,0,0,0,0,0,0,0,0,0,0,0,0,0,0,0,0,0,0,0.8536,0,0
"O_CrtvImag",0,0,0,0,0,0,0,0,0,0,0,0,0,0,0,0,0,0,0,0,0,0,0,0,0,0,0,0,0,1.1106,0
"O_IntCur",0,0,0,0,0,0,0,0,0,0,0,0,0,0,0,0,0,0,0,0,0,0,0,0,0,0,0,0,0,0,1.4144
