"","cumsumT","A_Cmpnlag","A_Rspctlag","A_Trustlag","C_Orglag","C_Prdctvlag","C_Rspnbllag","E_Assertlag","E_EnerLevlag","E_Scbltylag","N_Anxtylag","N_Deprlag","N_EmoVollag","O_AesSenslag","O_CrtvImaglag","O_IntCurlag","A_Cmpn","A_Rspct","A_Trust","C_Org","C_Prdctv","C_Rspnbl","E_Assert","E_EnerLev","E_Scblty","N_Anxty","N_Depr","N_EmoVol","O_AesSens","O_CrtvImag","O_IntCur"
"cumsumT",0.9667,0.117,0.0239,0.0448,0.0535,0.1327,0.058,-0.052,0.1056,-0.0752,0.0493,-0.3046,-0.0958,0.1061,0.0528,0.0373,0,0,0,0,0,0,0,0,0,0,0,0,0,0,0
"A_Cmpnlag",0.117,0.9901,0.0657,0.3563,0.1279,0.0028,0.0202,0.2551,-0.0221,0.1526,-0.0508,-0.177,-0.1132,0.0179,0.1811,-0.1076,0,0,0,0,0,0,0,0,0,0,0,0,0,0,0
"A_Rspctlag",0.0239,0.0657,0.9796,0.1926,-0.0155,0.0407,-0.0842,0.0172,0.0345,-0.0796,0.0161,-0.2144,-0.0703,-0.0704,-0.1262,0.1476,0,0,0,0,0,0,0,0,0,0,0,0,0,0,0
"A_Trustlag",0.0448,0.3563,0.1926,1,0.1785,0.2415,0.2316,0.0178,0.0124,0.1802,-0.214,-0.272,-0.357,-0.0692,-0.0456,0.2687,0,0,0,0,0,0,0,0,0,0,0,0,0,0,0
"C_Orglag",0.0535,0.1279,-0.0155,0.1785,0.9789,0.2822,0.3934,-0.0154,0.0804,0.0901,-0.263,-0.2127,-0.2684,0.0816,0.0381,0.1106,0,0,0,0,0,0,0,0,0,0,0,0,0,0,0
"C_Prdctvlag",0.1327,0.0028,0.0407,0.2415,0.2822,0.9953,0.5016,1e-04,0.1171,0.1789,0.1342,-0.2117,-0.1607,0.0835,0.2301,0.1921,0,0,0,0,0,0,0,0,0,0,0,0,0,0,0
"C_Rspnbllag",0.058,0.0202,-0.0842,0.2316,0.3934,0.5016,0.9978,-0.003,0.0835,0.0985,-0.2004,-0.2585,-0.3002,-0.0477,0.1373,0.209,0,0,0,0,0,0,0,0,0,0,0,0,0,0,0
"E_Assertlag",-0.052,0.2551,0.0172,0.0178,-0.0154,1e-04,-0.003,0.9999,0.2609,0.3569,-0.0299,-0.1654,-0.1841,-0.1239,0.3093,0.0285,0,0,0,0,0,0,0,0,0,0,0,0,0,0,0
"E_EnerLevlag",0.1056,-0.0221,0.0345,0.0124,0.0804,0.1171,0.0835,0.2609,0.9996,0.5391,-0.0387,-0.2885,-0.0334,-0.028,0.254,0.1048,0,0,0,0,0,0,0,0,0,0,0,0,0,0,0
"E_Scbltylag",-0.0752,0.1526,-0.0796,0.1802,0.0901,0.1789,0.0985,0.3569,0.5391,0.992,-0.0416,-0.1086,0.0841,-0.1683,0.359,0.1468,0,0,0,0,0,0,0,0,0,0,0,0,0,0,0
"N_Anxtylag",0.0493,-0.0508,0.0161,-0.214,-0.263,0.1342,-0.2004,-0.0299,-0.0387,-0.0416,0.9997,0.2599,0.3007,0.3058,0.1126,-0.0741,0,0,0,0,0,0,0,0,0,0,0,0,0,0,0
"N_Deprlag",-0.3046,-0.177,-0.2144,-0.272,-0.2127,-0.2117,-0.2585,-0.1654,-0.2885,-0.1086,0.2599,0.9998,0.4606,0.0898,-0.1574,-0.2124,0,0,0,0,0,0,0,0,0,0,0,0,0,0,0
"N_EmoVollag",-0.0958,-0.1132,-0.0703,-0.357,-0.2684,-0.1607,-0.3002,-0.1841,-0.0334,0.0841,0.3007,0.4606,0.9999,0.0559,0.0352,-0.0926,0,0,0,0,0,0,0,0,0,0,0,0,0,0,0
"O_AesSenslag",0.1061,0.0179,-0.0704,-0.0692,0.0816,0.0835,-0.0477,-0.1239,-0.028,-0.1683,0.3058,0.0898,0.0559,0.9881,-0.0257,-0.039,0,0,0,0,0,0,0,0,0,0,0,0,0,0,0
"O_CrtvImaglag",0.0528,0.1811,-0.1262,-0.0456,0.0381,0.2301,0.1373,0.3093,0.254,0.359,0.1126,-0.1574,0.0352,-0.0257,0.9997,0.2126,0,0,0,0,0,0,0,0,0,0,0,0,0,0,0
"O_IntCurlag",0.0373,-0.1076,0.1476,0.2687,0.1106,0.1921,0.209,0.0285,0.1048,0.1468,-0.0741,-0.2124,-0.0926,-0.039,0.2126,0.9366,0,0,0,0,0,0,0,0,0,0,0,0,0,0,0
"A_Cmpn",0,0,0,0,0,0,0,0,0,0,0,0,0,0,0,0,0.6481,0,0,0,0,0,0,0,0,0,0,0,0,0,0
"A_Rspct",0,0,0,0,0,0,0,0,0,0,0,0,0,0,0,0,0,0.8825,0,0,0,0,0,0,0,0,0,0,0,0,0
"A_Trust",0,0,0,0,0,0,0,0,0,0,0,0,0,0,0,0,0,0,0.8236,0,0,0,0,0,0,0,0,0,0,0,0
"C_Org",0,0,0,0,0,0,0,0,0,0,0,0,0,0,0,0,0,0,0,0.9019,0,0,0,0,0,0,0,0,0,0,0
"C_Prdctv",0,0,0,0,0,0,0,0,0,0,0,0,0,0,0,0,0,0,0,0,0.6794,0,0,0,0,0,0,0,0,0,0
"C_Rspnbl",0,0,0,0,0,0,0,0,0,0,0,0,0,0,0,0,0,0,0,0,0,0.7616,0,0,0,0,0,0,0,0,0
"E_Assert",0,0,0,0,0,0,0,0,0,0,0,0,0,0,0,0,0,0,0,0,0,0,0.7886,0,0,0,0,0,0,0,0
"E_EnerLev",0,0,0,0,0,0,0,0,0,0,0,0,0,0,0,0,0,0,0,0,0,0,0,0.8947,0,0,0,0,0,0,0
"E_Scblty",0,0,0,0,0,0,0,0,0,0,0,0,0,0,0,0,0,0,0,0,0,0,0,0,0.6645,0,0,0,0,0,0
"N_Anxty",0,0,0,0,0,0,0,0,0,0,0,0,0,0,0,0,0,0,0,0,0,0,0,0,0,0.7896,0,0,0,0,0
"N_Depr",0,0,0,0,0,0,0,0,0,0,0,0,0,0,0,0,0,0,0,0,0,0,0,0,0,0,0.6201,0,0,0,0
"N_EmoVol",0,0,0,0,0,0,0,0,0,0,0,0,0,0,0,0,0,0,0,0,0,0,0,0,0,0,0,0.7225,0,0,0
"O_AesSens",0,0,0,0,0,0,0,0,0,0,0,0,0,0,0,0,0,0,0,0,0,0,0,0,0,0,0,0,0.8145,0,0
"O_CrtvImag",0,0,0,0,0,0,0,0,0,0,0,0,0,0,0,0,0,0,0,0,0,0,0,0,0,0,0,0,0,0.8079,0
"O_IntCur",0,0,0,0,0,0,0,0,0,0,0,0,0,0,0,0,0,0,0,0,0,0,0,0,0,0,0,0,0,0,0.87
