"","cumsumT","A_Cmpnlag","A_Rspctlag","A_Trustlag","C_Orglag","C_Prdctvlag","C_Rspnbllag","E_Assertlag","E_EnerLevlag","E_Scbltylag","N_Anxtylag","N_Deprlag","N_EmoVollag","O_AesSenslag","O_CrtvImaglag","O_IntCurlag","A_Cmpn","A_Rspct","A_Trust","C_Org","C_Prdctv","C_Rspnbl","E_Assert","E_EnerLev","E_Scblty","N_Anxty","N_Depr","N_EmoVol","O_AesSens","O_CrtvImag","O_IntCur"
"cumsumT",0.954,0.2285,0.1178,0.1141,-0.0511,-0.0808,0.0725,-0.2068,0.0302,-0.0051,-0.1289,-0.1186,-0.1619,-0.0597,0.2108,0.0871,0,0,0,0,0,0,0,0,0,0,0,0,0,0,0
"A_Cmpnlag",0.2285,0.9984,0.3244,0.2443,0.2095,0.2525,0.2402,0.024,0.3554,0.3528,-0.1717,-0.1649,-0.1909,0.1918,0.1104,-0.0044,0,0,0,0,0,0,0,0,0,0,0,0,0,0,0
"A_Rspctlag",0.1178,0.3244,0.9236,0.2998,0.0207,0.3026,0.3075,-0.2243,0.2278,0.0573,-0.0549,-0.3049,-0.2883,0.165,0.1493,0.1528,0,0,0,0,0,0,0,0,0,0,0,0,0,0,0
"A_Trustlag",0.1141,0.2443,0.2998,0.9977,0.2901,0.1391,0.2024,-0.1576,0.3649,0.2804,-0.4275,-0.4153,-0.324,0.0785,0.1495,0.0226,0,0,0,0,0,0,0,0,0,0,0,0,0,0,0
"C_Orglag",-0.0511,0.2095,0.0207,0.2901,0.9898,0.4261,0.3606,0.3735,0.4124,0.4855,-0.4934,-0.2403,-0.3503,0.1724,0.258,0.176,0,0,0,0,0,0,0,0,0,0,0,0,0,0,0
"C_Prdctvlag",-0.0808,0.2525,0.3026,0.1391,0.4261,0.9867,0.3957,0.2075,0.4266,0.273,-0.2837,-0.4364,-0.3722,0.278,0.3411,0.0972,0,0,0,0,0,0,0,0,0,0,0,0,0,0,0
"C_Rspnbllag",0.0725,0.2402,0.3075,0.2024,0.3606,0.3957,0.9952,0.0308,0.2764,0.2537,-0.2177,-0.3307,-0.2713,-6e-04,-0.0482,0.241,0,0,0,0,0,0,0,0,0,0,0,0,0,0,0
"E_Assertlag",-0.2068,0.024,-0.2243,-0.1576,0.3735,0.2075,0.0308,0.9975,0.2927,0.4092,-0.0445,0.0877,0.1561,0.1641,0.1683,0.2432,0,0,0,0,0,0,0,0,0,0,0,0,0,0,0
"E_EnerLevlag",0.0302,0.3554,0.2278,0.3649,0.4124,0.4266,0.2764,0.2927,0.9795,0.5718,-0.363,-0.4783,-0.3216,0.2538,0.2997,0.0424,0,0,0,0,0,0,0,0,0,0,0,0,0,0,0
"E_Scbltylag",-0.0051,0.3528,0.0573,0.2804,0.4855,0.273,0.2537,0.4092,0.5718,0.9262,-0.3612,-0.1755,-0.1575,0.1702,0.2487,0.3551,0,0,0,0,0,0,0,0,0,0,0,0,0,0,0
"N_Anxtylag",-0.1289,-0.1717,-0.0549,-0.4275,-0.4934,-0.2837,-0.2177,-0.0445,-0.363,-0.3612,0.9887,0.4143,0.4439,-0.0853,-0.2384,-0.162,0,0,0,0,0,0,0,0,0,0,0,0,0,0,0
"N_Deprlag",-0.1186,-0.1649,-0.3049,-0.4153,-0.2403,-0.4364,-0.3307,0.0877,-0.4783,-0.1755,0.4143,0.993,0.5942,-0.0982,-0.1154,-0.1209,0,0,0,0,0,0,0,0,0,0,0,0,0,0,0
"N_EmoVollag",-0.1619,-0.1909,-0.2883,-0.324,-0.3503,-0.3722,-0.2713,0.1561,-0.3216,-0.1575,0.4439,0.5942,0.9931,-0.1303,-0.1427,-0.0034,0,0,0,0,0,0,0,0,0,0,0,0,0,0,0
"O_AesSenslag",-0.0597,0.1918,0.165,0.0785,0.1724,0.278,-6e-04,0.1641,0.2538,0.1702,-0.0853,-0.0982,-0.1303,0.9988,0.1792,0.2626,0,0,0,0,0,0,0,0,0,0,0,0,0,0,0
"O_CrtvImaglag",0.2108,0.1104,0.1493,0.1495,0.258,0.3411,-0.0482,0.1683,0.2997,0.2487,-0.2384,-0.1154,-0.1427,0.1792,0.9849,0.1459,0,0,0,0,0,0,0,0,0,0,0,0,0,0,0
"O_IntCurlag",0.0871,-0.0044,0.1528,0.0226,0.176,0.0972,0.241,0.2432,0.0424,0.3551,-0.162,-0.1209,-0.0034,0.2626,0.1459,0.9983,0,0,0,0,0,0,0,0,0,0,0,0,0,0,0
"A_Cmpn",0,0,0,0,0,0,0,0,0,0,0,0,0,0,0,0,0.695,0,0,0,0,0,0,0,0,0,0,0,0,0,0
"A_Rspct",0,0,0,0,0,0,0,0,0,0,0,0,0,0,0,0,0,1.1169,0,0,0,0,0,0,0,0,0,0,0,0,0
"A_Trust",0,0,0,0,0,0,0,0,0,0,0,0,0,0,0,0,0,0,0.6833,0,0,0,0,0,0,0,0,0,0,0,0
"C_Org",0,0,0,0,0,0,0,0,0,0,0,0,0,0,0,0,0,0,0,0.5004,0,0,0,0,0,0,0,0,0,0,0
"C_Prdctv",0,0,0,0,0,0,0,0,0,0,0,0,0,0,0,0,0,0,0,0,0.8563,0,0,0,0,0,0,0,0,0,0
"C_Rspnbl",0,0,0,0,0,0,0,0,0,0,0,0,0,0,0,0,0,0,0,0,0,0.8149,0,0,0,0,0,0,0,0,0
"E_Assert",0,0,0,0,0,0,0,0,0,0,0,0,0,0,0,0,0,0,0,0,0,0,0.5909,0,0,0,0,0,0,0,0
"E_EnerLev",0,0,0,0,0,0,0,0,0,0,0,0,0,0,0,0,0,0,0,0,0,0,0,1.2575,0,0,0,0,0,0,0
"E_Scblty",0,0,0,0,0,0,0,0,0,0,0,0,0,0,0,0,0,0,0,0,0,0,0,0,0.3241,0,0,0,0,0,0
"N_Anxty",0,0,0,0,0,0,0,0,0,0,0,0,0,0,0,0,0,0,0,0,0,0,0,0,0,0.7175,0,0,0,0,0
"N_Depr",0,0,0,0,0,0,0,0,0,0,0,0,0,0,0,0,0,0,0,0,0,0,0,0,0,0,2.0178,0,0,0,0
"N_EmoVol",0,0,0,0,0,0,0,0,0,0,0,0,0,0,0,0,0,0,0,0,0,0,0,0,0,0,0,0.5977,0,0,0
"O_AesSens",0,0,0,0,0,0,0,0,0,0,0,0,0,0,0,0,0,0,0,0,0,0,0,0,0,0,0,0,0.9147,0,0
"O_CrtvImag",0,0,0,0,0,0,0,0,0,0,0,0,0,0,0,0,0,0,0,0,0,0,0,0,0,0,0,0,0,0.7971,0
"O_IntCur",0,0,0,0,0,0,0,0,0,0,0,0,0,0,0,0,0,0,0,0,0,0,0,0,0,0,0,0,0,0,0.9997
