"","cumsumT","A_Cmpnlag","A_Rspctlag","A_Trustlag","C_Orglag","C_Prdctvlag","C_Rspnbllag","E_Assertlag","E_EnerLevlag","E_Scbltylag","N_Anxtylag","N_Deprlag","N_EmoVollag","O_AesSenslag","O_CrtvImaglag","O_IntCurlag","A_Cmpn","A_Rspct","A_Trust","C_Org","C_Prdctv","C_Rspnbl","E_Assert","E_EnerLev","E_Scblty","N_Anxty","N_Depr","N_EmoVol","O_AesSens","O_CrtvImag","O_IntCur"
"cumsumT",0.9651,-0.3151,-0.0773,-0.1054,0.0446,0.0918,0.1641,0.1133,0.0034,-0.1212,0.4252,0.138,0.0694,0.0235,0.1239,0.1905,0,0,0,0,0,0,0,0,0,0,0,0,0,0,0
"A_Cmpnlag",-0.3151,0.9971,0.2383,0.2495,0.1494,-0.0254,-0.0061,0.0679,0.0993,0.3672,-0.2355,-0.3633,-0.1608,0.1102,-0.0468,-0.1622,0,0,0,0,0,0,0,0,0,0,0,0,0,0,0
"A_Rspctlag",-0.0773,0.2383,0.9991,0.2261,0.0958,0.1561,0.1452,-0.0225,0.2788,0.3609,-0.0941,-0.3744,-0.1458,0.1112,0.0113,0.2249,0,0,0,0,0,0,0,0,0,0,0,0,0,0,0
"A_Trustlag",-0.1054,0.2495,0.2261,0.9683,0.1578,0.0649,0.1818,0.1832,0.2246,0.206,-0.1293,-0.4048,-0.324,0.0647,-0.015,-0.0993,0,0,0,0,0,0,0,0,0,0,0,0,0,0,0
"C_Orglag",0.0446,0.1494,0.0958,0.1578,0.9702,0.2399,0.1918,0.1087,-0.1052,0.0344,-0.1219,-0.2434,-0.1982,-0.0991,0.032,-0.0983,0,0,0,0,0,0,0,0,0,0,0,0,0,0,0
"C_Prdctvlag",0.0918,-0.0254,0.1561,0.0649,0.2399,0.9984,0.4963,-0.0405,0.2666,0.1125,-0.1661,-0.2174,-0.3447,-0.0474,0.3643,0.1629,0,0,0,0,0,0,0,0,0,0,0,0,0,0,0
"C_Rspnbllag",0.1641,-0.0061,0.1452,0.1818,0.1918,0.4963,0.9061,0.0552,0.3359,0.0802,-0.0429,-0.3626,-0.3181,0.0218,0.346,0.1798,0,0,0,0,0,0,0,0,0,0,0,0,0,0,0
"E_Assertlag",0.1133,0.0679,-0.0225,0.1832,0.1087,-0.0405,0.0552,0.9998,0.0329,0.0654,-0.0365,-0.0685,-0.0192,-0.0587,0.1448,-0.0438,0,0,0,0,0,0,0,0,0,0,0,0,0,0,0
"E_EnerLevlag",0.0034,0.0993,0.2788,0.2246,-0.1052,0.2666,0.3359,0.0329,0.9991,0.2955,-0.0641,-0.4403,-0.3118,0.0012,0.1455,0.1152,0,0,0,0,0,0,0,0,0,0,0,0,0,0,0
"E_Scbltylag",-0.1212,0.3672,0.3609,0.206,0.0344,0.1125,0.0802,0.0654,0.2955,0.9992,-0.0656,-0.3578,-0.2196,-0.0366,0.1866,0.1001,0,0,0,0,0,0,0,0,0,0,0,0,0,0,0
"N_Anxtylag",0.4252,-0.2355,-0.0941,-0.1293,-0.1219,-0.1661,-0.0429,-0.0365,-0.0641,-0.0656,0.9155,0.3889,0.1365,0.1896,0.0027,0.2399,0,0,0,0,0,0,0,0,0,0,0,0,0,0,0
"N_Deprlag",0.138,-0.3633,-0.3744,-0.4048,-0.2434,-0.2174,-0.3626,-0.0685,-0.4403,-0.3578,0.3889,0.9943,0.4628,0.0813,-0.054,-0.0254,0,0,0,0,0,0,0,0,0,0,0,0,0,0,0
"N_EmoVollag",0.0694,-0.1608,-0.1458,-0.324,-0.1982,-0.3447,-0.3181,-0.0192,-0.3118,-0.2196,0.1365,0.4628,0.9341,-0.094,-0.0796,-0.084,0,0,0,0,0,0,0,0,0,0,0,0,0,0,0
"O_AesSenslag",0.0235,0.1102,0.1112,0.0647,-0.0991,-0.0474,0.0218,-0.0587,0.0012,-0.0366,0.1896,0.0813,-0.094,0.9758,-0.193,0.1373,0,0,0,0,0,0,0,0,0,0,0,0,0,0,0
"O_CrtvImaglag",0.1239,-0.0468,0.0113,-0.015,0.032,0.3643,0.346,0.1448,0.1455,0.1866,0.0027,-0.054,-0.0796,-0.193,0.9866,0.2545,0,0,0,0,0,0,0,0,0,0,0,0,0,0,0
"O_IntCurlag",0.1905,-0.1622,0.2249,-0.0993,-0.0983,0.1629,0.1798,-0.0438,0.1152,0.1001,0.2399,-0.0254,-0.084,0.1373,0.2545,0.9997,0,0,0,0,0,0,0,0,0,0,0,0,0,0,0
"A_Cmpn",0,0,0,0,0,0,0,0,0,0,0,0,0,0,0,0,0.7959,0,0,0,0,0,0,0,0,0,0,0,0,0,0
"A_Rspct",0,0,0,0,0,0,0,0,0,0,0,0,0,0,0,0,0,0.7646,0,0,0,0,0,0,0,0,0,0,0,0,0
"A_Trust",0,0,0,0,0,0,0,0,0,0,0,0,0,0,0,0,0,0,0.7129,0,0,0,0,0,0,0,0,0,0,0,0
"C_Org",0,0,0,0,0,0,0,0,0,0,0,0,0,0,0,0,0,0,0,0.9962,0,0,0,0,0,0,0,0,0,0,0
"C_Prdctv",0,0,0,0,0,0,0,0,0,0,0,0,0,0,0,0,0,0,0,0,0.8451,0,0,0,0,0,0,0,0,0,0
"C_Rspnbl",0,0,0,0,0,0,0,0,0,0,0,0,0,0,0,0,0,0,0,0,0,0.7175,0,0,0,0,0,0,0,0,0
"E_Assert",0,0,0,0,0,0,0,0,0,0,0,0,0,0,0,0,0,0,0,0,0,0,0.99,0,0,0,0,0,0,0,0
"E_EnerLev",0,0,0,0,0,0,0,0,0,0,0,0,0,0,0,0,0,0,0,0,0,0,0,0.6286,0,0,0,0,0,0,0
"E_Scblty",0,0,0,0,0,0,0,0,0,0,0,0,0,0,0,0,0,0,0,0,0,0,0,0,0.7077,0,0,0,0,0,0
"N_Anxty",0,0,0,0,0,0,0,0,0,0,0,0,0,0,0,0,0,0,0,0,0,0,0,0,0,0.6209,0,0,0,0,0
"N_Depr",0,0,0,0,0,0,0,0,0,0,0,0,0,0,0,0,0,0,0,0,0,0,0,0,0,0,0.7663,0,0,0,0
"N_EmoVol",0,0,0,0,0,0,0,0,0,0,0,0,0,0,0,0,0,0,0,0,0,0,0,0,0,0,0,0.7877,0,0,0
"O_AesSens",0,0,0,0,0,0,0,0,0,0,0,0,0,0,0,0,0,0,0,0,0,0,0,0,0,0,0,0,0.9818,0,0
"O_CrtvImag",0,0,0,0,0,0,0,0,0,0,0,0,0,0,0,0,0,0,0,0,0,0,0,0,0,0,0,0,0,0.8499,0
"O_IntCur",0,0,0,0,0,0,0,0,0,0,0,0,0,0,0,0,0,0,0,0,0,0,0,0,0,0,0,0,0,0,0.8141
