"","cumsumT","A_Cmpnlag","A_Rspctlag","A_Trustlag","C_Orglag","C_Prdctvlag","C_Rspnbllag","E_Assertlag","E_EnerLevlag","E_Scbltylag","N_Anxtylag","N_Deprlag","N_EmoVollag","O_AesSenslag","O_CrtvImaglag","O_IntCurlag","A_Cmpn","A_Rspct","A_Trust","C_Org","C_Prdctv","C_Rspnbl","E_Assert","E_EnerLev","E_Scblty","N_Anxty","N_Depr","N_EmoVol","O_AesSens","O_CrtvImag","O_IntCur"
"cumsumT",0.9596,0.2678,0.2957,-0.0186,-0.0862,-0.0449,-0.1266,0.0386,-0.0018,0.0582,0.2295,0.0617,0.0742,-0.0079,-0.1697,-0.056,0,0,0,0,0,0,0,0,0,0,0,0,0,0,0
"A_Cmpnlag",0.2678,0.9814,0.1624,0.2616,0.2406,0.1079,0.0649,0.2832,0.3685,0.3762,-0.1085,-0.1116,-0.004,0.0803,0.3882,0.2424,0,0,0,0,0,0,0,0,0,0,0,0,0,0,0
"A_Rspctlag",0.2957,0.1624,0.9911,0.2405,-0.0308,0.065,-0.0074,-0.0537,-0.1262,0.039,-0.0607,-0.1466,-0.0313,0.0113,-0.0184,0.1717,0,0,0,0,0,0,0,0,0,0,0,0,0,0,0
"A_Trustlag",-0.0186,0.2616,0.2405,0.9867,0.3463,0.2267,0.2397,-0.1249,0.0164,0.1198,-0.3249,-0.2016,-0.4049,0.2033,0.0458,0.3692,0,0,0,0,0,0,0,0,0,0,0,0,0,0,0
"C_Orglag",-0.0862,0.2406,-0.0308,0.3463,0.9987,0.3293,0.3368,0.116,0.3597,0.1783,-0.3639,-0.4511,-0.3577,0.1538,0.0483,0.2526,0,0,0,0,0,0,0,0,0,0,0,0,0,0,0
"C_Prdctvlag",-0.0449,0.1079,0.065,0.2267,0.3293,0.9987,0.5465,0.3414,0.326,0.3732,-0.0588,-0.224,-0.3279,0.3554,0.203,0.4626,0,0,0,0,0,0,0,0,0,0,0,0,0,0,0
"C_Rspnbllag",-0.1266,0.0649,-0.0074,0.2397,0.3368,0.5465,0.9743,0.1986,0.1631,0.2997,-0.1648,-0.1469,-0.3334,0.1645,0.086,0.3785,0,0,0,0,0,0,0,0,0,0,0,0,0,0,0
"E_Assertlag",0.0386,0.2832,-0.0537,-0.1249,0.116,0.3414,0.1986,0.9991,0.3621,0.3968,-0.1344,-0.2926,-0.0419,0.0799,0.389,0.1294,0,0,0,0,0,0,0,0,0,0,0,0,0,0,0
"E_EnerLevlag",-0.0018,0.3685,-0.1262,0.0164,0.3597,0.326,0.1631,0.3621,0.9955,0.5815,-0.072,-0.1827,-0.0786,0.2474,0.4634,0.2165,0,0,0,0,0,0,0,0,0,0,0,0,0,0,0
"E_Scbltylag",0.0582,0.3762,0.039,0.1198,0.1783,0.3732,0.2997,0.3968,0.5815,0.9886,-0.0586,-0.0503,-0.0871,0.1648,0.304,0.2838,0,0,0,0,0,0,0,0,0,0,0,0,0,0,0
"N_Anxtylag",0.2295,-0.1085,-0.0607,-0.3249,-0.3639,-0.0588,-0.1648,-0.1344,-0.072,-0.0586,0.9913,0.5599,0.4663,0.0226,-0.1499,-0.3374,0,0,0,0,0,0,0,0,0,0,0,0,0,0,0
"N_Deprlag",0.0617,-0.1116,-0.1466,-0.2016,-0.4511,-0.224,-0.1469,-0.2926,-0.1827,-0.0503,0.5599,0.9972,0.4521,-0.0281,-0.0454,-0.3742,0,0,0,0,0,0,0,0,0,0,0,0,0,0,0
"N_EmoVollag",0.0742,-0.004,-0.0313,-0.4049,-0.3577,-0.3279,-0.3334,-0.0419,-0.0786,-0.0871,0.4663,0.4521,0.9989,-0.174,0.045,-0.2497,0,0,0,0,0,0,0,0,0,0,0,0,0,0,0
"O_AesSenslag",-0.0079,0.0803,0.0113,0.2033,0.1538,0.3554,0.1645,0.0799,0.2474,0.1648,0.0226,-0.0281,-0.174,0.9999,0.2322,0.4654,0,0,0,0,0,0,0,0,0,0,0,0,0,0,0
"O_CrtvImaglag",-0.1697,0.3882,-0.0184,0.0458,0.0483,0.203,0.086,0.389,0.4634,0.304,-0.1499,-0.0454,0.045,0.2322,0.9998,0.328,0,0,0,0,0,0,0,0,0,0,0,0,0,0,0
"O_IntCurlag",-0.056,0.2424,0.1717,0.3692,0.2526,0.4626,0.3785,0.1294,0.2165,0.2838,-0.3374,-0.3742,-0.2497,0.4654,0.328,0.9941,0,0,0,0,0,0,0,0,0,0,0,0,0,0,0
"A_Cmpn",0,0,0,0,0,0,0,0,0,0,0,0,0,0,0,0,0.5643,0,0,0,0,0,0,0,0,0,0,0,0,0,0
"A_Rspct",0,0,0,0,0,0,0,0,0,0,0,0,0,0,0,0,0,0.8864,0,0,0,0,0,0,0,0,0,0,0,0,0
"A_Trust",0,0,0,0,0,0,0,0,0,0,0,0,0,0,0,0,0,0,0.7617,0,0,0,0,0,0,0,0,0,0,0,0
"C_Org",0,0,0,0,0,0,0,0,0,0,0,0,0,0,0,0,0,0,0,0.6804,0,0,0,0,0,0,0,0,0,0,0
"C_Prdctv",0,0,0,0,0,0,0,0,0,0,0,0,0,0,0,0,0,0,0,0,0.6023,0,0,0,0,0,0,0,0,0,0
"C_Rspnbl",0,0,0,0,0,0,0,0,0,0,0,0,0,0,0,0,0,0,0,0,0,0.833,0,0,0,0,0,0,0,0,0
"E_Assert",0,0,0,0,0,0,0,0,0,0,0,0,0,0,0,0,0,0,0,0,0,0,0.5967,0,0,0,0,0,0,0,0
"E_EnerLev",0,0,0,0,0,0,0,0,0,0,0,0,0,0,0,0,0,0,0,0,0,0,0,0.5798,0,0,0,0,0,0,0
"E_Scblty",0,0,0,0,0,0,0,0,0,0,0,0,0,0,0,0,0,0,0,0,0,0,0,0,0.8503,0,0,0,0,0,0
"N_Anxty",0,0,0,0,0,0,0,0,0,0,0,0,0,0,0,0,0,0,0,0,0,0,0,0,0,0.9769,0,0,0,0,0
"N_Depr",0,0,0,0,0,0,0,0,0,0,0,0,0,0,0,0,0,0,0,0,0,0,0,0,0,0,0.6715,0,0,0,0
"N_EmoVol",0,0,0,0,0,0,0,0,0,0,0,0,0,0,0,0,0,0,0,0,0,0,0,0,0,0,0,0.6667,0,0,0
"O_AesSens",0,0,0,0,0,0,0,0,0,0,0,0,0,0,0,0,0,0,0,0,0,0,0,0,0,0,0,0,0.9873,0,0
"O_CrtvImag",0,0,0,0,0,0,0,0,0,0,0,0,0,0,0,0,0,0,0,0,0,0,0,0,0,0,0,0,0,0.6378,0
"O_IntCur",0,0,0,0,0,0,0,0,0,0,0,0,0,0,0,0,0,0,0,0,0,0,0,0,0,0,0,0,0,0,0.6004
