"","cumsumT","A_Cmpnlag","A_Rspctlag","A_Trustlag","C_Orglag","C_Prdctvlag","C_Rspnbllag","E_Assertlag","E_EnerLevlag","E_Scbltylag","N_Anxtylag","N_Deprlag","N_EmoVollag","O_AesSenslag","O_CrtvImaglag","O_IntCurlag","A_Cmpn","A_Rspct","A_Trust","C_Org","C_Prdctv","C_Rspnbl","E_Assert","E_EnerLev","E_Scblty","N_Anxty","N_Depr","N_EmoVol","O_AesSens","O_CrtvImag","O_IntCur"
"cumsumT",1,0.276,0.3032,-0.0191,-0.0881,-0.0459,-0.131,0.0394,-0.0019,0.0597,0.2353,0.0631,0.0758,-0.008,-0.1732,-0.0574,0,0,0,0,0,0,0,0,0,0,0,0,0,0,0
"A_Cmpnlag",0.276,1,0.1646,0.2658,0.2431,0.1089,0.0664,0.286,0.3728,0.3819,-0.11,-0.1129,-0.0041,0.081,0.3919,0.2454,0,0,0,0,0,0,0,0,0,0,0,0,0,0,0
"A_Rspctlag",0.3032,0.1646,1,0.2432,-0.031,0.0653,-0.0075,-0.0539,-0.127,0.0394,-0.0612,-0.1475,-0.0315,0.0113,-0.0185,0.173,0,0,0,0,0,0,0,0,0,0,0,0,0,0,0
"A_Trustlag",-0.0191,0.2658,0.2432,1,0.3488,0.2284,0.2444,-0.1258,0.0166,0.1213,-0.3285,-0.2033,-0.4078,0.2047,0.0461,0.3728,0,0,0,0,0,0,0,0,0,0,0,0,0,0,0
"C_Orglag",-0.0881,0.2431,-0.031,0.3488,1,0.3297,0.3414,0.1161,0.3607,0.1795,-0.3657,-0.452,-0.3582,0.1539,0.0484,0.2535,0,0,0,0,0,0,0,0,0,0,0,0,0,0,0
"C_Prdctvlag",-0.0459,0.1089,0.0653,0.2284,0.3297,1,0.554,0.3417,0.3269,0.3755,-0.0591,-0.2245,-0.3283,0.3556,0.2031,0.4643,0,0,0,0,0,0,0,0,0,0,0,0,0,0,0
"C_Rspnbllag",-0.131,0.0664,-0.0075,0.2444,0.3414,0.554,1,0.2013,0.1656,0.3054,-0.1677,-0.149,-0.3379,0.1667,0.0871,0.3846,0,0,0,0,0,0,0,0,0,0,0,0,0,0,0
"E_Assertlag",0.0394,0.286,-0.0539,-0.1258,0.1161,0.3417,0.2013,1,0.3631,0.3993,-0.1351,-0.2931,-0.0419,0.0799,0.3893,0.1298,0,0,0,0,0,0,0,0,0,0,0,0,0,0,0
"E_EnerLevlag",-0.0019,0.3728,-0.127,0.0166,0.3607,0.3269,0.1656,0.3631,1,0.5862,-0.0725,-0.1833,-0.0788,0.248,0.4645,0.2176,0,0,0,0,0,0,0,0,0,0,0,0,0,0,0
"E_Scbltylag",0.0597,0.3819,0.0394,0.1213,0.1795,0.3755,0.3054,0.3993,0.5862,1,-0.0592,-0.0507,-0.0877,0.1657,0.3058,0.2862,0,0,0,0,0,0,0,0,0,0,0,0,0,0,0
"N_Anxtylag",0.2353,-0.11,-0.0612,-0.3285,-0.3657,-0.0591,-0.1677,-0.1351,-0.0725,-0.0592,1,0.5631,0.4686,0.0227,-0.1506,-0.3399,0,0,0,0,0,0,0,0,0,0,0,0,0,0,0
"N_Deprlag",0.0631,-0.1129,-0.1475,-0.2033,-0.452,-0.2245,-0.149,-0.2931,-0.1833,-0.0507,0.5631,1,0.453,-0.0281,-0.0454,-0.3759,0,0,0,0,0,0,0,0,0,0,0,0,0,0,0
"N_EmoVollag",0.0758,-0.0041,-0.0315,-0.4078,-0.3582,-0.3283,-0.3379,-0.0419,-0.0788,-0.0877,0.4686,0.453,1,-0.1741,0.045,-0.2506,0,0,0,0,0,0,0,0,0,0,0,0,0,0,0
"O_AesSenslag",-0.008,0.081,0.0113,0.2047,0.1539,0.3556,0.1667,0.0799,0.248,0.1657,0.0227,-0.0281,-0.1741,1,0.2323,0.4668,0,0,0,0,0,0,0,0,0,0,0,0,0,0,0
"O_CrtvImaglag",-0.1732,0.3919,-0.0185,0.0461,0.0484,0.2031,0.0871,0.3893,0.4645,0.3058,-0.1506,-0.0454,0.045,0.2323,1,0.329,0,0,0,0,0,0,0,0,0,0,0,0,0,0,0
"O_IntCurlag",-0.0574,0.2454,0.173,0.3728,0.2535,0.4643,0.3846,0.1298,0.2176,0.2862,-0.3399,-0.3759,-0.2506,0.4668,0.329,1,0,0,0,0,0,0,0,0,0,0,0,0,0,0,0
"A_Cmpn",0,0,0,0,0,0,0,0,0,0,0,0,0,0,0,0,0.5394,0,0,0,0,0,0,0,0,0,0,0,0,0,0
"A_Rspct",0,0,0,0,0,0,0,0,0,0,0,0,0,0,0,0,0,0.8867,0,0,0,0,0,0,0,0,0,0,0,0,0
"A_Trust",0,0,0,0,0,0,0,0,0,0,0,0,0,0,0,0,0,0,0.7871,0,0,0,0,0,0,0,0,0,0,0,0
"C_Org",0,0,0,0,0,0,0,0,0,0,0,0,0,0,0,0,0,0,0,0.728,0,0,0,0,0,0,0,0,0,0,0
"C_Prdctv",0,0,0,0,0,0,0,0,0,0,0,0,0,0,0,0,0,0,0,0,0.6155,0,0,0,0,0,0,0,0,0,0
"C_Rspnbl",0,0,0,0,0,0,0,0,0,0,0,0,0,0,0,0,0,0,0,0,0,0.8317,0,0,0,0,0,0,0,0,0
"E_Assert",0,0,0,0,0,0,0,0,0,0,0,0,0,0,0,0,0,0,0,0,0,0,0.6009,0,0,0,0,0,0,0,0
"E_EnerLev",0,0,0,0,0,0,0,0,0,0,0,0,0,0,0,0,0,0,0,0,0,0,0,0.6017,0,0,0,0,0,0,0
"E_Scblty",0,0,0,0,0,0,0,0,0,0,0,0,0,0,0,0,0,0,0,0,0,0,0,0,0.8634,0,0,0,0,0,0
"N_Anxty",0,0,0,0,0,0,0,0,0,0,0,0,0,0,0,0,0,0,0,0,0,0,0,0,0,0.9772,0,0,0,0,0
"N_Depr",0,0,0,0,0,0,0,0,0,0,0,0,0,0,0,0,0,0,0,0,0,0,0,0,0,0,0.6739,0,0,0,0
"N_EmoVol",0,0,0,0,0,0,0,0,0,0,0,0,0,0,0,0,0,0,0,0,0,0,0,0,0,0,0,0.6535,0,0,0
"O_AesSens",0,0,0,0,0,0,0,0,0,0,0,0,0,0,0,0,0,0,0,0,0,0,0,0,0,0,0,0,0.999,0,0
"O_CrtvImag",0,0,0,0,0,0,0,0,0,0,0,0,0,0,0,0,0,0,0,0,0,0,0,0,0,0,0,0,0,0.6732,0
"O_IntCur",0,0,0,0,0,0,0,0,0,0,0,0,0,0,0,0,0,0,0,0,0,0,0,0,0,0,0,0,0,0,0.6027
