"","cumsumT","A_Cmpnlag","A_Rspctlag","A_Trustlag","C_Orglag","C_Prdctvlag","C_Rspnbllag","E_Assertlag","E_EnerLevlag","E_Scbltylag","N_Anxtylag","N_Deprlag","N_EmoVollag","O_AesSenslag","O_CrtvImaglag","O_IntCurlag","A_Cmpn","A_Rspct","A_Trust","C_Org","C_Prdctv","C_Rspnbl","E_Assert","E_EnerLev","E_Scblty","N_Anxty","N_Depr","N_EmoVol","O_AesSens","O_CrtvImag","O_IntCur"
"cumsumT",0.9623,-0.1113,0.0211,0.1767,0.0774,-0.0319,-0.088,-0.0234,-0.158,-0.1191,-0.3485,-0.0718,-0.105,0.0534,-0.2673,-0.1672,0,0,0,0,0,0,0,0,0,0,0,0,0,0,0
"A_Cmpnlag",-0.1113,0.9825,0.1454,0.0884,0.0382,-0.0895,-0.0097,-0.0497,0.2278,0.0921,-0.153,-0.3253,-0.1273,-0.2314,0.0299,0.059,0,0,0,0,0,0,0,0,0,0,0,0,0,0,0
"A_Rspctlag",0.0211,0.1454,0.9958,0.0642,-0.0046,0.0763,0.2913,0.1011,0.0971,0.0185,-0.0164,-0.2183,-0.1244,-0.1613,-0.1106,0.1321,0,0,0,0,0,0,0,0,0,0,0,0,0,0,0
"A_Trustlag",0.1767,0.0884,0.0642,0.9999,0.226,0.2064,0.1892,-0.1417,-0.0934,0.1569,-0.3603,-0.1871,-0.3654,0.0801,-0.0291,0.0834,0,0,0,0,0,0,0,0,0,0,0,0,0,0,0
"C_Orglag",0.0774,0.0382,-0.0046,0.226,0.9887,0.2022,0.2029,0.1627,0.0299,0.2918,-0.1821,-0.1477,-0.2545,0.1432,-0.0094,0.1642,0,0,0,0,0,0,0,0,0,0,0,0,0,0,0
"C_Prdctvlag",-0.0319,-0.0895,0.0763,0.2064,0.2022,0.9994,0.2307,0.1694,0.1437,0.3428,-0.0104,-0.2345,-0.2301,0.0204,0.1927,0.0911,0,0,0,0,0,0,0,0,0,0,0,0,0,0,0
"C_Rspnbllag",-0.088,-0.0097,0.2913,0.1892,0.2029,0.2307,0.9914,0.2459,0.0908,0.1222,-0.1214,-0.3373,-0.2042,0.0063,0.0532,0.2442,0,0,0,0,0,0,0,0,0,0,0,0,0,0,0
"E_Assertlag",-0.0234,-0.0497,0.1011,-0.1417,0.1627,0.1694,0.2459,0.9893,0.2776,0.1471,0.0249,-0.3568,-0.0842,0.0777,0.1372,0.299,0,0,0,0,0,0,0,0,0,0,0,0,0,0,0
"E_EnerLevlag",-0.158,0.2278,0.0971,-0.0934,0.0299,0.1437,0.0908,0.2776,0.9993,0.2826,0.2395,-0.2015,0.1457,0.037,0.1825,0.1156,0,0,0,0,0,0,0,0,0,0,0,0,0,0,0
"E_Scbltylag",-0.1191,0.0921,0.0185,0.1569,0.2918,0.3428,0.1222,0.1471,0.2826,0.9999,0.0023,-0.0831,0.014,-0.0908,0.1889,0.2857,0,0,0,0,0,0,0,0,0,0,0,0,0,0,0
"N_Anxtylag",-0.3485,-0.153,-0.0164,-0.3603,-0.1821,-0.0104,-0.1214,0.0249,0.2395,0.0023,0.9878,0.5152,0.4156,-0.0891,0.2405,-0.1444,0,0,0,0,0,0,0,0,0,0,0,0,0,0,0
"N_Deprlag",-0.0718,-0.3253,-0.2183,-0.1871,-0.1477,-0.2345,-0.3373,-0.3568,-0.2015,-0.0831,0.5152,0.9929,0.4476,-0.0135,0.0785,-0.3844,0,0,0,0,0,0,0,0,0,0,0,0,0,0,0
"N_EmoVollag",-0.105,-0.1273,-0.1244,-0.3654,-0.2545,-0.2301,-0.2042,-0.0842,0.1457,0.014,0.4156,0.4476,0.9909,0.0187,-0.011,-0.051,0,0,0,0,0,0,0,0,0,0,0,0,0,0,0
"O_AesSenslag",0.0534,-0.2314,-0.1613,0.0801,0.1432,0.0204,0.0063,0.0777,0.037,-0.0908,-0.0891,-0.0135,0.0187,0.9997,0.0367,0.0035,0,0,0,0,0,0,0,0,0,0,0,0,0,0,0
"O_CrtvImaglag",-0.2673,0.0299,-0.1106,-0.0291,-0.0094,0.1927,0.0532,0.1372,0.1825,0.1889,0.2405,0.0785,-0.011,0.0367,0.9999,-0.0746,0,0,0,0,0,0,0,0,0,0,0,0,0,0,0
"O_IntCurlag",-0.1672,0.059,0.1321,0.0834,0.1642,0.0911,0.2442,0.299,0.1156,0.2857,-0.1444,-0.3844,-0.051,0.0035,-0.0746,0.9982,0,0,0,0,0,0,0,0,0,0,0,0,0,0,0
"A_Cmpn",0,0,0,0,0,0,0,0,0,0,0,0,0,0,0,0,0.8736,0,0,0,0,0,0,0,0,0,0,0,0,0,0
"A_Rspct",0,0,0,0,0,0,0,0,0,0,0,0,0,0,0,0,0,0.9791,0,0,0,0,0,0,0,0,0,0,0,0,0
"A_Trust",0,0,0,0,0,0,0,0,0,0,0,0,0,0,0,0,0,0,0.853,0,0,0,0,0,0,0,0,0,0,0,0
"C_Org",0,0,0,0,0,0,0,0,0,0,0,0,0,0,0,0,0,0,0,0.9813,0,0,0,0,0,0,0,0,0,0,0
"C_Prdctv",0,0,0,0,0,0,0,0,0,0,0,0,0,0,0,0,0,0,0,0,0.9942,0,0,0,0,0,0,0,0,0,0
"C_Rspnbl",0,0,0,0,0,0,0,0,0,0,0,0,0,0,0,0,0,0,0,0,0,0.8777,0,0,0,0,0,0,0,0,0
"E_Assert",0,0,0,0,0,0,0,0,0,0,0,0,0,0,0,0,0,0,0,0,0,0,0.9438,0,0,0,0,0,0,0,0
"E_EnerLev",0,0,0,0,0,0,0,0,0,0,0,0,0,0,0,0,0,0,0,0,0,0,0,0.9637,0,0,0,0,0,0,0
"E_Scblty",0,0,0,0,0,0,0,0,0,0,0,0,0,0,0,0,0,0,0,0,0,0,0,0,0.8811,0,0,0,0,0,0
"N_Anxty",0,0,0,0,0,0,0,0,0,0,0,0,0,0,0,0,0,0,0,0,0,0,0,0,0,0.8321,0,0,0,0,0
"N_Depr",0,0,0,0,0,0,0,0,0,0,0,0,0,0,0,0,0,0,0,0,0,0,0,0,0,0,0.5071,0,0,0,0
"N_EmoVol",0,0,0,0,0,0,0,0,0,0,0,0,0,0,0,0,0,0,0,0,0,0,0,0,0,0,0,0.7782,0,0,0
"O_AesSens",0,0,0,0,0,0,0,0,0,0,0,0,0,0,0,0,0,0,0,0,0,0,0,0,0,0,0,0,0.9629,0,0
"O_CrtvImag",0,0,0,0,0,0,0,0,0,0,0,0,0,0,0,0,0,0,0,0,0,0,0,0,0,0,0,0,0,0.9806,0
"O_IntCur",0,0,0,0,0,0,0,0,0,0,0,0,0,0,0,0,0,0,0,0,0,0,0,0,0,0,0,0,0,0,0.8392
