"","cumsumT","A_Cmpnlag","A_Rspctlag","A_Trustlag","C_Orglag","C_Prdctvlag","C_Rspnbllag","E_Assertlag","E_EnerLevlag","E_Scbltylag","N_Anxtylag","N_Deprlag","N_EmoVollag","O_AesSenslag","O_CrtvImaglag","O_IntCurlag","A_Cmpn","A_Rspct","A_Trust","C_Org","C_Prdctv","C_Rspnbl","E_Assert","E_EnerLev","E_Scblty","N_Anxty","N_Depr","N_EmoVol","O_AesSens","O_CrtvImag","O_IntCur"
"cumsumT",1,0.1447,-0.0649,0.0124,0.2545,0.0229,0.1637,0.1259,-0.0097,0.1806,-0.1438,-0.0904,-0.1935,-0.0467,0.1494,0.2189,0,0,0,0,0,0,0,0,0,0,0,0,0,0,0
"A_Cmpnlag",0.1447,1,0.182,0.261,0.3811,0.2842,0.19,0.1608,0.0974,0.1858,-0.1238,0.0714,-0.1474,0.1196,0.3011,0.139,0,0,0,0,0,0,0,0,0,0,0,0,0,0,0
"A_Rspctlag",-0.0649,0.182,1,0.1942,0.2167,0.2044,0.0604,0.068,0.1049,-0.0436,-0.0791,0.0369,-0.1293,0.0828,0.1629,0.1985,0,0,0,0,0,0,0,0,0,0,0,0,0,0,0
"A_Trustlag",0.0124,0.261,0.1942,1,0.1311,0.0099,-0.1029,-0.1135,-0.1937,-0.0525,0.0793,-0.136,-0.1893,0.0644,0.0218,0.0298,0,0,0,0,0,0,0,0,0,0,0,0,0,0,0
"C_Orglag",0.2545,0.3811,0.2167,0.1311,1,0.4901,0.5546,0.196,0.0861,0.3136,-0.2409,-0.0294,-0.1054,0.0758,0.3802,0.5093,0,0,0,0,0,0,0,0,0,0,0,0,0,0,0
"C_Prdctvlag",0.0229,0.2842,0.2044,0.0099,0.4901,1,0.4843,0.2339,0.2505,0.2988,-0.1021,-0.0337,-0.1243,-0.0305,0.5057,0.2912,0,0,0,0,0,0,0,0,0,0,0,0,0,0,0
"C_Rspnbllag",0.1637,0.19,0.0604,-0.1029,0.5546,0.4843,1,0.186,0.2514,0.1296,-0.361,0.0825,-0.1753,-0.0261,0.2861,0.3975,0,0,0,0,0,0,0,0,0,0,0,0,0,0,0
"E_Assertlag",0.1259,0.1608,0.068,-0.1135,0.196,0.2339,0.186,1,0.2633,0.4562,-0.0139,-0.0702,0.0597,-0.0616,0.2614,0.2034,0,0,0,0,0,0,0,0,0,0,0,0,0,0,0
"E_EnerLevlag",-0.0097,0.0974,0.1049,-0.1937,0.0861,0.2505,0.2514,0.2633,1,0.4647,-0.0705,-0.1443,0.0158,-0.119,0.4116,0.054,0,0,0,0,0,0,0,0,0,0,0,0,0,0,0
"E_Scbltylag",0.1806,0.1858,-0.0436,-0.0525,0.3136,0.2988,0.1296,0.4562,0.4647,1,0.0223,-0.283,0.1082,-0.0891,0.3733,0.3737,0,0,0,0,0,0,0,0,0,0,0,0,0,0,0
"N_Anxtylag",-0.1438,-0.1238,-0.0791,0.0793,-0.2409,-0.1021,-0.361,-0.0139,-0.0705,0.0223,1,0.173,0.1465,-0.1698,-0.1262,-0.2121,0,0,0,0,0,0,0,0,0,0,0,0,0,0,0
"N_Deprlag",-0.0904,0.0714,0.0369,-0.136,-0.0294,-0.0337,0.0825,-0.0702,-0.1443,-0.283,0.173,1,0.1514,0.0288,-0.0929,0.0427,0,0,0,0,0,0,0,0,0,0,0,0,0,0,0
"N_EmoVollag",-0.1935,-0.1474,-0.1293,-0.1893,-0.1054,-0.1243,-0.1753,0.0597,0.0158,0.1082,0.1465,0.1514,1,-0.219,0.0764,-0.1558,0,0,0,0,0,0,0,0,0,0,0,0,0,0,0
"O_AesSenslag",-0.0467,0.1196,0.0828,0.0644,0.0758,-0.0305,-0.0261,-0.0616,-0.119,-0.0891,-0.1698,0.0288,-0.219,1,-0.0504,0.2444,0,0,0,0,0,0,0,0,0,0,0,0,0,0,0
"O_CrtvImaglag",0.1494,0.3011,0.1629,0.0218,0.3802,0.5057,0.2861,0.2614,0.4116,0.3733,-0.1262,-0.0929,0.0764,-0.0504,1,0.317,0,0,0,0,0,0,0,0,0,0,0,0,0,0,0
"O_IntCurlag",0.2189,0.139,0.1985,0.0298,0.5093,0.2912,0.3975,0.2034,0.054,0.3737,-0.2121,0.0427,-0.1558,0.2444,0.317,1,0,0,0,0,0,0,0,0,0,0,0,0,0,0,0
"A_Cmpn",0,0,0,0,0,0,0,0,0,0,0,0,0,0,0,0,0.782,0,0,0,0,0,0,0,0,0,0,0,0,0,0
"A_Rspct",0,0,0,0,0,0,0,0,0,0,0,0,0,0,0,0,0,0.9495,0,0,0,0,0,0,0,0,0,0,0,0,0
"A_Trust",0,0,0,0,0,0,0,0,0,0,0,0,0,0,0,0,0,0,0.8584,0,0,0,0,0,0,0,0,0,0,0,0
"C_Org",0,0,0,0,0,0,0,0,0,0,0,0,0,0,0,0,0,0,0,0.5947,0,0,0,0,0,0,0,0,0,0,0
"C_Prdctv",0,0,0,0,0,0,0,0,0,0,0,0,0,0,0,0,0,0,0,0,0.733,0,0,0,0,0,0,0,0,0,0
"C_Rspnbl",0,0,0,0,0,0,0,0,0,0,0,0,0,0,0,0,0,0,0,0,0,0.6218,0,0,0,0,0,0,0,0,0
"E_Assert",0,0,0,0,0,0,0,0,0,0,0,0,0,0,0,0,0,0,0,0,0,0,0.7884,0,0,0,0,0,0,0,0
"E_EnerLev",0,0,0,0,0,0,0,0,0,0,0,0,0,0,0,0,0,0,0,0,0,0,0,0.7895,0,0,0,0,0,0,0
"E_Scblty",0,0,0,0,0,0,0,0,0,0,0,0,0,0,0,0,0,0,0,0,0,0,0,0,0.5442,0,0,0,0,0,0
"N_Anxty",0,0,0,0,0,0,0,0,0,0,0,0,0,0,0,0,0,0,0,0,0,0,0,0,0,0.7319,0,0,0,0,0
"N_Depr",0,0,0,0,0,0,0,0,0,0,0,0,0,0,0,0,0,0,0,0,0,0,0,0,0,0,0.9606,0,0,0,0
"N_EmoVol",0,0,0,0,0,0,0,0,0,0,0,0,0,0,0,0,0,0,0,0,0,0,0,0,0,0,0,0.9902,0,0,0
"O_AesSens",0,0,0,0,0,0,0,0,0,0,0,0,0,0,0,0,0,0,0,0,0,0,0,0,0,0,0,0,0.9464,0,0
"O_CrtvImag",0,0,0,0,0,0,0,0,0,0,0,0,0,0,0,0,0,0,0,0,0,0,0,0,0,0,0,0,0,0.7254,0
"O_IntCur",0,0,0,0,0,0,0,0,0,0,0,0,0,0,0,0,0,0,0,0,0,0,0,0,0,0,0,0,0,0,0.6219
