"","cumsumT","A_Cmpnlag","A_Rspctlag","A_Trustlag","C_Orglag","C_Prdctvlag","C_Rspnbllag","E_Assertlag","E_EnerLevlag","E_Scbltylag","N_Anxtylag","N_Deprlag","N_EmoVollag","O_AesSenslag","O_CrtvImaglag","O_IntCurlag","A_Cmpn","A_Rspct","A_Trust","C_Org","C_Prdctv","C_Rspnbl","E_Assert","E_EnerLev","E_Scblty","N_Anxty","N_Depr","N_EmoVol","O_AesSens","O_CrtvImag","O_IntCur"
"cumsumT",0.9709,0.1401,-0.0639,0.0123,0.2506,0.0225,0.1601,0.1224,-0.0095,0.1755,-0.1402,-0.0888,-0.1907,-0.0459,0.1471,0.2157,0,0,0,0,0,0,0,0,0,0,0,0,0,0,0
"A_Cmpnlag",0.1401,0.9648,0.1786,0.2564,0.374,0.2777,0.1852,0.1558,0.0949,0.18,-0.1204,0.0699,-0.1448,0.117,0.2956,0.1365,0,0,0,0,0,0,0,0,0,0,0,0,0,0,0
"A_Rspctlag",-0.0639,0.1786,0.9979,0.1939,0.2162,0.2031,0.0599,0.067,0.104,-0.043,-0.0783,0.0368,-0.1292,0.0824,0.1626,0.1982,0,0,0,0,0,0,0,0,0,0,0,0,0,0,0
"A_Trustlag",0.0123,0.2564,0.1939,0.9999,0.131,0.0099,-0.1021,-0.1119,-0.1922,-0.0518,0.0785,-0.1356,-0.1893,0.0641,0.0218,0.0298,0,0,0,0,0,0,0,0,0,0,0,0,0,0,0
"C_Orglag",0.2506,0.374,0.2162,0.131,0.9982,0.4871,0.5499,0.1931,0.0854,0.309,-0.2383,-0.0293,-0.1054,0.0754,0.3797,0.5087,0,0,0,0,0,0,0,0,0,0,0,0,0,0,0
"C_Prdctvlag",0.0225,0.2777,0.2031,0.0099,0.4871,0.9895,0.4781,0.2295,0.2473,0.2932,-0.1005,-0.0334,-0.1236,-0.0302,0.5028,0.2896,0,0,0,0,0,0,0,0,0,0,0,0,0,0,0
"C_Rspnbllag",0.1601,0.1852,0.0599,-0.1021,0.5499,0.4781,0.9848,0.1821,0.2476,0.1269,-0.3546,0.0817,-0.174,-0.0258,0.2838,0.3944,0,0,0,0,0,0,0,0,0,0,0,0,0,0,0
"E_Assertlag",0.1224,0.1558,0.067,-0.1119,0.1931,0.2295,0.1821,0.9731,0.2577,0.4439,-0.0136,-0.0691,0.0589,-0.0605,0.2577,0.2006,0,0,0,0,0,0,0,0,0,0,0,0,0,0,0
"E_EnerLevlag",-0.0095,0.0949,0.104,-0.1922,0.0854,0.2473,0.2476,0.2577,0.9847,0.4548,-0.0693,-0.1428,0.0157,-0.1176,0.4082,0.0536,0,0,0,0,0,0,0,0,0,0,0,0,0,0,0
"E_Scbltylag",0.1755,0.18,-0.043,-0.0518,0.309,0.2932,0.1269,0.4439,0.4548,0.9729,0.0218,-0.2783,0.1068,-0.0875,0.368,0.3685,0,0,0,0,0,0,0,0,0,0,0,0,0,0,0
"N_Anxtylag",-0.1402,-0.1204,-0.0783,0.0785,-0.2383,-0.1005,-0.3546,-0.0136,-0.0693,0.0218,0.98,0.1708,0.145,-0.1674,-0.1249,-0.2099,0,0,0,0,0,0,0,0,0,0,0,0,0,0,0
"N_Deprlag",-0.0888,0.0699,0.0368,-0.1356,-0.0293,-0.0334,0.0817,-0.0691,-0.1428,-0.2783,0.1708,0.9945,0.151,0.0286,-0.0926,0.0425,0,0,0,0,0,0,0,0,0,0,0,0,0,0,0
"N_EmoVollag",-0.1907,-0.1448,-0.1292,-0.1893,-0.1054,-0.1236,-0.174,0.0589,0.0157,0.1068,0.145,0.151,1,-0.2181,0.0763,-0.1557,0,0,0,0,0,0,0,0,0,0,0,0,0,0,0
"O_AesSenslag",-0.0459,0.117,0.0824,0.0641,0.0754,-0.0302,-0.0258,-0.0605,-0.1176,-0.0875,-0.1674,0.0286,-0.2181,0.9917,-0.0502,0.2433,0,0,0,0,0,0,0,0,0,0,0,0,0,0,0
"O_CrtvImaglag",0.1471,0.2956,0.1626,0.0218,0.3797,0.5028,0.2838,0.2577,0.4082,0.368,-0.1249,-0.0926,0.0763,-0.0502,0.9991,0.3167,0,0,0,0,0,0,0,0,0,0,0,0,0,0,0
"O_IntCurlag",0.2157,0.1365,0.1982,0.0298,0.5087,0.2896,0.3944,0.2006,0.0536,0.3685,-0.2099,0.0425,-0.1557,0.2433,0.3167,0.9994,0,0,0,0,0,0,0,0,0,0,0,0,0,0,0
"A_Cmpn",0,0,0,0,0,0,0,0,0,0,0,0,0,0,0,0,0.764,0,0,0,0,0,0,0,0,0,0,0,0,0,0
"A_Rspct",0,0,0,0,0,0,0,0,0,0,0,0,0,0,0,0,0,0.9116,0,0,0,0,0,0,0,0,0,0,0,0,0
"A_Trust",0,0,0,0,0,0,0,0,0,0,0,0,0,0,0,0,0,0,0.8097,0,0,0,0,0,0,0,0,0,0,0,0
"C_Org",0,0,0,0,0,0,0,0,0,0,0,0,0,0,0,0,0,0,0,0.5647,0,0,0,0,0,0,0,0,0,0,0
"C_Prdctv",0,0,0,0,0,0,0,0,0,0,0,0,0,0,0,0,0,0,0,0,0.7416,0,0,0,0,0,0,0,0,0,0
"C_Rspnbl",0,0,0,0,0,0,0,0,0,0,0,0,0,0,0,0,0,0,0,0,0,0.6221,0,0,0,0,0,0,0,0,0
"E_Assert",0,0,0,0,0,0,0,0,0,0,0,0,0,0,0,0,0,0,0,0,0,0,0.7621,0,0,0,0,0,0,0,0
"E_EnerLev",0,0,0,0,0,0,0,0,0,0,0,0,0,0,0,0,0,0,0,0,0,0,0,0.7895,0,0,0,0,0,0,0
"E_Scblty",0,0,0,0,0,0,0,0,0,0,0,0,0,0,0,0,0,0,0,0,0,0,0,0,0.5365,0,0,0,0,0,0
"N_Anxty",0,0,0,0,0,0,0,0,0,0,0,0,0,0,0,0,0,0,0,0,0,0,0,0,0,0.7245,0,0,0,0,0
"N_Depr",0,0,0,0,0,0,0,0,0,0,0,0,0,0,0,0,0,0,0,0,0,0,0,0,0,0,0.9605,0,0,0,0
"N_EmoVol",0,0,0,0,0,0,0,0,0,0,0,0,0,0,0,0,0,0,0,0,0,0,0,0,0,0,0,0.9777,0,0,0
"O_AesSens",0,0,0,0,0,0,0,0,0,0,0,0,0,0,0,0,0,0,0,0,0,0,0,0,0,0,0,0,0.9411,0,0
"O_CrtvImag",0,0,0,0,0,0,0,0,0,0,0,0,0,0,0,0,0,0,0,0,0,0,0,0,0,0,0,0,0,0.6927,0
"O_IntCur",0,0,0,0,0,0,0,0,0,0,0,0,0,0,0,0,0,0,0,0,0,0,0,0,0,0,0,0,0,0,0.6015
