"","cumsumT","A_Cmpnlag","A_Rspctlag","A_Trustlag","C_Orglag","C_Prdctvlag","C_Rspnbllag","E_Assertlag","E_EnerLevlag","E_Scbltylag","N_Anxtylag","N_Deprlag","N_EmoVollag","O_AesSenslag","O_CrtvImaglag","O_IntCurlag","A_Cmpn","A_Rspct","A_Trust","C_Org","C_Prdctv","C_Rspnbl","E_Assert","E_EnerLev","E_Scblty","N_Anxty","N_Depr","N_EmoVol","O_AesSens","O_CrtvImag","O_IntCur"
"cumsumT",1,0.1967,0.0497,-0.1193,0.0179,0.3325,0.0258,-0.0996,0.0372,0.0905,-0.0395,0.0072,-0.025,0.1429,0.0915,0.1665,0,0,0,0,0,0,0,0,0,0,0,0,0,0,0
"A_Cmpnlag",0.1967,1,0.0996,-0.0385,-0.0606,0.0565,0.1482,0.1176,0.1413,-0.1248,0.0553,0.1073,0.1171,-0.0945,0.0068,0.166,0,0,0,0,0,0,0,0,0,0,0,0,0,0,0
"A_Rspctlag",0.0497,0.0996,1,0.0355,-0.0247,0.0151,-0.01,-0.1405,0.1742,-0.3465,0.0497,0.128,-0.3446,0.4631,0.2132,0.0107,0,0,0,0,0,0,0,0,0,0,0,0,0,0,0
"A_Trustlag",-0.1193,-0.0385,0.0355,1,0.2124,-0.1119,-0.0798,-0.0848,-0.0281,0.1205,-0.3074,0.0256,-0.347,-0.0675,-0.1791,-7e-04,0,0,0,0,0,0,0,0,0,0,0,0,0,0,0
"C_Orglag",0.0179,-0.0606,-0.0247,0.2124,1,-0.0604,-0.0208,-0.2696,-0.0454,-0.0306,-0.0578,-0.0141,-0.2114,0.1733,-0.1323,-0.1383,0,0,0,0,0,0,0,0,0,0,0,0,0,0,0
"C_Prdctvlag",0.3325,0.0565,0.0151,-0.1119,-0.0604,1,0.4654,-0.1455,0.0569,0.117,0.0918,0.1403,0.1668,0.3024,0.2291,0.2765,0,0,0,0,0,0,0,0,0,0,0,0,0,0,0
"C_Rspnbllag",0.0258,0.1482,-0.01,-0.0798,-0.0208,0.4654,1,-0.2098,0.0803,0.252,0.0442,0.1099,-0.159,0.1649,0.1389,0.1268,0,0,0,0,0,0,0,0,0,0,0,0,0,0,0
"E_Assertlag",-0.0996,0.1176,-0.1405,-0.0848,-0.2696,-0.1455,-0.2098,1,-0.0511,0.1837,0.1675,-0.1324,0.445,-0.3905,-0.0819,0.2108,0,0,0,0,0,0,0,0,0,0,0,0,0,0,0
"E_EnerLevlag",0.0372,0.1413,0.1742,-0.0281,-0.0454,0.0569,0.0803,-0.0511,1,-0.085,-0.0389,0.3776,0.0459,0.1912,0.2521,0.2806,0,0,0,0,0,0,0,0,0,0,0,0,0,0,0
"E_Scbltylag",0.0905,-0.1248,-0.3465,0.1205,-0.0306,0.117,0.252,0.1837,-0.085,1,0.0976,-0.0244,0.0271,-0.0657,-0.2555,0.0968,0,0,0,0,0,0,0,0,0,0,0,0,0,0,0
"N_Anxtylag",-0.0395,0.0553,0.0497,-0.3074,-0.0578,0.0918,0.0442,0.1675,-0.0389,0.0976,1,-0.0696,0.1163,-0.0565,0.1538,-0.133,0,0,0,0,0,0,0,0,0,0,0,0,0,0,0
"N_Deprlag",0.0072,0.1073,0.128,0.0256,-0.0141,0.1403,0.1099,-0.1324,0.3776,-0.0244,-0.0696,1,0.2545,0.1506,0.1311,0.3384,0,0,0,0,0,0,0,0,0,0,0,0,0,0,0
"N_EmoVollag",-0.025,0.1171,-0.3446,-0.347,-0.2114,0.1668,-0.159,0.445,0.0459,0.0271,0.1163,0.2545,1,-0.1703,0.1041,0.3994,0,0,0,0,0,0,0,0,0,0,0,0,0,0,0
"O_AesSenslag",0.1429,-0.0945,0.4631,-0.0675,0.1733,0.3024,0.1649,-0.3905,0.1912,-0.0657,-0.0565,0.1506,-0.1703,1,-0.1369,0.1995,0,0,0,0,0,0,0,0,0,0,0,0,0,0,0
"O_CrtvImaglag",0.0915,0.0068,0.2132,-0.1791,-0.1323,0.2291,0.1389,-0.0819,0.2521,-0.2555,0.1538,0.1311,0.1041,-0.1369,1,0.0642,0,0,0,0,0,0,0,0,0,0,0,0,0,0,0
"O_IntCurlag",0.1665,0.166,0.0107,-7e-04,-0.1383,0.2765,0.1268,0.2108,0.2806,0.0968,-0.133,0.3384,0.3994,0.1995,0.0642,1,0,0,0,0,0,0,0,0,0,0,0,0,0,0,0
"A_Cmpn",0,0,0,0,0,0,0,0,0,0,0,0,0,0,0,0,0.9876,0,0,0,0,0,0,0,0,0,0,0,0,0,0
"A_Rspct",0,0,0,0,0,0,0,0,0,0,0,0,0,0,0,0,0,0.5193,0,0,0,0,0,0,0,0,0,0,0,0,0
"A_Trust",0,0,0,0,0,0,0,0,0,0,0,0,0,0,0,0,0,0,0.9096,0,0,0,0,0,0,0,0,0,0,0,0
"C_Org",0,0,0,0,0,0,0,0,0,0,0,0,0,0,0,0,0,0,0,0.9972,0,0,0,0,0,0,0,0,0,0,0
"C_Prdctv",0,0,0,0,0,0,0,0,0,0,0,0,0,0,0,0,0,0,0,0,0.3935,0,0,0,0,0,0,0,0,0,0
"C_Rspnbl",0,0,0,0,0,0,0,0,0,0,0,0,0,0,0,0,0,0,0,0,0,0.8921,0,0,0,0,0,0,0,0,0
"E_Assert",0,0,0,0,0,0,0,0,0,0,0,0,0,0,0,0,0,0,0,0,0,0,0.4848,0,0,0,0,0,0,0,0
"E_EnerLev",0,0,0,0,0,0,0,0,0,0,0,0,0,0,0,0,0,0,0,0,0,0,0,0.5461,0,0,0,0,0,0,0
"E_Scblty",0,0,0,0,0,0,0,0,0,0,0,0,0,0,0,0,0,0,0,0,0,0,0,0,0.9324,0,0,0,0,0,0
"N_Anxty",0,0,0,0,0,0,0,0,0,0,0,0,0,0,0,0,0,0,0,0,0,0,0,0,0,0.4247,0,0,0,0,0
"N_Depr",0,0,0,0,0,0,0,0,0,0,0,0,0,0,0,0,0,0,0,0,0,0,0,0,0,0,0.5064,0,0,0,0
"N_EmoVol",0,0,0,0,0,0,0,0,0,0,0,0,0,0,0,0,0,0,0,0,0,0,0,0,0,0,0,0.3911,0,0,0
"O_AesSens",0,0,0,0,0,0,0,0,0,0,0,0,0,0,0,0,0,0,0,0,0,0,0,0,0,0,0,0,0.7618,0,0
"O_CrtvImag",0,0,0,0,0,0,0,0,0,0,0,0,0,0,0,0,0,0,0,0,0,0,0,0,0,0,0,0,0,0.684,0
"O_IntCur",0,0,0,0,0,0,0,0,0,0,0,0,0,0,0,0,0,0,0,0,0,0,0,0,0,0,0,0,0,0,0.3302
