"","cumsumT","A_Cmpnlag","A_Rspctlag","A_Trustlag","C_Orglag","C_Prdctvlag","C_Rspnbllag","E_Assertlag","E_EnerLevlag","E_Scbltylag","N_Anxtylag","N_Deprlag","N_EmoVollag","O_AesSenslag","O_CrtvImaglag","O_IntCurlag","A_Cmpn","A_Rspct","A_Trust","C_Org","C_Prdctv","C_Rspnbl","E_Assert","E_EnerLev","E_Scblty","N_Anxty","N_Depr","N_EmoVol","O_AesSens","O_CrtvImag","O_IntCur"
"cumsumT",0.9354,0.1894,0.0477,-0.1145,0.0173,0.3216,0.0247,-0.0962,0.0354,0.0867,-0.0381,0.0067,-0.0242,0.137,0.0879,0.16,0,0,0,0,0,0,0,0,0,0,0,0,0,0,0
"A_Cmpnlag",0.1894,0.9912,0.0985,-0.038,-0.0604,0.0562,0.1462,0.1168,0.1384,-0.1231,0.055,0.1024,0.1164,-0.0933,0.0067,0.1642,0,0,0,0,0,0,0,0,0,0,0,0,0,0,0
"A_Rspctlag",0.0477,0.0985,0.9859,0.035,-0.0245,0.015,-0.0098,-0.1392,0.1701,-0.3408,0.0492,0.1219,-0.3414,0.4558,0.2103,0.0106,0,0,0,0,0,0,0,0,0,0,0,0,0,0,0
"A_Trustlag",-0.1145,-0.038,0.035,0.9849,0.2107,-0.1111,-0.0784,-0.084,-0.0274,0.1185,-0.3043,0.0244,-0.3435,-0.0664,-0.1766,-7e-04,0,0,0,0,0,0,0,0,0,0,0,0,0,0,0
"C_Orglag",0.0173,-0.0604,-0.0245,0.2107,0.9997,-0.0604,-0.0206,-0.2691,-0.0446,-0.0303,-0.0577,-0.0135,-0.2109,0.1717,-0.1314,-0.1374,0,0,0,0,0,0,0,0,0,0,0,0,0,0,0
"C_Prdctvlag",0.3216,0.0562,0.015,-0.1111,-0.0604,0.9996,0.4611,-0.1452,0.0559,0.1159,0.0916,0.1345,0.1664,0.2997,0.2275,0.2747,0,0,0,0,0,0,0,0,0,0,0,0,0,0,0
"C_Rspnbllag",0.0247,0.1462,-0.0098,-0.0784,-0.0206,0.4611,0.982,-0.2075,0.0782,0.2474,0.0437,0.1044,-0.1572,0.162,0.1368,0.1249,0,0,0,0,0,0,0,0,0,0,0,0,0,0,0
"E_Assertlag",-0.0962,0.1168,-0.1392,-0.084,-0.2691,-0.1452,-0.2075,0.9961,-0.0501,0.1817,0.1668,-0.1267,0.4432,-0.3863,-0.0812,0.209,0,0,0,0,0,0,0,0,0,0,0,0,0,0,0
"E_EnerLevlag",0.0354,0.1384,0.1701,-0.0274,-0.0446,0.0559,0.0782,-0.0501,0.9674,-0.0828,-0.0382,0.3562,0.0451,0.1864,0.2464,0.2742,0,0,0,0,0,0,0,0,0,0,0,0,0,0,0
"E_Scbltylag",0.0867,-0.1231,-0.3408,0.1185,-0.0303,0.1159,0.2474,0.1817,-0.0828,0.9815,0.0965,-0.0232,0.0268,-0.0645,-0.2515,0.0953,0,0,0,0,0,0,0,0,0,0,0,0,0,0,0
"N_Anxtylag",-0.0381,0.055,0.0492,-0.3043,-0.0577,0.0916,0.0437,0.1668,-0.0382,0.0965,0.9954,-0.0666,0.1158,-0.0559,0.1524,-0.1318,0,0,0,0,0,0,0,0,0,0,0,0,0,0,0
"N_Deprlag",0.0067,0.1024,0.1219,0.0244,-0.0135,0.1345,0.1044,-0.1267,0.3562,-0.0232,-0.0666,0.92,0.2435,0.1432,0.125,0.3225,0,0,0,0,0,0,0,0,0,0,0,0,0,0,0
"N_EmoVollag",-0.0242,0.1164,-0.3414,-0.3435,-0.2109,0.1664,-0.1572,0.4432,0.0451,0.0268,0.1158,0.2435,0.9955,-0.1685,0.1032,0.3959,0,0,0,0,0,0,0,0,0,0,0,0,0,0,0
"O_AesSenslag",0.137,-0.0933,0.4558,-0.0664,0.1717,0.2997,0.162,-0.3863,0.1864,-0.0645,-0.0559,0.1432,-0.1685,0.9827,-0.1348,0.1965,0,0,0,0,0,0,0,0,0,0,0,0,0,0,0
"O_CrtvImaglag",0.0879,0.0067,0.2103,-0.1766,-0.1314,0.2275,0.1368,-0.0812,0.2464,-0.2515,0.1524,0.125,0.1032,-0.1348,0.987,0.0634,0,0,0,0,0,0,0,0,0,0,0,0,0,0,0
"O_IntCurlag",0.16,0.1642,0.0106,-7e-04,-0.1374,0.2747,0.1249,0.209,0.2742,0.0953,-0.1318,0.3225,0.3959,0.1965,0.0634,0.987,0,0,0,0,0,0,0,0,0,0,0,0,0,0,0
"A_Cmpn",0,0,0,0,0,0,0,0,0,0,0,0,0,0,0,0,0.9764,0,0,0,0,0,0,0,0,0,0,0,0,0,0
"A_Rspct",0,0,0,0,0,0,0,0,0,0,0,0,0,0,0,0,0,0.5329,0,0,0,0,0,0,0,0,0,0,0,0,0
"A_Trust",0,0,0,0,0,0,0,0,0,0,0,0,0,0,0,0,0,0,0.8201,0,0,0,0,0,0,0,0,0,0,0,0
"C_Org",0,0,0,0,0,0,0,0,0,0,0,0,0,0,0,0,0,0,0,0.8115,0,0,0,0,0,0,0,0,0,0,0
"C_Prdctv",0,0,0,0,0,0,0,0,0,0,0,0,0,0,0,0,0,0,0,0,0.4273,0,0,0,0,0,0,0,0,0,0
"C_Rspnbl",0,0,0,0,0,0,0,0,0,0,0,0,0,0,0,0,0,0,0,0,0,0.8441,0,0,0,0,0,0,0,0,0
"E_Assert",0,0,0,0,0,0,0,0,0,0,0,0,0,0,0,0,0,0,0,0,0,0,0.4691,0,0,0,0,0,0,0,0
"E_EnerLev",0,0,0,0,0,0,0,0,0,0,0,0,0,0,0,0,0,0,0,0,0,0,0,0.5741,0,0,0,0,0,0,0
"E_Scblty",0,0,0,0,0,0,0,0,0,0,0,0,0,0,0,0,0,0,0,0,0,0,0,0,0.9274,0,0,0,0,0,0
"N_Anxty",0,0,0,0,0,0,0,0,0,0,0,0,0,0,0,0,0,0,0,0,0,0,0,0,0,0.4404,0,0,0,0,0
"N_Depr",0,0,0,0,0,0,0,0,0,0,0,0,0,0,0,0,0,0,0,0,0,0,0,0,0,0,0.5459,0,0,0,0
"N_EmoVol",0,0,0,0,0,0,0,0,0,0,0,0,0,0,0,0,0,0,0,0,0,0,0,0,0,0,0,0.3852,0,0,0
"O_AesSens",0,0,0,0,0,0,0,0,0,0,0,0,0,0,0,0,0,0,0,0,0,0,0,0,0,0,0,0,0.7606,0,0
"O_CrtvImag",0,0,0,0,0,0,0,0,0,0,0,0,0,0,0,0,0,0,0,0,0,0,0,0,0,0,0,0,0,0.6317,0
"O_IntCur",0,0,0,0,0,0,0,0,0,0,0,0,0,0,0,0,0,0,0,0,0,0,0,0,0,0,0,0,0,0,0.4144
