"","cumsumT","A_Cmpnlag","A_Rspctlag","A_Trustlag","C_Orglag","C_Prdctvlag","C_Rspnbllag","E_Assertlag","E_EnerLevlag","E_Scbltylag","N_Anxtylag","N_Deprlag","N_EmoVollag","O_AesSenslag","O_CrtvImaglag","O_IntCurlag","A_Cmpn","A_Rspct","A_Trust","C_Org","C_Prdctv","C_Rspnbl","E_Assert","E_EnerLev","E_Scblty","N_Anxty","N_Depr","N_EmoVol","O_AesSens","O_CrtvImag","O_IntCur"
"cumsumT",1,-0.0111,-0.0446,0.1003,0.0368,0.0699,0.0981,0.0115,0.2783,0.0115,-0.329,-0.2807,-0.1573,-0.1402,0.1617,0.0177,0,0,0,0,0,0,0,0,0,0,0,0,0,0,0
"A_Cmpnlag",-0.0111,1,0.2709,0.3617,0.2709,0.0808,0.2007,0.0518,0.1756,0.2329,-0.3557,-0.2771,-0.2416,0.0694,0.2328,0.1982,0,0,0,0,0,0,0,0,0,0,0,0,0,0,0
"A_Rspctlag",-0.0446,0.2709,1,0.3794,0.1554,0.3015,0.1847,0.0761,0.0284,0.1024,-0.0036,-0.1655,-0.0706,-0.065,0.0687,0.1958,0,0,0,0,0,0,0,0,0,0,0,0,0,0,0
"A_Trustlag",0.1003,0.3617,0.3794,1,0.2578,0.022,0.3014,0.011,0.1726,-0.0209,-0.2224,-0.2561,-0.2678,0.173,-0.013,0.1639,0,0,0,0,0,0,0,0,0,0,0,0,0,0,0
"C_Orglag",0.0368,0.2709,0.1554,0.2578,1,0.199,0.3148,0.0975,0.3203,0.0163,-0.2704,-0.2741,-0.1926,0.0891,0.179,0.2673,0,0,0,0,0,0,0,0,0,0,0,0,0,0,0
"C_Prdctvlag",0.0699,0.0808,0.3015,0.022,0.199,1,0.4377,0.1398,0.2605,0.2423,-0.1977,-0.2407,-0.2128,0.0113,0.4174,0.1808,0,0,0,0,0,0,0,0,0,0,0,0,0,0,0
"C_Rspnbllag",0.0981,0.2007,0.1847,0.3014,0.3148,0.4377,1,0.1703,0.2697,0.1683,-0.2654,-0.178,-0.2548,0.0057,0.1737,0.3501,0,0,0,0,0,0,0,0,0,0,0,0,0,0,0
"E_Assertlag",0.0115,0.0518,0.0761,0.011,0.0975,0.1398,0.1703,1,0.2546,0.1187,-0.1386,-0.1836,-0.0542,-0.0724,0.4053,0.1817,0,0,0,0,0,0,0,0,0,0,0,0,0,0,0
"E_EnerLevlag",0.2783,0.1756,0.0284,0.1726,0.3203,0.2605,0.2697,0.2546,1,0.2932,-0.3451,-0.4212,-0.3502,-0.0196,0.2997,0.0982,0,0,0,0,0,0,0,0,0,0,0,0,0,0,0
"E_Scbltylag",0.0115,0.2329,0.1024,-0.0209,0.0163,0.2423,0.1683,0.1187,0.2932,1,-0.1633,-0.2697,-0.1167,-0.069,0.3082,0.09,0,0,0,0,0,0,0,0,0,0,0,0,0,0,0
"N_Anxtylag",-0.329,-0.3557,-0.0036,-0.2224,-0.2704,-0.1977,-0.2654,-0.1386,-0.3451,-0.1633,1,0.6972,0.4523,0.0183,-0.2483,-0.0604,0,0,0,0,0,0,0,0,0,0,0,0,0,0,0
"N_Deprlag",-0.2807,-0.2771,-0.1655,-0.2561,-0.2741,-0.2407,-0.178,-0.1836,-0.4212,-0.2697,0.6972,1,0.4093,0.126,-0.3168,0.0523,0,0,0,0,0,0,0,0,0,0,0,0,0,0,0
"N_EmoVollag",-0.1573,-0.2416,-0.0706,-0.2678,-0.1926,-0.2128,-0.2548,-0.0542,-0.3502,-0.1167,0.4523,0.4093,1,-0.1719,-0.1621,-0.2045,0,0,0,0,0,0,0,0,0,0,0,0,0,0,0
"O_AesSenslag",-0.1402,0.0694,-0.065,0.173,0.0891,0.0113,0.0057,-0.0724,-0.0196,-0.069,0.0183,0.126,-0.1719,1,0.1511,0.2168,0,0,0,0,0,0,0,0,0,0,0,0,0,0,0
"O_CrtvImaglag",0.1617,0.2328,0.0687,-0.013,0.179,0.4174,0.1737,0.4053,0.2997,0.3082,-0.2483,-0.3168,-0.1621,0.1511,1,0.2137,0,0,0,0,0,0,0,0,0,0,0,0,0,0,0
"O_IntCurlag",0.0177,0.1982,0.1958,0.1639,0.2673,0.1808,0.3501,0.1817,0.0982,0.09,-0.0604,0.0523,-0.2045,0.2168,0.2137,1,0,0,0,0,0,0,0,0,0,0,0,0,0,0,0
"A_Cmpn",0,0,0,0,0,0,0,0,0,0,0,0,0,0,0,0,0.7937,0,0,0,0,0,0,0,0,0,0,0,0,0,0
"A_Rspct",0,0,0,0,0,0,0,0,0,0,0,0,0,0,0,0,0,0.7158,0,0,0,0,0,0,0,0,0,0,0,0,0
"A_Trust",0,0,0,0,0,0,0,0,0,0,0,0,0,0,0,0,0,0,0.9993,0,0,0,0,0,0,0,0,0,0,0,0
"C_Org",0,0,0,0,0,0,0,0,0,0,0,0,0,0,0,0,0,0,0,0.8887,0,0,0,0,0,0,0,0,0,0,0
"C_Prdctv",0,0,0,0,0,0,0,0,0,0,0,0,0,0,0,0,0,0,0,0,0.9115,0,0,0,0,0,0,0,0,0,0
"C_Rspnbl",0,0,0,0,0,0,0,0,0,0,0,0,0,0,0,0,0,0,0,0,0,0.6174,0,0,0,0,0,0,0,0,0
"E_Assert",0,0,0,0,0,0,0,0,0,0,0,0,0,0,0,0,0,0,0,0,0,0,0.7824,0,0,0,0,0,0,0,0
"E_EnerLev",0,0,0,0,0,0,0,0,0,0,0,0,0,0,0,0,0,0,0,0,0,0,0,0.7397,0,0,0,0,0,0,0
"E_Scblty",0,0,0,0,0,0,0,0,0,0,0,0,0,0,0,0,0,0,0,0,0,0,0,0,0.8311,0,0,0,0,0,0
"N_Anxty",0,0,0,0,0,0,0,0,0,0,0,0,0,0,0,0,0,0,0,0,0,0,0,0,0,0.6827,0,0,0,0,0
"N_Depr",0,0,0,0,0,0,0,0,0,0,0,0,0,0,0,0,0,0,0,0,0,0,0,0,0,0,0.5045,0,0,0,0
"N_EmoVol",0,0,0,0,0,0,0,0,0,0,0,0,0,0,0,0,0,0,0,0,0,0,0,0,0,0,0,0.7889,0,0,0
"O_AesSens",0,0,0,0,0,0,0,0,0,0,0,0,0,0,0,0,0,0,0,0,0,0,0,0,0,0,0,0,0.9925,0,0
"O_CrtvImag",0,0,0,0,0,0,0,0,0,0,0,0,0,0,0,0,0,0,0,0,0,0,0,0,0,0,0,0,0,0.8188,0
"O_IntCur",0,0,0,0,0,0,0,0,0,0,0,0,0,0,0,0,0,0,0,0,0,0,0,0,0,0,0,0,0,0,0.8798
