"","cumsumT","A_Cmpnlag","A_Rspctlag","A_Trustlag","C_Orglag","C_Prdctvlag","C_Rspnbllag","E_Assertlag","E_EnerLevlag","E_Scbltylag","N_Anxtylag","N_Deprlag","N_EmoVollag","O_AesSenslag","O_CrtvImaglag","O_IntCurlag","A_Cmpn","A_Rspct","A_Trust","C_Org","C_Prdctv","C_Rspnbl","E_Assert","E_EnerLev","E_Scblty","N_Anxty","N_Depr","N_EmoVol","O_AesSens","O_CrtvImag","O_IntCur"
"cumsumT",0.9731,0.0994,-0.0552,0.1179,0.2125,0.0118,-0.0582,0.0032,-0.1239,0.0052,-0.222,-0.0513,-0.1539,0.1221,0.1311,0.1345,0,0,0,0,0,0,0,0,0,0,0,0,0,0,0
"A_Cmpnlag",0.0994,0.9996,0.013,-0.0331,0.0378,-0.048,0.0137,0.0377,0.1602,0.0319,-0.0431,-0.1209,0.2051,0.0424,0.306,-0.0721,0,0,0,0,0,0,0,0,0,0,0,0,0,0,0
"A_Rspctlag",-0.0552,0.013,0.9998,0.0456,-0.0288,0.0454,0.2587,0.0082,0.116,-0.0292,-0.0437,0.0533,-0.0612,0.0931,0.0274,0.0592,0,0,0,0,0,0,0,0,0,0,0,0,0,0,0
"A_Trustlag",0.1179,-0.0331,0.0456,0.9807,0.1123,0.2065,-0.0615,-0.274,0.0226,-0.1022,-0.1819,-0.1401,-0.1161,0.0769,0.1365,-0.1843,0,0,0,0,0,0,0,0,0,0,0,0,0,0,0
"C_Orglag",0.2125,0.0378,-0.0288,0.1123,0.9977,0.2659,0.0481,0.0732,-0.124,0.0352,-0.1897,0.1625,-0.1581,0.1002,0.1406,0.1488,0,0,0,0,0,0,0,0,0,0,0,0,0,0,0
"C_Prdctvlag",0.0118,-0.048,0.0454,0.2065,0.2659,0.9985,0.1245,0.0738,0.0462,0.1252,-0.2345,0.0304,-0.0659,0.0225,0.1537,-0.1168,0,0,0,0,0,0,0,0,0,0,0,0,0,0,0
"C_Rspnbllag",-0.0582,0.0137,0.2587,-0.0615,0.0481,0.1245,0.9991,0.0538,0.0089,0.1439,0.0158,-0.0796,-0.0289,-0.1453,-0.0234,0.1309,0,0,0,0,0,0,0,0,0,0,0,0,0,0,0
"E_Assertlag",0.0032,0.0377,0.0082,-0.274,0.0732,0.0738,0.0538,0.9894,-0.0611,0.3252,-0.0957,0.0887,0.045,-0.0351,-0.0297,0.0664,0,0,0,0,0,0,0,0,0,0,0,0,0,0,0
"E_EnerLevlag",-0.1239,0.1602,0.116,0.0226,-0.124,0.0462,0.0089,-0.0611,0.999,0.2786,0.0256,-0.1812,0.0318,0.097,0.0063,-0.037,0,0,0,0,0,0,0,0,0,0,0,0,0,0,0
"E_Scbltylag",0.0052,0.0319,-0.0292,-0.1022,0.0352,0.1252,0.1439,0.3252,0.2786,0.9997,-0.1632,0.0068,0.0485,-0.0079,0.0467,0.0416,0,0,0,0,0,0,0,0,0,0,0,0,0,0,0
"N_Anxtylag",-0.222,-0.0431,-0.0437,-0.1819,-0.1897,-0.2345,0.0158,-0.0957,0.0256,-0.1632,0.999,-0.0129,0.2038,0.0907,-0.1107,-0.0413,0,0,0,0,0,0,0,0,0,0,0,0,0,0,0
"N_Deprlag",-0.0513,-0.1209,0.0533,-0.1401,0.1625,0.0304,-0.0796,0.0887,-0.1812,0.0068,-0.0129,0.9898,0.1276,0.1198,-0.002,0.1382,0,0,0,0,0,0,0,0,0,0,0,0,0,0,0
"N_EmoVollag",-0.1539,0.2051,-0.0612,-0.1161,-0.1581,-0.0659,-0.0289,0.045,0.0318,0.0485,0.2038,0.1276,0.9915,-0.1423,0.0743,-0.018,0,0,0,0,0,0,0,0,0,0,0,0,0,0,0
"O_AesSenslag",0.1221,0.0424,0.0931,0.0769,0.1002,0.0225,-0.1453,-0.0351,0.097,-0.0079,0.0907,0.1198,-0.1423,0.9982,0.0106,-0.0175,0,0,0,0,0,0,0,0,0,0,0,0,0,0,0
"O_CrtvImaglag",0.1311,0.306,0.0274,0.1365,0.1406,0.1537,-0.0234,-0.0297,0.0063,0.0467,-0.1107,-0.002,0.0743,0.0106,0.9963,0.0372,0,0,0,0,0,0,0,0,0,0,0,0,0,0,0
"O_IntCurlag",0.1345,-0.0721,0.0592,-0.1843,0.1488,-0.1168,0.1309,0.0664,-0.037,0.0416,-0.0413,0.1382,-0.018,-0.0175,0.0372,0.9985,0,0,0,0,0,0,0,0,0,0,0,0,0,0,0
"A_Cmpn",0,0,0,0,0,0,0,0,0,0,0,0,0,0,0,0,0.8743,0,0,0,0,0,0,0,0,0,0,0,0,0,0
"A_Rspct",0,0,0,0,0,0,0,0,0,0,0,0,0,0,0,0,0,0.9828,0,0,0,0,0,0,0,0,0,0,0,0,0
"A_Trust",0,0,0,0,0,0,0,0,0,0,0,0,0,0,0,0,0,0,0.9082,0,0,0,0,0,0,0,0,0,0,0,0
"C_Org",0,0,0,0,0,0,0,0,0,0,0,0,0,0,0,0,0,0,0,0.9093,0,0,0,0,0,0,0,0,0,0,0
"C_Prdctv",0,0,0,0,0,0,0,0,0,0,0,0,0,0,0,0,0,0,0,0,0.9243,0,0,0,0,0,0,0,0,0,0
"C_Rspnbl",0,0,0,0,0,0,0,0,0,0,0,0,0,0,0,0,0,0,0,0,0,0.8738,0,0,0,0,0,0,0,0,0
"E_Assert",0,0,0,0,0,0,0,0,0,0,0,0,0,0,0,0,0,0,0,0,0,0,0.7636,0,0,0,0,0,0,0,0
"E_EnerLev",0,0,0,0,0,0,0,0,0,0,0,0,0,0,0,0,0,0,0,0,0,0,0,0.8971,0,0,0,0,0,0,0
"E_Scblty",0,0,0,0,0,0,0,0,0,0,0,0,0,0,0,0,0,0,0,0,0,0,0,0,0.9089,0,0,0,0,0,0
"N_Anxty",0,0,0,0,0,0,0,0,0,0,0,0,0,0,0,0,0,0,0,0,0,0,0,0,0,0.9002,0,0,0,0,0
"N_Depr",0,0,0,0,0,0,0,0,0,0,0,0,0,0,0,0,0,0,0,0,0,0,0,0,0,0,0.9829,0,0,0,0
"N_EmoVol",0,0,0,0,0,0,0,0,0,0,0,0,0,0,0,0,0,0,0,0,0,0,0,0,0,0,0,0.9923,0,0,0
"O_AesSens",0,0,0,0,0,0,0,0,0,0,0,0,0,0,0,0,0,0,0,0,0,0,0,0,0,0,0,0,0.9978,0,0
"O_CrtvImag",0,0,0,0,0,0,0,0,0,0,0,0,0,0,0,0,0,0,0,0,0,0,0,0,0,0,0,0,0,0.9089,0
"O_IntCur",0,0,0,0,0,0,0,0,0,0,0,0,0,0,0,0,0,0,0,0,0,0,0,0,0,0,0,0,0,0,0.9437
