"","cumsumT","A_Cmpnlag","A_Rspctlag","A_Trustlag","C_Orglag","C_Prdctvlag","C_Rspnbllag","E_Assertlag","E_EnerLevlag","E_Scbltylag","N_Anxtylag","N_Deprlag","N_EmoVollag","O_AesSenslag","O_CrtvImaglag","O_IntCurlag","A_Cmpn","A_Rspct","A_Trust","C_Org","C_Prdctv","C_Rspnbl","E_Assert","E_EnerLev","E_Scblty","N_Anxty","N_Depr","N_EmoVol","O_AesSens","O_CrtvImag","O_IntCur"
"cumsumT",0.9712,0.0883,-0.1804,0.0552,0.0994,0.1695,0.1928,0.1905,0.0146,-0.0301,-0.1216,0.0364,-0.0778,0.1829,-0.1216,-0.0277,0,0,0,0,0,0,0,0,0,0,0,0,0,0,0
"A_Cmpnlag",0.0883,0.9833,0.2008,0.0437,0.0743,-0.1749,0.0653,0.0641,0.1573,0.1079,-0.0588,0.098,-0.049,0.0793,0.1306,0.1193,0,0,0,0,0,0,0,0,0,0,0,0,0,0,0
"A_Rspctlag",-0.1804,0.2008,0.995,0.1743,0.1184,0.0721,0.0689,-0.1154,0.1216,0.0602,0.0473,-0.0351,-0.0056,0.0259,-0.023,0.1401,0,0,0,0,0,0,0,0,0,0,0,0,0,0,0
"A_Trustlag",0.0552,0.0437,0.1743,0.9907,0.0535,-0.0626,0.0418,0.1124,0.0316,0.0103,-0.1454,-0.1917,-0.2947,-0.1549,0.1292,0.1134,0,0,0,0,0,0,0,0,0,0,0,0,0,0,0
"C_Orglag",0.0994,0.0743,0.1184,0.0535,0.9999,0.0476,0.1297,0.1068,0.0865,0.0609,-0.1877,-0.1336,-0.1502,0.2034,-0.1288,0.1148,0,0,0,0,0,0,0,0,0,0,0,0,0,0,0
"C_Prdctvlag",0.1695,-0.1749,0.0721,-0.0626,0.0476,0.9956,0.2288,0.0356,0.1264,0.0539,-0.0225,-0.1187,-0.0761,-0.0065,0.1195,-0.0284,0,0,0,0,0,0,0,0,0,0,0,0,0,0,0
"C_Rspnbllag",0.1928,0.0653,0.0689,0.0418,0.1297,0.2288,0.9994,0.2512,0.2145,0.1728,-0.0755,-0.1254,-0.2322,0.044,0.1571,0.0218,0,0,0,0,0,0,0,0,0,0,0,0,0,0,0
"E_Assertlag",0.1905,0.0641,-0.1154,0.1124,0.1068,0.0356,0.2512,0.9939,0.1747,0.113,-0.1201,0.0697,0.0153,0.1275,0.1082,0.2185,0,0,0,0,0,0,0,0,0,0,0,0,0,0,0
"E_EnerLevlag",0.0146,0.1573,0.1216,0.0316,0.0865,0.1264,0.2145,0.1747,0.993,0.2682,0.0557,0.0386,-0.0697,-0.1636,0.2011,0.0494,0,0,0,0,0,0,0,0,0,0,0,0,0,0,0
"E_Scbltylag",-0.0301,0.1079,0.0602,0.0103,0.0609,0.0539,0.1728,0.113,0.2682,0.9685,-0.1218,-0.1747,-0.1132,-0.0358,0.1786,0.2509,0,0,0,0,0,0,0,0,0,0,0,0,0,0,0
"N_Anxtylag",-0.1216,-0.0588,0.0473,-0.1454,-0.1877,-0.0225,-0.0755,-0.1201,0.0557,-0.1218,0.9969,0.1854,0.2938,-0.1574,0.0124,0.0248,0,0,0,0,0,0,0,0,0,0,0,0,0,0,0
"N_Deprlag",0.0364,0.098,-0.0351,-0.1917,-0.1336,-0.1187,-0.1254,0.0697,0.0386,-0.1747,0.1854,0.9953,0.4379,0.0128,0.0517,-0.0779,0,0,0,0,0,0,0,0,0,0,0,0,0,0,0
"N_EmoVollag",-0.0778,-0.049,-0.0056,-0.2947,-0.1502,-0.0761,-0.2322,0.0153,-0.0697,-0.1132,0.2938,0.4379,0.9954,-0.09,-0.0822,-0.0021,0,0,0,0,0,0,0,0,0,0,0,0,0,0,0
"O_AesSenslag",0.1829,0.0793,0.0259,-0.1549,0.2034,-0.0065,0.044,0.1275,-0.1636,-0.0358,-0.1574,0.0128,-0.09,0.993,-0.2112,0.03,0,0,0,0,0,0,0,0,0,0,0,0,0,0,0
"O_CrtvImaglag",-0.1216,0.1306,-0.023,0.1292,-0.1288,0.1195,0.1571,0.1082,0.2011,0.1786,0.0124,0.0517,-0.0822,-0.2112,0.9945,-0.0118,0,0,0,0,0,0,0,0,0,0,0,0,0,0,0
"O_IntCurlag",-0.0277,0.1193,0.1401,0.1134,0.1148,-0.0284,0.0218,0.2185,0.0494,0.2509,0.0248,-0.0779,-0.0021,0.03,-0.0118,0.9993,0,0,0,0,0,0,0,0,0,0,0,0,0,0,0
"A_Cmpn",0,0,0,0,0,0,0,0,0,0,0,0,0,0,0,0,0.9892,0,0,0,0,0,0,0,0,0,0,0,0,0,0
"A_Rspct",0,0,0,0,0,0,0,0,0,0,0,0,0,0,0,0,0,0.9677,0,0,0,0,0,0,0,0,0,0,0,0,0
"A_Trust",0,0,0,0,0,0,0,0,0,0,0,0,0,0,0,0,0,0,0.9156,0,0,0,0,0,0,0,0,0,0,0,0
"C_Org",0,0,0,0,0,0,0,0,0,0,0,0,0,0,0,0,0,0,0,0.9779,0,0,0,0,0,0,0,0,0,0,0
"C_Prdctv",0,0,0,0,0,0,0,0,0,0,0,0,0,0,0,0,0,0,0,0,0.9238,0,0,0,0,0,0,0,0,0,0
"C_Rspnbl",0,0,0,0,0,0,0,0,0,0,0,0,0,0,0,0,0,0,0,0,0,0.998,0,0,0,0,0,0,0,0,0
"E_Assert",0,0,0,0,0,0,0,0,0,0,0,0,0,0,0,0,0,0,0,0,0,0,0.9328,0,0,0,0,0,0,0,0
"E_EnerLev",0,0,0,0,0,0,0,0,0,0,0,0,0,0,0,0,0,0,0,0,0,0,0,0.8735,0,0,0,0,0,0,0
"E_Scblty",0,0,0,0,0,0,0,0,0,0,0,0,0,0,0,0,0,0,0,0,0,0,0,0,0.7728,0,0,0,0,0,0
"N_Anxty",0,0,0,0,0,0,0,0,0,0,0,0,0,0,0,0,0,0,0,0,0,0,0,0,0,0.7366,0,0,0,0,0
"N_Depr",0,0,0,0,0,0,0,0,0,0,0,0,0,0,0,0,0,0,0,0,0,0,0,0,0,0,0.9939,0,0,0,0
"N_EmoVol",0,0,0,0,0,0,0,0,0,0,0,0,0,0,0,0,0,0,0,0,0,0,0,0,0,0,0,0.7775,0,0,0
"O_AesSens",0,0,0,0,0,0,0,0,0,0,0,0,0,0,0,0,0,0,0,0,0,0,0,0,0,0,0,0,0.9998,0,0
"O_CrtvImag",0,0,0,0,0,0,0,0,0,0,0,0,0,0,0,0,0,0,0,0,0,0,0,0,0,0,0,0,0,0.9926,0
"O_IntCur",0,0,0,0,0,0,0,0,0,0,0,0,0,0,0,0,0,0,0,0,0,0,0,0,0,0,0,0,0,0,0.9815
