"","cumsumT","A_Cmpnlag","A_Rspctlag","A_Trustlag","C_Orglag","C_Prdctvlag","C_Rspnbllag","E_Assertlag","E_EnerLevlag","E_Scbltylag","N_Anxtylag","N_Deprlag","N_EmoVollag","O_AesSenslag","O_CrtvImaglag","O_IntCurlag","A_Cmpn","A_Rspct","A_Trust","C_Org","C_Prdctv","C_Rspnbl","E_Assert","E_EnerLev","E_Scblty","N_Anxty","N_Depr","N_EmoVol","O_AesSens","O_CrtvImag","O_IntCur"
"cumsumT",0.9413,0.1615,0.0288,0.1828,-0.0725,-0.0739,0.1007,0.1471,-0.0136,0.0452,0.2831,-0.0138,0.1235,-0.1303,0.1932,0.0916,0,0,0,0,0,0,0,0,0,0,0,0,0,0,0
"A_Cmpnlag",0.1615,0.9452,0.2312,0.3619,-0.1688,0.1277,-0.1333,0.2146,0.2281,0.0603,0.1672,1e-04,-0.119,-0.1468,0.2482,0.1591,0,0,0,0,0,0,0,0,0,0,0,0,0,0,0
"A_Rspctlag",0.0288,0.2312,0.9997,0.3951,-0.1264,0.1682,0.234,-0.1359,0.0838,0.1254,0.0365,0.024,-0.0666,0.3817,0.0188,0.2721,0,0,0,0,0,0,0,0,0,0,0,0,0,0,0
"A_Trustlag",0.1828,0.3619,0.3951,0.9843,0.0148,0.211,0.0504,-0.1618,0.0828,0.0773,0.179,0.0874,-0.2979,-0.0946,0.0941,0.0489,0,0,0,0,0,0,0,0,0,0,0,0,0,0,0
"C_Orglag",-0.0725,-0.1688,-0.1264,0.0148,0.9998,-0.0604,0.0376,0.0136,-0.0188,-0.2466,0.0312,-0.229,-0.007,0.013,-0.0674,-0.0215,0,0,0,0,0,0,0,0,0,0,0,0,0,0,0
"C_Prdctvlag",-0.0739,0.1277,0.1682,0.211,-0.0604,0.9844,0.3137,-0.1065,-0.1839,-0.1956,0.2611,0.2032,0.1569,-0.0678,0.1298,-0.0218,0,0,0,0,0,0,0,0,0,0,0,0,0,0,0
"C_Rspnbllag",0.1007,-0.1333,0.234,0.0504,0.0376,0.3137,0.9932,0.0286,0.0968,-0.0051,0.0056,-0.1925,-0.1519,0.2012,0.0924,0.15,0,0,0,0,0,0,0,0,0,0,0,0,0,0,0
"E_Assertlag",0.1471,0.2146,-0.1359,-0.1618,0.0136,-0.1065,0.0286,1,0.3288,0.0313,0.0609,-0.1974,0.1473,-0.0674,0.4087,0.1171,0,0,0,0,0,0,0,0,0,0,0,0,0,0,0
"E_EnerLevlag",-0.0136,0.2281,0.0838,0.0828,-0.0188,-0.1839,0.0968,0.3288,1,0.2333,0.1146,-0.1932,-0.1746,0.0307,0.3054,0.222,0,0,0,0,0,0,0,0,0,0,0,0,0,0,0
"E_Scbltylag",0.0452,0.0603,0.1254,0.0773,-0.2466,-0.1956,-0.0051,0.0313,0.2333,0.968,-0.2435,-0.1514,-0.2913,-0.2763,0.1329,0.1548,0,0,0,0,0,0,0,0,0,0,0,0,0,0,0
"N_Anxtylag",0.2831,0.1672,0.0365,0.179,0.0312,0.2611,0.0056,0.0609,0.1146,-0.2435,0.9816,0.1889,0.274,-0.0398,0.0425,-0.062,0,0,0,0,0,0,0,0,0,0,0,0,0,0,0
"N_Deprlag",-0.0138,1e-04,0.024,0.0874,-0.229,0.2032,-0.1925,-0.1974,-0.1932,-0.1514,0.1889,0.9917,0.099,-0.1548,0.008,-0.2682,0,0,0,0,0,0,0,0,0,0,0,0,0,0,0
"N_EmoVollag",0.1235,-0.119,-0.0666,-0.2979,-0.007,0.1569,-0.1519,0.1473,-0.1746,-0.2913,0.274,0.099,0.9942,-0.0638,-0.0247,-0.2256,0,0,0,0,0,0,0,0,0,0,0,0,0,0,0
"O_AesSenslag",-0.1303,-0.1468,0.3817,-0.0946,0.013,-0.0678,0.2012,-0.0674,0.0307,-0.2763,-0.0398,-0.1548,-0.0638,0.9837,-0.0934,0.3512,0,0,0,0,0,0,0,0,0,0,0,0,0,0,0
"O_CrtvImaglag",0.1932,0.2482,0.0188,0.0941,-0.0674,0.1298,0.0924,0.4087,0.3054,0.1329,0.0425,0.008,-0.0247,-0.0934,0.9993,-0.0782,0,0,0,0,0,0,0,0,0,0,0,0,0,0,0
"O_IntCurlag",0.0916,0.1591,0.2721,0.0489,-0.0215,-0.0218,0.15,0.1171,0.222,0.1548,-0.062,-0.2682,-0.2256,0.3512,-0.0782,0.9735,0,0,0,0,0,0,0,0,0,0,0,0,0,0,0
"A_Cmpn",0,0,0,0,0,0,0,0,0,0,0,0,0,0,0,0,0.61,0,0,0,0,0,0,0,0,0,0,0,0,0,0
"A_Rspct",0,0,0,0,0,0,0,0,0,0,0,0,0,0,0,0,0,0.7728,0,0,0,0,0,0,0,0,0,0,0,0,0
"A_Trust",0,0,0,0,0,0,0,0,0,0,0,0,0,0,0,0,0,0,0.1447,0,0,0,0,0,0,0,0,0,0,0,0
"C_Org",0,0,0,0,0,0,0,0,0,0,0,0,0,0,0,0,0,0,0,0.749,0,0,0,0,0,0,0,0,0,0,0
"C_Prdctv",0,0,0,0,0,0,0,0,0,0,0,0,0,0,0,0,0,0,0,0,0.4222,0,0,0,0,0,0,0,0,0,0
"C_Rspnbl",0,0,0,0,0,0,0,0,0,0,0,0,0,0,0,0,0,0,0,0,0,0.8005,0,0,0,0,0,0,0,0,0
"E_Assert",0,0,0,0,0,0,0,0,0,0,0,0,0,0,0,0,0,0,0,0,0,0,0.7002,0,0,0,0,0,0,0,0
"E_EnerLev",0,0,0,0,0,0,0,0,0,0,0,0,0,0,0,0,0,0,0,0,0,0,0,0.9456,0,0,0,0,0,0,0
"E_Scblty",0,0,0,0,0,0,0,0,0,0,0,0,0,0,0,0,0,0,0,0,0,0,0,0,0.8298,0,0,0,0,0,0
"N_Anxty",0,0,0,0,0,0,0,0,0,0,0,0,0,0,0,0,0,0,0,0,0,0,0,0,0,0.8869,0,0,0,0,0
"N_Depr",0,0,0,0,0,0,0,0,0,0,0,0,0,0,0,0,0,0,0,0,0,0,0,0,0,0,0.907,0,0,0,0
"N_EmoVol",0,0,0,0,0,0,0,0,0,0,0,0,0,0,0,0,0,0,0,0,0,0,0,0,0,0,0,0.6333,0,0,0
"O_AesSens",0,0,0,0,0,0,0,0,0,0,0,0,0,0,0,0,0,0,0,0,0,0,0,0,0,0,0,0,2.5882,0,0
"O_CrtvImag",0,0,0,0,0,0,0,0,0,0,0,0,0,0,0,0,0,0,0,0,0,0,0,0,0,0,0,0,0,0.8235,0
"O_IntCur",0,0,0,0,0,0,0,0,0,0,0,0,0,0,0,0,0,0,0,0,0,0,0,0,0,0,0,0,0,0,0.8675
