"","cumsumT","A_Cmpnlag","A_Rspctlag","A_Trustlag","C_Orglag","C_Prdctvlag","C_Rspnbllag","E_Assertlag","E_EnerLevlag","E_Scbltylag","N_Anxtylag","N_Deprlag","N_EmoVollag","O_AesSenslag","O_CrtvImaglag","O_IntCurlag","A_Cmpn","A_Rspct","A_Trust","C_Org","C_Prdctv","C_Rspnbl","E_Assert","E_EnerLev","E_Scblty","N_Anxty","N_Depr","N_EmoVol","O_AesSens","O_CrtvImag","O_IntCur"
"cumsumT",0.9423,-0.2335,-0.1543,-0.0301,0.0532,-0.1162,0.0092,0.0687,-0.0429,0.1237,0.0212,0.0587,0.1968,-0.0948,-0.2055,0.0272,0,0,0,0,0,0,0,0,0,0,0,0,0,0,0
"A_Cmpnlag",-0.2335,0.965,0.1721,0.4789,0.0823,0.0791,-9e-04,0.1463,0.4521,0.4128,0.083,-0.2453,-0.0847,0.1425,0.4137,0.2156,0,0,0,0,0,0,0,0,0,0,0,0,0,0,0
"A_Rspctlag",-0.1543,0.1721,0.9903,0.1554,0.1808,0.2942,0.1752,0.072,0.2152,0.165,-0.1189,-0.2936,-0.2237,-0.1557,0.354,0.3242,0,0,0,0,0,0,0,0,0,0,0,0,0,0,0
"A_Trustlag",-0.0301,0.4789,0.1554,0.9583,0.2991,-5e-04,0.1125,0.1238,0.3573,0.2808,-0.3234,-0.3615,-0.4659,0.0096,0.3863,0.185,0,0,0,0,0,0,0,0,0,0,0,0,0,0,0
"C_Orglag",0.0532,0.0823,0.1808,0.2991,0.8496,0.1388,0.3765,0.2484,0.1273,0.081,-0.0084,-0.3712,-0.1736,-0.1136,0.0041,-0.047,0,0,0,0,0,0,0,0,0,0,0,0,0,0,0
"C_Prdctvlag",-0.1162,0.0791,0.2942,-5e-04,0.1388,0.9634,0.4989,0.1197,0.3109,0.2697,-0.1146,-0.1367,0.0944,0.0747,0.1624,0.3153,0,0,0,0,0,0,0,0,0,0,0,0,0,0,0
"C_Rspnbllag",0.0092,-9e-04,0.1752,0.1125,0.3765,0.4989,0.9582,0.161,0.2979,0.3741,-0.1536,-0.3175,-0.0267,-0.0169,-0.0132,0.3329,0,0,0,0,0,0,0,0,0,0,0,0,0,0,0
"E_Assertlag",0.0687,0.1463,0.072,0.1238,0.2484,0.1197,0.161,0.9974,0.4141,0.3094,0.0295,-0.5006,-0.1828,0.2489,-0.028,0.2896,0,0,0,0,0,0,0,0,0,0,0,0,0,0,0
"E_EnerLevlag",-0.0429,0.4521,0.2152,0.3573,0.1273,0.3109,0.2979,0.4141,0.9731,0.565,-0.244,-0.3689,-0.1936,0.0888,0.3951,0.3797,0,0,0,0,0,0,0,0,0,0,0,0,0,0,0
"E_Scbltylag",0.1237,0.4128,0.165,0.2808,0.081,0.2697,0.3741,0.3094,0.565,0.9611,-0.2153,-0.2635,-0.0914,0.1169,0.2545,0.3967,0,0,0,0,0,0,0,0,0,0,0,0,0,0,0
"N_Anxtylag",0.0212,0.083,-0.1189,-0.3234,-0.0084,-0.1146,-0.1536,0.0295,-0.244,-0.2153,0.9808,0.0394,0.3745,-0.0958,-0.0923,-0.0847,0,0,0,0,0,0,0,0,0,0,0,0,0,0,0
"N_Deprlag",0.0587,-0.2453,-0.2936,-0.3615,-0.3712,-0.1367,-0.3175,-0.5006,-0.3689,-0.2635,0.0394,0.9987,0.4205,-0.1053,-0.0525,-0.2806,0,0,0,0,0,0,0,0,0,0,0,0,0,0,0
"N_EmoVollag",0.1968,-0.0847,-0.2237,-0.4659,-0.1736,0.0944,-0.0267,-0.1828,-0.1936,-0.0914,0.3745,0.4205,0.994,0.0288,-0.0843,-0.1275,0,0,0,0,0,0,0,0,0,0,0,0,0,0,0
"O_AesSenslag",-0.0948,0.1425,-0.1557,0.0096,-0.1136,0.0747,-0.0169,0.2489,0.0888,0.1169,-0.0958,-0.1053,0.0288,0.931,-0.2785,0.085,0,0,0,0,0,0,0,0,0,0,0,0,0,0,0
"O_CrtvImaglag",-0.2055,0.4137,0.354,0.3863,0.0041,0.1624,-0.0132,-0.028,0.3951,0.2545,-0.0923,-0.0525,-0.0843,-0.2785,0.9926,0.257,0,0,0,0,0,0,0,0,0,0,0,0,0,0,0
"O_IntCurlag",0.0272,0.2156,0.3242,0.185,-0.047,0.3153,0.3329,0.2896,0.3797,0.3967,-0.0847,-0.2806,-0.1275,0.085,0.257,0.9912,0,0,0,0,0,0,0,0,0,0,0,0,0,0,0
"A_Cmpn",0,0,0,0,0,0,0,0,0,0,0,0,0,0,0,0,0.7568,0,0,0,0,0,0,0,0,0,0,0,0,0,0
"A_Rspct",0,0,0,0,0,0,0,0,0,0,0,0,0,0,0,0,0,0.786,0,0,0,0,0,0,0,0,0,0,0,0,0
"A_Trust",0,0,0,0,0,0,0,0,0,0,0,0,0,0,0,0,0,0,0.4095,0,0,0,0,0,0,0,0,0,0,0,0
"C_Org",0,0,0,0,0,0,0,0,0,0,0,0,0,0,0,0,0,0,0,0.605,0,0,0,0,0,0,0,0,0,0,0
"C_Prdctv",0,0,0,0,0,0,0,0,0,0,0,0,0,0,0,0,0,0,0,0,0.8848,0,0,0,0,0,0,0,0,0,0
"C_Rspnbl",0,0,0,0,0,0,0,0,0,0,0,0,0,0,0,0,0,0,0,0,0,0.5002,0,0,0,0,0,0,0,0,0
"E_Assert",0,0,0,0,0,0,0,0,0,0,0,0,0,0,0,0,0,0,0,0,0,0,0.5581,0,0,0,0,0,0,0,0
"E_EnerLev",0,0,0,0,0,0,0,0,0,0,0,0,0,0,0,0,0,0,0,0,0,0,0,0.572,0,0,0,0,0,0,0
"E_Scblty",0,0,0,0,0,0,0,0,0,0,0,0,0,0,0,0,0,0,0,0,0,0,0,0,0.7481,0,0,0,0,0,0
"N_Anxty",0,0,0,0,0,0,0,0,0,0,0,0,0,0,0,0,0,0,0,0,0,0,0,0,0,0.7483,0,0,0,0,0
"N_Depr",0,0,0,0,0,0,0,0,0,0,0,0,0,0,0,0,0,0,0,0,0,0,0,0,0,0,0.7311,0,0,0,0
"N_EmoVol",0,0,0,0,0,0,0,0,0,0,0,0,0,0,0,0,0,0,0,0,0,0,0,0,0,0,0,0.5223,0,0,0
"O_AesSens",0,0,0,0,0,0,0,0,0,0,0,0,0,0,0,0,0,0,0,0,0,0,0,0,0,0,0,0,0.9102,0,0
"O_CrtvImag",0,0,0,0,0,0,0,0,0,0,0,0,0,0,0,0,0,0,0,0,0,0,0,0,0,0,0,0,0,0.4368,0
"O_IntCur",0,0,0,0,0,0,0,0,0,0,0,0,0,0,0,0,0,0,0,0,0,0,0,0,0,0,0,0,0,0,0.6377
