"","cumsumT","A_Cmpnlag","A_Rspctlag","A_Trustlag","C_Orglag","C_Prdctvlag","C_Rspnbllag","E_Assertlag","E_EnerLevlag","E_Scbltylag","N_Anxtylag","N_Deprlag","N_EmoVollag","O_AesSenslag","O_CrtvImaglag","O_IntCurlag","A_Cmpn","A_Rspct","A_Trust","C_Org","C_Prdctv","C_Rspnbl","E_Assert","E_EnerLev","E_Scblty","N_Anxty","N_Depr","N_EmoVol","O_AesSens","O_CrtvImag","O_IntCur"
"cumsumT",0.9575,0.2737,0.0804,0.2834,0.1739,0.242,0.2707,0.1368,-0.0239,-0.0652,-0.3123,-0.263,-0.2958,0.0807,0.0078,0.2317,0,0,0,0,0,0,0,0,0,0,0,0,0,0,0
"A_Cmpnlag",0.2737,0.9243,0.4808,0.3595,0.253,0.1684,0.1797,0.2573,0.2784,-0.0495,-0.3374,-0.4111,-0.3158,0.0945,0.1487,0.0648,0,0,0,0,0,0,0,0,0,0,0,0,0,0,0
"A_Rspctlag",0.0804,0.4808,0.9307,0.4525,0.1885,0.1173,0.3425,0.0557,0.3742,0.2383,-0.2579,-0.2768,-0.2957,0.1604,0.23,0.133,0,0,0,0,0,0,0,0,0,0,0,0,0,0,0
"A_Trustlag",0.2834,0.3595,0.4525,0.9951,0.1263,0.1219,0.183,0.1356,0.4213,0.1305,-0.4253,-0.3525,-0.5847,0.154,0.1373,0.0695,0,0,0,0,0,0,0,0,0,0,0,0,0,0,0
"C_Orglag",0.1739,0.253,0.1885,0.1263,0.9863,0.174,0.1936,0.1654,0.2358,0.121,-0.1159,-0.2766,-0.1113,0.0816,0.1649,0.2665,0,0,0,0,0,0,0,0,0,0,0,0,0,0,0
"C_Prdctvlag",0.242,0.1684,0.1173,0.1219,0.174,0.9997,0.4664,0.122,0.2288,0.186,-0.312,-0.3343,-0.3704,0.1398,0.2512,0.087,0,0,0,0,0,0,0,0,0,0,0,0,0,0,0
"C_Rspnbllag",0.2707,0.1797,0.3425,0.183,0.1936,0.4664,0.9545,-0.0172,0.1825,0.0335,-0.1106,-0.2552,-0.2311,0.1365,0.0297,0.0847,0,0,0,0,0,0,0,0,0,0,0,0,0,0,0
"E_Assertlag",0.1368,0.2573,0.0557,0.1356,0.1654,0.122,-0.0172,0.9317,0.2285,0.1678,-0.1708,-0.1919,-0.0022,-0.0897,0.178,0.2015,0,0,0,0,0,0,0,0,0,0,0,0,0,0,0
"E_EnerLevlag",-0.0239,0.2784,0.3742,0.4213,0.2358,0.2288,0.1825,0.2285,0.9928,0.3477,-0.3487,-0.4569,-0.3217,0.1292,0.3036,0.0765,0,0,0,0,0,0,0,0,0,0,0,0,0,0,0
"E_Scbltylag",-0.0652,-0.0495,0.2383,0.1305,0.121,0.186,0.0335,0.1678,0.3477,0.9727,-0.2264,-0.2523,-0.215,0.1458,0.2927,0.0665,0,0,0,0,0,0,0,0,0,0,0,0,0,0,0
"N_Anxtylag",-0.3123,-0.3374,-0.2579,-0.4253,-0.1159,-0.312,-0.1106,-0.1708,-0.3487,-0.2264,0.9711,0.6519,0.5821,-0.153,-0.1302,-0.152,0,0,0,0,0,0,0,0,0,0,0,0,0,0,0
"N_Deprlag",-0.263,-0.4111,-0.2768,-0.3525,-0.2766,-0.3343,-0.2552,-0.1919,-0.4569,-0.2523,0.6519,0.9788,0.5919,-0.1148,-0.101,-0.1899,0,0,0,0,0,0,0,0,0,0,0,0,0,0,0
"N_EmoVollag",-0.2958,-0.3158,-0.2957,-0.5847,-0.1113,-0.3704,-0.2311,-0.0022,-0.3217,-0.215,0.5821,0.5919,1,-0.2371,-0.0952,0.0568,0,0,0,0,0,0,0,0,0,0,0,0,0,0,0
"O_AesSenslag",0.0807,0.0945,0.1604,0.154,0.0816,0.1398,0.1365,-0.0897,0.1292,0.1458,-0.153,-0.1148,-0.2371,0.9995,0.0884,0.3206,0,0,0,0,0,0,0,0,0,0,0,0,0,0,0
"O_CrtvImaglag",0.0078,0.1487,0.23,0.1373,0.1649,0.2512,0.0297,0.178,0.3036,0.2927,-0.1302,-0.101,-0.0952,0.0884,0.9888,0.0633,0,0,0,0,0,0,0,0,0,0,0,0,0,0,0
"O_IntCurlag",0.2317,0.0648,0.133,0.0695,0.2665,0.087,0.0847,0.2015,0.0765,0.0665,-0.152,-0.1899,0.0568,0.3206,0.0633,0.9551,0,0,0,0,0,0,0,0,0,0,0,0,0,0,0
"A_Cmpn",0,0,0,0,0,0,0,0,0,0,0,0,0,0,0,0,0.7347,0,0,0,0,0,0,0,0,0,0,0,0,0,0
"A_Rspct",0,0,0,0,0,0,0,0,0,0,0,0,0,0,0,0,0,0.5962,0,0,0,0,0,0,0,0,0,0,0,0,0
"A_Trust",0,0,0,0,0,0,0,0,0,0,0,0,0,0,0,0,0,0,0.5419,0,0,0,0,0,0,0,0,0,0,0,0
"C_Org",0,0,0,0,0,0,0,0,0,0,0,0,0,0,0,0,0,0,0,0.8709,0,0,0,0,0,0,0,0,0,0,0
"C_Prdctv",0,0,0,0,0,0,0,0,0,0,0,0,0,0,0,0,0,0,0,0,0.7674,0,0,0,0,0,0,0,0,0,0
"C_Rspnbl",0,0,0,0,0,0,0,0,0,0,0,0,0,0,0,0,0,0,0,0,0,0.8174,0,0,0,0,0,0,0,0,0
"E_Assert",0,0,0,0,0,0,0,0,0,0,0,0,0,0,0,0,0,0,0,0,0,0,0.7953,0,0,0,0,0,0,0,0
"E_EnerLev",0,0,0,0,0,0,0,0,0,0,0,0,0,0,0,0,0,0,0,0,0,0,0,0.7158,0,0,0,0,0,0,0
"E_Scblty",0,0,0,0,0,0,0,0,0,0,0,0,0,0,0,0,0,0,0,0,0,0,0,0,0.8793,0,0,0,0,0,0
"N_Anxty",0,0,0,0,0,0,0,0,0,0,0,0,0,0,0,0,0,0,0,0,0,0,0,0,0,2.0399,0,0,0,0,0
"N_Depr",0,0,0,0,0,0,0,0,0,0,0,0,0,0,0,0,0,0,0,0,0,0,0,0,0,0,0.6764,0,0,0,0
"N_EmoVol",0,0,0,0,0,0,0,0,0,0,0,0,0,0,0,0,0,0,0,0,0,0,0,0,0,0,0,0.771,0,0,0
"O_AesSens",0,0,0,0,0,0,0,0,0,0,0,0,0,0,0,0,0,0,0,0,0,0,0,0,0,0,0,0,0.8063,0,0
"O_CrtvImag",0,0,0,0,0,0,0,0,0,0,0,0,0,0,0,0,0,0,0,0,0,0,0,0,0,0,0,0,0,0.8108,0
"O_IntCur",0,0,0,0,0,0,0,0,0,0,0,0,0,0,0,0,0,0,0,0,0,0,0,0,0,0,0,0,0,0,0.8618
