"","cumsumT","A_Cmpnlag","A_Rspctlag","A_Trustlag","C_Orglag","C_Prdctvlag","C_Rspnbllag","E_Assertlag","E_EnerLevlag","E_Scbltylag","N_Anxtylag","N_Deprlag","N_EmoVollag","O_AesSenslag","O_CrtvImaglag","O_IntCurlag","A_Cmpn","A_Rspct","A_Trust","C_Org","C_Prdctv","C_Rspnbl","E_Assert","E_EnerLev","E_Scblty","N_Anxty","N_Depr","N_EmoVol","O_AesSens","O_CrtvImag","O_IntCur"
"cumsumT",1,0.2909,0.0852,0.2903,0.1789,0.2474,0.2832,0.1448,-0.0245,-0.0675,-0.3239,-0.2717,-0.3023,0.0825,0.0081,0.2423,0,0,0,0,0,0,0,0,0,0,0,0,0,0,0
"A_Cmpnlag",0.2909,1,0.5184,0.3749,0.2649,0.1752,0.1913,0.2772,0.2907,-0.0522,-0.3562,-0.4322,-0.3285,0.0983,0.1555,0.069,0,0,0,0,0,0,0,0,0,0,0,0,0,0,0
"A_Rspctlag",0.0852,0.5184,1,0.4702,0.1968,0.1216,0.3633,0.0598,0.3893,0.2505,-0.2713,-0.29,-0.3065,0.1663,0.2398,0.1411,0,0,0,0,0,0,0,0,0,0,0,0,0,0,0
"A_Trustlag",0.2903,0.3749,0.4702,1,0.1275,0.1223,0.1877,0.1408,0.4239,0.1327,-0.4326,-0.3572,-0.5862,0.1544,0.1384,0.0713,0,0,0,0,0,0,0,0,0,0,0,0,0,0,0
"C_Orglag",0.1789,0.2649,0.1968,0.1275,1,0.1752,0.1995,0.1725,0.2383,0.1236,-0.1184,-0.2815,-0.1121,0.0822,0.167,0.2746,0,0,0,0,0,0,0,0,0,0,0,0,0,0,0
"C_Prdctvlag",0.2474,0.1752,0.1216,0.1223,0.1752,1,0.4774,0.1264,0.2297,0.1886,-0.3167,-0.3379,-0.3705,0.1399,0.2526,0.0891,0,0,0,0,0,0,0,0,0,0,0,0,0,0,0
"C_Rspnbllag",0.2832,0.1913,0.3633,0.1877,0.1995,0.4774,1,-0.0182,0.1875,0.0347,-0.1149,-0.264,-0.2365,0.1398,0.0306,0.0887,0,0,0,0,0,0,0,0,0,0,0,0,0,0,0
"E_Assertlag",0.1448,0.2772,0.0598,0.1408,0.1725,0.1264,-0.0182,1,0.2375,0.1763,-0.1796,-0.2009,-0.0023,-0.0929,0.1855,0.2136,0,0,0,0,0,0,0,0,0,0,0,0,0,0,0
"E_EnerLevlag",-0.0245,0.2907,0.3893,0.4239,0.2383,0.2297,0.1875,0.2375,1,0.3538,-0.3551,-0.4635,-0.3229,0.1297,0.3065,0.0786,0,0,0,0,0,0,0,0,0,0,0,0,0,0,0
"E_Scbltylag",-0.0675,-0.0522,0.2505,0.1327,0.1236,0.1886,0.0347,0.1763,0.3538,1,-0.2329,-0.2586,-0.218,0.1478,0.2984,0.069,0,0,0,0,0,0,0,0,0,0,0,0,0,0,0
"N_Anxtylag",-0.3239,-0.3562,-0.2713,-0.4326,-0.1184,-0.3167,-0.1149,-0.1796,-0.3551,-0.2329,1,0.6687,0.5907,-0.1553,-0.1328,-0.1578,0,0,0,0,0,0,0,0,0,0,0,0,0,0,0
"N_Deprlag",-0.2717,-0.4322,-0.29,-0.3572,-0.2815,-0.3379,-0.264,-0.2009,-0.4635,-0.2586,0.6687,1,0.5983,-0.116,-0.1026,-0.1964,0,0,0,0,0,0,0,0,0,0,0,0,0,0,0
"N_EmoVollag",-0.3023,-0.3285,-0.3065,-0.5862,-0.1121,-0.3705,-0.2365,-0.0023,-0.3229,-0.218,0.5907,0.5983,1,-0.2372,-0.0957,0.0581,0,0,0,0,0,0,0,0,0,0,0,0,0,0,0
"O_AesSenslag",0.0825,0.0983,0.1663,0.1544,0.0822,0.1399,0.1398,-0.0929,0.1297,0.1478,-0.1553,-0.116,-0.2372,1,0.0889,0.3281,0,0,0,0,0,0,0,0,0,0,0,0,0,0,0
"O_CrtvImaglag",0.0081,0.1555,0.2398,0.1384,0.167,0.2526,0.0306,0.1855,0.3065,0.2984,-0.1328,-0.1026,-0.0957,0.0889,1,0.0651,0,0,0,0,0,0,0,0,0,0,0,0,0,0,0
"O_IntCurlag",0.2423,0.069,0.1411,0.0713,0.2746,0.0891,0.0887,0.2136,0.0786,0.069,-0.1578,-0.1964,0.0581,0.3281,0.0651,1,0,0,0,0,0,0,0,0,0,0,0,0,0,0,0
"A_Cmpn",0,0,0,0,0,0,0,0,0,0,0,0,0,0,0,0,0.7841,0,0,0,0,0,0,0,0,0,0,0,0,0,0
"A_Rspct",0,0,0,0,0,0,0,0,0,0,0,0,0,0,0,0,0,0.5786,0,0,0,0,0,0,0,0,0,0,0,0,0
"A_Trust",0,0,0,0,0,0,0,0,0,0,0,0,0,0,0,0,0,0,0.5748,0,0,0,0,0,0,0,0,0,0,0,0
"C_Org",0,0,0,0,0,0,0,0,0,0,0,0,0,0,0,0,0,0,0,0.8624,0,0,0,0,0,0,0,0,0,0,0
"C_Prdctv",0,0,0,0,0,0,0,0,0,0,0,0,0,0,0,0,0,0,0,0,0.7891,0,0,0,0,0,0,0,0,0,0
"C_Rspnbl",0,0,0,0,0,0,0,0,0,0,0,0,0,0,0,0,0,0,0,0,0,0.8267,0,0,0,0,0,0,0,0,0
"E_Assert",0,0,0,0,0,0,0,0,0,0,0,0,0,0,0,0,0,0,0,0,0,0,0.8264,0,0,0,0,0,0,0,0
"E_EnerLev",0,0,0,0,0,0,0,0,0,0,0,0,0,0,0,0,0,0,0,0,0,0,0,0.7143,0,0,0,0,0,0,0
"E_Scblty",0,0,0,0,0,0,0,0,0,0,0,0,0,0,0,0,0,0,0,0,0,0,0,0,0.8859,0,0,0,0,0,0
"N_Anxty",0,0,0,0,0,0,0,0,0,0,0,0,0,0,0,0,0,0,0,0,0,0,0,0,0,2.0722,0,0,0,0,0
"N_Depr",0,0,0,0,0,0,0,0,0,0,0,0,0,0,0,0,0,0,0,0,0,0,0,0,0,0,0.7013,0,0,0,0
"N_EmoVol",0,0,0,0,0,0,0,0,0,0,0,0,0,0,0,0,0,0,0,0,0,0,0,0,0,0,0,0.8145,0,0,0
"O_AesSens",0,0,0,0,0,0,0,0,0,0,0,0,0,0,0,0,0,0,0,0,0,0,0,0,0,0,0,0,0.7581,0,0
"O_CrtvImag",0,0,0,0,0,0,0,0,0,0,0,0,0,0,0,0,0,0,0,0,0,0,0,0,0,0,0,0,0,0.8142,0
"O_IntCur",0,0,0,0,0,0,0,0,0,0,0,0,0,0,0,0,0,0,0,0,0,0,0,0,0,0,0,0,0,0,0.8714
