"","cumsumT","A_Cmpnlag","A_Rspctlag","A_Trustlag","C_Orglag","C_Prdctvlag","C_Rspnbllag","E_Assertlag","E_EnerLevlag","E_Scbltylag","N_Anxtylag","N_Deprlag","N_EmoVollag","O_AesSenslag","O_CrtvImaglag","O_IntCurlag","A_Cmpn","A_Rspct","A_Trust","C_Org","C_Prdctv","C_Rspnbl","E_Assert","E_EnerLev","E_Scblty","N_Anxty","N_Depr","N_EmoVol","O_AesSens","O_CrtvImag","O_IntCur"
"cumsumT",0.9593,0.1108,-0.1276,-0.2393,-0.0531,0.216,-0.1276,0.2994,0.3192,0.1006,0.3713,0.0777,-0.0886,0.096,0.3157,0.2117,0,0,0,0,0,0,0,0,0,0,0,0,0,0,0
"A_Cmpnlag",0.1108,0.9777,0.3481,0.3386,0.1891,0.2074,0.2221,0.3301,0.3106,0.4249,-0.2838,-0.4563,-0.3081,0.1752,0.3569,0.3924,0,0,0,0,0,0,0,0,0,0,0,0,0,0,0
"A_Rspctlag",-0.1276,0.3481,0.9934,0.4843,0.2163,0.2609,0.3977,0.1584,0.2483,0.2713,-0.4467,-0.4821,-0.3846,0.337,0.3945,0.3879,0,0,0,0,0,0,0,0,0,0,0,0,0,0,0
"A_Trustlag",-0.2393,0.3386,0.4843,0.9983,0.1757,0.146,0.4236,-0.0089,-0.0242,0.1187,-0.4819,-0.4748,-0.4077,0.1417,2e-04,0.2591,0,0,0,0,0,0,0,0,0,0,0,0,0,0,0
"C_Orglag",-0.0531,0.1891,0.2163,0.1757,0.9313,0.3713,0.5881,0.2537,0.2986,0.2241,-0.2075,-0.0429,-0.1624,0.1289,0.2614,0.1756,0,0,0,0,0,0,0,0,0,0,0,0,0,0,0
"C_Prdctvlag",0.216,0.2074,0.2609,0.146,0.3713,0.9771,0.4405,0.353,0.4112,0.3116,-0.0727,-0.3935,-0.267,0.0757,0.5171,0.4618,0,0,0,0,0,0,0,0,0,0,0,0,0,0,0
"C_Rspnbllag",-0.1276,0.2221,0.3977,0.4236,0.5881,0.4405,0.9734,0.1507,0.2286,0.246,-0.4718,-0.2996,-0.432,0.1523,0.324,0.4239,0,0,0,0,0,0,0,0,0,0,0,0,0,0,0
"E_Assertlag",0.2994,0.3301,0.1584,-0.0089,0.2537,0.353,0.1507,0.9873,0.4011,0.2458,0.0104,-0.2948,-0.3349,0.2222,0.2783,0.3608,0,0,0,0,0,0,0,0,0,0,0,0,0,0,0
"E_EnerLevlag",0.3192,0.3106,0.2483,-0.0242,0.2986,0.4112,0.2286,0.4011,0.9064,0.4174,-0.0229,-0.2627,-0.2085,0.4044,0.5608,0.3006,0,0,0,0,0,0,0,0,0,0,0,0,0,0,0
"E_Scbltylag",0.1006,0.4249,0.2713,0.1187,0.2241,0.3116,0.246,0.2458,0.4174,0.9916,-0.3291,-0.4529,-0.3452,0.2994,0.4283,0.3313,0,0,0,0,0,0,0,0,0,0,0,0,0,0,0
"N_Anxtylag",0.3713,-0.2838,-0.4467,-0.4819,-0.2075,-0.0727,-0.4718,0.0104,-0.0229,-0.3291,0.9999,0.4172,0.5487,-0.1896,-0.1127,-0.2768,0,0,0,0,0,0,0,0,0,0,0,0,0,0,0
"N_Deprlag",0.0777,-0.4563,-0.4821,-0.4748,-0.0429,-0.3935,-0.2996,-0.2948,-0.2627,-0.4529,0.4172,0.9473,0.6262,-0.2321,-0.1738,-0.4013,0,0,0,0,0,0,0,0,0,0,0,0,0,0,0
"N_EmoVollag",-0.0886,-0.3081,-0.3846,-0.4077,-0.1624,-0.267,-0.432,-0.3349,-0.2085,-0.3452,0.5487,0.6262,0.9984,-0.3488,-0.1675,-0.4028,0,0,0,0,0,0,0,0,0,0,0,0,0,0,0
"O_AesSenslag",0.096,0.1752,0.337,0.1417,0.1289,0.0757,0.1523,0.2222,0.4044,0.2994,-0.1896,-0.2321,-0.3488,0.9633,0.2642,0.266,0,0,0,0,0,0,0,0,0,0,0,0,0,0,0
"O_CrtvImaglag",0.3157,0.3569,0.3945,2e-04,0.2614,0.5171,0.324,0.2783,0.5608,0.4283,-0.1127,-0.1738,-0.1675,0.2642,0.9867,0.4339,0,0,0,0,0,0,0,0,0,0,0,0,0,0,0
"O_IntCurlag",0.2117,0.3924,0.3879,0.2591,0.1756,0.4618,0.4239,0.3608,0.3006,0.3313,-0.2768,-0.4013,-0.4028,0.266,0.4339,0.9565,0,0,0,0,0,0,0,0,0,0,0,0,0,0,0
"A_Cmpn",0,0,0,0,0,0,0,0,0,0,0,0,0,0,0,0,0.7755,0,0,0,0,0,0,0,0,0,0,0,0,0,0
"A_Rspct",0,0,0,0,0,0,0,0,0,0,0,0,0,0,0,0,0,0.4247,0,0,0,0,0,0,0,0,0,0,0,0,0
"A_Trust",0,0,0,0,0,0,0,0,0,0,0,0,0,0,0,0,0,0,0.9082,0,0,0,0,0,0,0,0,0,0,0,0
"C_Org",0,0,0,0,0,0,0,0,0,0,0,0,0,0,0,0,0,0,0,0.8251,0,0,0,0,0,0,0,0,0,0,0
"C_Prdctv",0,0,0,0,0,0,0,0,0,0,0,0,0,0,0,0,0,0,0,0,0.6973,0,0,0,0,0,0,0,0,0,0
"C_Rspnbl",0,0,0,0,0,0,0,0,0,0,0,0,0,0,0,0,0,0,0,0,0,0.3843,0,0,0,0,0,0,0,0,0
"E_Assert",0,0,0,0,0,0,0,0,0,0,0,0,0,0,0,0,0,0,0,0,0,0,0.863,0,0,0,0,0,0,0,0
"E_EnerLev",0,0,0,0,0,0,0,0,0,0,0,0,0,0,0,0,0,0,0,0,0,0,0,0.553,0,0,0,0,0,0,0
"E_Scblty",0,0,0,0,0,0,0,0,0,0,0,0,0,0,0,0,0,0,0,0,0,0,0,0,0.6714,0,0,0,0,0,0
"N_Anxty",0,0,0,0,0,0,0,0,0,0,0,0,0,0,0,0,0,0,0,0,0,0,0,0,0,0.5195,0,0,0,0,0
"N_Depr",0,0,0,0,0,0,0,0,0,0,0,0,0,0,0,0,0,0,0,0,0,0,0,0,0,0,0.5969,0,0,0,0
"N_EmoVol",0,0,0,0,0,0,0,0,0,0,0,0,0,0,0,0,0,0,0,0,0,0,0,0,0,0,0,0.6141,0,0,0
"O_AesSens",0,0,0,0,0,0,0,0,0,0,0,0,0,0,0,0,0,0,0,0,0,0,0,0,0,0,0,0,0.5591,0,0
"O_CrtvImag",0,0,0,0,0,0,0,0,0,0,0,0,0,0,0,0,0,0,0,0,0,0,0,0,0,0,0,0,0,0.6443,0
"O_IntCur",0,0,0,0,0,0,0,0,0,0,0,0,0,0,0,0,0,0,0,0,0,0,0,0,0,0,0,0,0,0,0.5267
