"","cumsumT","A_Cmpnlag","A_Rspctlag","A_Trustlag","C_Orglag","C_Prdctvlag","C_Rspnbllag","E_Assertlag","E_EnerLevlag","E_Scbltylag","N_Anxtylag","N_Deprlag","N_EmoVollag","O_AesSenslag","O_CrtvImaglag","O_IntCurlag","A_Cmpn","A_Rspct","A_Trust","C_Org","C_Prdctv","C_Rspnbl","E_Assert","E_EnerLev","E_Scblty","N_Anxty","N_Depr","N_EmoVol","O_AesSens","O_CrtvImag","O_IntCur"
"cumsumT",1,-0.2687,-0.0966,0.1052,-0.0082,-0.0749,-0.0739,0.1283,0.0464,0.1298,-0.1569,-0.093,-5e-04,-0.1073,0.2202,-0.1148,0,0,0,0,0,0,0,0,0,0,0,0,0,0,0
"A_Cmpnlag",-0.2687,1,0.5229,0.2651,0.1143,0.1375,0.2299,-0.0902,0.358,0.2367,-0.2267,-0.2072,-0.3575,0.3003,0.1798,0.2967,0,0,0,0,0,0,0,0,0,0,0,0,0,0,0
"A_Rspctlag",-0.0966,0.5229,1,0.2289,0.1081,0.0071,0.2949,0.0927,0.2148,0.0608,-0.2941,-0.3206,-0.1937,0.09,0.0809,0.2021,0,0,0,0,0,0,0,0,0,0,0,0,0,0,0
"A_Trustlag",0.1052,0.2651,0.2289,1,0.151,0.0521,0.1604,-0.0751,0.1325,0.1833,-0.3808,-0.4105,-0.3786,0.1283,0.0048,-0.0223,0,0,0,0,0,0,0,0,0,0,0,0,0,0,0
"C_Orglag",-0.0082,0.1143,0.1081,0.151,1,0.058,0.3421,0.2319,0.2996,-0.0038,-0.224,-0.2986,-0.1477,0.3127,0.0649,0.1857,0,0,0,0,0,0,0,0,0,0,0,0,0,0,0
"C_Prdctvlag",-0.0749,0.1375,0.0071,0.0521,0.058,1,0.3996,0.286,0.3023,0.2432,-0.2299,-0.1253,-0.1395,0.1837,0.32,0.1594,0,0,0,0,0,0,0,0,0,0,0,0,0,0,0
"C_Rspnbllag",-0.0739,0.2299,0.2949,0.1604,0.3421,0.3996,1,0.1346,0.1942,0.0213,-0.3378,-0.3769,-0.3712,0.3506,0.0728,0.314,0,0,0,0,0,0,0,0,0,0,0,0,0,0,0
"E_Assertlag",0.1283,-0.0902,0.0927,-0.0751,0.2319,0.286,0.1346,1,0.4115,0.4108,-0.2543,-0.3043,-0.0139,-0.0735,0.3483,0.119,0,0,0,0,0,0,0,0,0,0,0,0,0,0,0
"E_EnerLevlag",0.0464,0.358,0.2148,0.1325,0.2996,0.3023,0.1942,0.4115,1,0.4149,-0.3023,-0.4305,-0.2363,0.1601,0.3397,0.1794,0,0,0,0,0,0,0,0,0,0,0,0,0,0,0
"E_Scbltylag",0.1298,0.2367,0.0608,0.1833,-0.0038,0.2432,0.0213,0.4108,0.4149,1,-0.2156,-0.3175,-0.2366,-0.018,0.2933,0.2359,0,0,0,0,0,0,0,0,0,0,0,0,0,0,0
"N_Anxtylag",-0.1569,-0.2267,-0.2941,-0.3808,-0.224,-0.2299,-0.3378,-0.2543,-0.3023,-0.2156,1,0.6992,0.5189,-0.1253,-0.1834,0.0216,0,0,0,0,0,0,0,0,0,0,0,0,0,0,0
"N_Deprlag",-0.093,-0.2072,-0.3206,-0.4105,-0.2986,-0.1253,-0.3769,-0.3043,-0.4305,-0.3175,0.6992,1,0.535,0.0055,-0.3203,-0.1555,0,0,0,0,0,0,0,0,0,0,0,0,0,0,0
"N_EmoVollag",-5e-04,-0.3575,-0.1937,-0.3786,-0.1477,-0.1395,-0.3712,-0.0139,-0.2363,-0.2366,0.5189,0.535,1,-0.0748,-0.1653,-0.1076,0,0,0,0,0,0,0,0,0,0,0,0,0,0,0
"O_AesSenslag",-0.1073,0.3003,0.09,0.1283,0.3127,0.1837,0.3506,-0.0735,0.1601,-0.018,-0.1253,0.0055,-0.0748,1,-0.0522,0.208,0,0,0,0,0,0,0,0,0,0,0,0,0,0,0
"O_CrtvImaglag",0.2202,0.1798,0.0809,0.0048,0.0649,0.32,0.0728,0.3483,0.3397,0.2933,-0.1834,-0.3203,-0.1653,-0.0522,1,0.2518,0,0,0,0,0,0,0,0,0,0,0,0,0,0,0
"O_IntCurlag",-0.1148,0.2967,0.2021,-0.0223,0.1857,0.1594,0.314,0.119,0.1794,0.2359,0.0216,-0.1555,-0.1076,0.208,0.2518,1,0,0,0,0,0,0,0,0,0,0,0,0,0,0,0
"A_Cmpn",0,0,0,0,0,0,0,0,0,0,0,0,0,0,0,0,0.6999,0,0,0,0,0,0,0,0,0,0,0,0,0,0
"A_Rspct",0,0,0,0,0,0,0,0,0,0,0,0,0,0,0,0,0,0.655,0,0,0,0,0,0,0,0,0,0,0,0,0
"A_Trust",0,0,0,0,0,0,0,0,0,0,0,0,0,0,0,0,0,0,0.5495,0,0,0,0,0,0,0,0,0,0,0,0
"C_Org",0,0,0,0,0,0,0,0,0,0,0,0,0,0,0,0,0,0,0,1.0379,0,0,0,0,0,0,0,0,0,0,0
"C_Prdctv",0,0,0,0,0,0,0,0,0,0,0,0,0,0,0,0,0,0,0,0,0.8541,0,0,0,0,0,0,0,0,0,0
"C_Rspnbl",0,0,0,0,0,0,0,0,0,0,0,0,0,0,0,0,0,0,0,0,0,0.983,0,0,0,0,0,0,0,0,0
"E_Assert",0,0,0,0,0,0,0,0,0,0,0,0,0,0,0,0,0,0,0,0,0,0,0.5816,0,0,0,0,0,0,0,0
"E_EnerLev",0,0,0,0,0,0,0,0,0,0,0,0,0,0,0,0,0,0,0,0,0,0,0,0.7404,0,0,0,0,0,0,0
"E_Scblty",0,0,0,0,0,0,0,0,0,0,0,0,0,0,0,0,0,0,0,0,0,0,0,0,0.8501,0,0,0,0,0,0
"N_Anxty",0,0,0,0,0,0,0,0,0,0,0,0,0,0,0,0,0,0,0,0,0,0,0,0,0,0.4453,0,0,0,0,0
"N_Depr",0,0,0,0,0,0,0,0,0,0,0,0,0,0,0,0,0,0,0,0,0,0,0,0,0,0,0.5439,0,0,0,0
"N_EmoVol",0,0,0,0,0,0,0,0,0,0,0,0,0,0,0,0,0,0,0,0,0,0,0,0,0,0,0,0.9799,0,0,0
"O_AesSens",0,0,0,0,0,0,0,0,0,0,0,0,0,0,0,0,0,0,0,0,0,0,0,0,0,0,0,0,0.9091,0,0
"O_CrtvImag",0,0,0,0,0,0,0,0,0,0,0,0,0,0,0,0,0,0,0,0,0,0,0,0,0,0,0,0,0,0.6327,0
"O_IntCur",0,0,0,0,0,0,0,0,0,0,0,0,0,0,0,0,0,0,0,0,0,0,0,0,0,0,0,0,0,0,0.8574
