"","cumsumT","A_Cmpnlag","A_Rspctlag","A_Trustlag","C_Orglag","C_Prdctvlag","C_Rspnbllag","E_Assertlag","E_EnerLevlag","E_Scbltylag","N_Anxtylag","N_Deprlag","N_EmoVollag","O_AesSenslag","O_CrtvImaglag","O_IntCurlag","A_Cmpn","A_Rspct","A_Trust","C_Org","C_Prdctv","C_Rspnbl","E_Assert","E_EnerLev","E_Scblty","N_Anxty","N_Depr","N_EmoVol","O_AesSens","O_CrtvImag","O_IntCur"
"cumsumT",0.9414,-0.0434,-0.287,-0.1187,0.2401,0.2869,0.0134,0.2312,-0.0501,0.2957,-0.31,0.0273,-0.1978,0.0111,-0.018,0.17,0,0,0,0,0,0,0,0,0,0,0,0,0,0,0
"A_Cmpnlag",-0.0434,0.8805,0.1457,0.0934,-0.0417,-0.1032,0.0975,-0.2329,0.1976,0.2074,-0.2546,-0.4526,-0.2053,0.1651,0.118,0.1664,0,0,0,0,0,0,0,0,0,0,0,0,0,0,0
"A_Rspctlag",-0.287,0.1457,0.999,0.2339,0.216,0.1398,0.2537,-0.0082,0.504,0.1042,-0.2694,-0.1866,-0.4077,0.1054,0.376,-0.2036,0,0,0,0,0,0,0,0,0,0,0,0,0,0,0
"A_Trustlag",-0.1187,0.0934,0.2339,0.9863,0.1107,0.0974,0.1652,0.0203,0.3983,0.0856,-0.2149,-0.4061,-0.2238,-0.0539,0.2049,0.0736,0,0,0,0,0,0,0,0,0,0,0,0,0,0,0
"C_Orglag",0.2401,-0.0417,0.216,0.1107,0.9274,0.116,0.1276,0.2162,0.1435,0.0043,-0.473,-0.1007,-0.4229,0.0705,0.2195,-0.0274,0,0,0,0,0,0,0,0,0,0,0,0,0,0,0
"C_Prdctvlag",0.2869,-0.1032,0.1398,0.0974,0.116,0.9986,0.2805,0.319,0.2231,0.234,-0.3481,-0.1806,-0.2148,-0.1774,0.2806,0.0333,0,0,0,0,0,0,0,0,0,0,0,0,0,0,0
"C_Rspnbllag",0.0134,0.0975,0.2537,0.1652,0.1276,0.2805,0.9971,0.1173,0.5601,0.3466,-0.4565,-0.3441,-0.2295,0.2407,0.2763,0.1578,0,0,0,0,0,0,0,0,0,0,0,0,0,0,0
"E_Assertlag",0.2312,-0.2329,-0.0082,0.0203,0.2162,0.319,0.1173,0.9931,-0.0724,0.0918,-0.172,0.1802,-0.2776,-0.0206,0.0464,0.1945,0,0,0,0,0,0,0,0,0,0,0,0,0,0,0
"E_EnerLevlag",-0.0501,0.1976,0.504,0.3983,0.1435,0.2231,0.5601,-0.0724,0.9999,0.2138,-0.5695,-0.6234,-0.5442,0.0333,0.5023,-0.0487,0,0,0,0,0,0,0,0,0,0,0,0,0,0,0
"E_Scbltylag",0.2957,0.2074,0.1042,0.0856,0.0043,0.234,0.3466,0.0918,0.2138,0.9999,-0.5067,-0.3136,-0.1508,0.3823,0.2905,0.1047,0,0,0,0,0,0,0,0,0,0,0,0,0,0,0
"N_Anxtylag",-0.31,-0.2546,-0.2694,-0.2149,-0.473,-0.3481,-0.4565,-0.172,-0.5695,-0.5067,0.9995,0.4843,0.5819,-0.3366,-0.4954,-0.2527,0,0,0,0,0,0,0,0,0,0,0,0,0,0,0
"N_Deprlag",0.0273,-0.4526,-0.1866,-0.4061,-0.1007,-0.1806,-0.3441,0.1802,-0.6234,-0.3136,0.4843,0.9964,0.5015,-0.0393,-0.3966,-0.1101,0,0,0,0,0,0,0,0,0,0,0,0,0,0,0
"N_EmoVollag",-0.1978,-0.2053,-0.4077,-0.2238,-0.4229,-0.2148,-0.2295,-0.2776,-0.5442,-0.1508,0.5819,0.5015,0.9955,-0.1114,-0.4344,0.0218,0,0,0,0,0,0,0,0,0,0,0,0,0,0,0
"O_AesSenslag",0.0111,0.1651,0.1054,-0.0539,0.0705,-0.1774,0.2407,-0.0206,0.0333,0.3823,-0.3366,-0.0393,-0.1114,0.9941,0.1868,0.0707,0,0,0,0,0,0,0,0,0,0,0,0,0,0,0
"O_CrtvImaglag",-0.018,0.118,0.376,0.2049,0.2195,0.2806,0.2763,0.0464,0.5023,0.2905,-0.4954,-0.3966,-0.4344,0.1868,0.996,0.3008,0,0,0,0,0,0,0,0,0,0,0,0,0,0,0
"O_IntCurlag",0.17,0.1664,-0.2036,0.0736,-0.0274,0.0333,0.1578,0.1945,-0.0487,0.1047,-0.2527,-0.1101,0.0218,0.0707,0.3008,0.9874,0,0,0,0,0,0,0,0,0,0,0,0,0,0,0
"A_Cmpn",0,0,0,0,0,0,0,0,0,0,0,0,0,0,0,0,1.9823,0,0,0,0,0,0,0,0,0,0,0,0,0,0
"A_Rspct",0,0,0,0,0,0,0,0,0,0,0,0,0,0,0,0,0,0.505,0,0,0,0,0,0,0,0,0,0,0,0,0
"A_Trust",0,0,0,0,0,0,0,0,0,0,0,0,0,0,0,0,0,0,0.8151,0,0,0,0,0,0,0,0,0,0,0,0
"C_Org",0,0,0,0,0,0,0,0,0,0,0,0,0,0,0,0,0,0,0,0.5151,0,0,0,0,0,0,0,0,0,0,0
"C_Prdctv",0,0,0,0,0,0,0,0,0,0,0,0,0,0,0,0,0,0,0,0,0.541,0,0,0,0,0,0,0,0,0,0
"C_Rspnbl",0,0,0,0,0,0,0,0,0,0,0,0,0,0,0,0,0,0,0,0,0,0.5129,0,0,0,0,0,0,0,0,0
"E_Assert",0,0,0,0,0,0,0,0,0,0,0,0,0,0,0,0,0,0,0,0,0,0,0.7749,0,0,0,0,0,0,0,0
"E_EnerLev",0,0,0,0,0,0,0,0,0,0,0,0,0,0,0,0,0,0,0,0,0,0,0,0.52,0,0,0,0,0,0,0
"E_Scblty",0,0,0,0,0,0,0,0,0,0,0,0,0,0,0,0,0,0,0,0,0,0,0,0,0.4843,0,0,0,0,0,0
"N_Anxty",0,0,0,0,0,0,0,0,0,0,0,0,0,0,0,0,0,0,0,0,0,0,0,0,0,0.1588,0,0,0,0,0
"N_Depr",0,0,0,0,0,0,0,0,0,0,0,0,0,0,0,0,0,0,0,0,0,0,0,0,0,0,0.493,0,0,0,0
"N_EmoVol",0,0,0,0,0,0,0,0,0,0,0,0,0,0,0,0,0,0,0,0,0,0,0,0,0,0,0,0.5247,0,0,0
"O_AesSens",0,0,0,0,0,0,0,0,0,0,0,0,0,0,0,0,0,0,0,0,0,0,0,0,0,0,0,0,0.6971,0,0
"O_CrtvImag",0,0,0,0,0,0,0,0,0,0,0,0,0,0,0,0,0,0,0,0,0,0,0,0,0,0,0,0,0,0.0416,0
"O_IntCur",0,0,0,0,0,0,0,0,0,0,0,0,0,0,0,0,0,0,0,0,0,0,0,0,0,0,0,0,0,0,1.1719
