"","cumsumT","A_Cmpnlag","A_Rspctlag","A_Trustlag","C_Orglag","C_Prdctvlag","C_Rspnbllag","E_Assertlag","E_EnerLevlag","E_Scbltylag","N_Anxtylag","N_Deprlag","N_EmoVollag","O_AesSenslag","O_CrtvImaglag","O_IntCurlag","A_Cmpn","A_Rspct","A_Trust","C_Org","C_Prdctv","C_Rspnbl","E_Assert","E_EnerLev","E_Scblty","N_Anxty","N_Depr","N_EmoVol","O_AesSens","O_CrtvImag","O_IntCur"
"cumsumT",1,0.0344,4e-04,0.2018,0,0.1215,0.057,0.2654,0.0469,0.0475,-4e-04,-0.2448,-0.1102,0.0946,0.2137,0.2349,0,0,0,0,0,0,0,0,0,0,0,0,0,0,0
"A_Cmpnlag",0.0344,1,0.2565,0.1796,0.0343,-0.0252,0.1853,0.1922,0.2383,0.2994,-0.2215,-0.2957,-0.1318,0.0422,0.0629,0.0599,0,0,0,0,0,0,0,0,0,0,0,0,0,0,0
"A_Rspctlag",4e-04,0.2565,1,0.2324,0.2292,0.1588,0.2419,0.0035,0.1806,0.1134,-0.1305,-0.1686,-0.1804,0.0551,0.2056,0.1296,0,0,0,0,0,0,0,0,0,0,0,0,0,0,0
"A_Trustlag",0.2018,0.1796,0.2324,1,-0.0305,-0.01,0.208,0.2001,0.2259,0.1851,-0.1546,-0.3183,-0.3188,0.1035,0.1094,0.1925,0,0,0,0,0,0,0,0,0,0,0,0,0,0,0
"C_Orglag",0,0.0343,0.2292,-0.0305,1,0.1842,0.169,0.0708,0.1793,0.1453,-0.1124,-0.035,-0.0899,0.0228,0.0976,0.07,0,0,0,0,0,0,0,0,0,0,0,0,0,0,0
"C_Prdctvlag",0.1215,-0.0252,0.1588,-0.01,0.1842,1,0.2944,0.0966,0.1409,0.2169,-0.1324,-0.1368,-3e-04,-0.1576,0.282,0.2261,0,0,0,0,0,0,0,0,0,0,0,0,0,0,0
"C_Rspnbllag",0.057,0.1853,0.2419,0.208,0.169,0.2944,1,-0.0602,0.1614,0.121,-0.1036,-0.067,-0.1573,-0.0985,0.1533,0.0795,0,0,0,0,0,0,0,0,0,0,0,0,0,0,0
"E_Assertlag",0.2654,0.1922,0.0035,0.2001,0.0708,0.0966,-0.0602,1,0.298,0.2869,-0.3066,-0.2703,0.0023,0.0399,0.1889,0.1413,0,0,0,0,0,0,0,0,0,0,0,0,0,0,0
"E_EnerLevlag",0.0469,0.2383,0.1806,0.2259,0.1793,0.1409,0.1614,0.298,1,0.4111,-0.3651,-0.288,-0.262,0.1458,0.1117,0.1787,0,0,0,0,0,0,0,0,0,0,0,0,0,0,0
"E_Scbltylag",0.0475,0.2994,0.1134,0.1851,0.1453,0.2169,0.121,0.2869,0.4111,1,-0.3237,-0.3005,-0.111,0.1925,0.2033,0.2437,0,0,0,0,0,0,0,0,0,0,0,0,0,0,0
"N_Anxtylag",-4e-04,-0.2215,-0.1305,-0.1546,-0.1124,-0.1324,-0.1036,-0.3066,-0.3651,-0.3237,1,0.5154,0.2288,-0.0928,-0.1607,-0.0173,0,0,0,0,0,0,0,0,0,0,0,0,0,0,0
"N_Deprlag",-0.2448,-0.2957,-0.1686,-0.3183,-0.035,-0.1368,-0.067,-0.2703,-0.288,-0.3005,0.5154,1,0.364,-0.0806,-0.1508,-0.1547,0,0,0,0,0,0,0,0,0,0,0,0,0,0,0
"N_EmoVollag",-0.1102,-0.1318,-0.1804,-0.3188,-0.0899,-3e-04,-0.1573,0.0023,-0.262,-0.111,0.2288,0.364,1,-0.1924,-0.0871,-0.1399,0,0,0,0,0,0,0,0,0,0,0,0,0,0,0
"O_AesSenslag",0.0946,0.0422,0.0551,0.1035,0.0228,-0.1576,-0.0985,0.0399,0.1458,0.1925,-0.0928,-0.0806,-0.1924,1,0.0659,0.3169,0,0,0,0,0,0,0,0,0,0,0,0,0,0,0
"O_CrtvImaglag",0.2137,0.0629,0.2056,0.1094,0.0976,0.282,0.1533,0.1889,0.1117,0.2033,-0.1607,-0.1508,-0.0871,0.0659,1,0.3591,0,0,0,0,0,0,0,0,0,0,0,0,0,0,0
"O_IntCurlag",0.2349,0.0599,0.1296,0.1925,0.07,0.2261,0.0795,0.1413,0.1787,0.2437,-0.0173,-0.1547,-0.1399,0.3169,0.3591,1,0,0,0,0,0,0,0,0,0,0,0,0,0,0,0
"A_Cmpn",0,0,0,0,0,0,0,0,0,0,0,0,0,0,0,0,0.8124,0,0,0,0,0,0,0,0,0,0,0,0,0,0
"A_Rspct",0,0,0,0,0,0,0,0,0,0,0,0,0,0,0,0,0,0.9845,0,0,0,0,0,0,0,0,0,0,0,0,0
"A_Trust",0,0,0,0,0,0,0,0,0,0,0,0,0,0,0,0,0,0,0.7908,0,0,0,0,0,0,0,0,0,0,0,0
"C_Org",0,0,0,0,0,0,0,0,0,0,0,0,0,0,0,0,0,0,0,0.9983,0,0,0,0,0,0,0,0,0,0,0
"C_Prdctv",0,0,0,0,0,0,0,0,0,0,0,0,0,0,0,0,0,0,0,0,0.9289,0,0,0,0,0,0,0,0,0,0
"C_Rspnbl",0,0,0,0,0,0,0,0,0,0,0,0,0,0,0,0,0,0,0,0,0,0.7121,0,0,0,0,0,0,0,0,0
"E_Assert",0,0,0,0,0,0,0,0,0,0,0,0,0,0,0,0,0,0,0,0,0,0,1.0332,0,0,0,0,0,0,0,0
"E_EnerLev",0,0,0,0,0,0,0,0,0,0,0,0,0,0,0,0,0,0,0,0,0,0,0,0.8376,0,0,0,0,0,0,0
"E_Scblty",0,0,0,0,0,0,0,0,0,0,0,0,0,0,0,0,0,0,0,0,0,0,0,0,0.8059,0,0,0,0,0,0
"N_Anxty",0,0,0,0,0,0,0,0,0,0,0,0,0,0,0,0,0,0,0,0,0,0,0,0,0,1.57,0,0,0,0,0
"N_Depr",0,0,0,0,0,0,0,0,0,0,0,0,0,0,0,0,0,0,0,0,0,0,0,0,0,0,0.6807,0,0,0,0
"N_EmoVol",0,0,0,0,0,0,0,0,0,0,0,0,0,0,0,0,0,0,0,0,0,0,0,0,0,0,0,0.8299,0,0,0
"O_AesSens",0,0,0,0,0,0,0,0,0,0,0,0,0,0,0,0,0,0,0,0,0,0,0,0,0,0,0,0,0.8939,0,0
"O_CrtvImag",0,0,0,0,0,0,0,0,0,0,0,0,0,0,0,0,0,0,0,0,0,0,0,0,0,0,0,0,0,0.8854,0
"O_IntCur",0,0,0,0,0,0,0,0,0,0,0,0,0,0,0,0,0,0,0,0,0,0,0,0,0,0,0,0,0,0,0.878
