"","cumsumT","A_Cmpnlag","A_Rspctlag","A_Trustlag","C_Orglag","C_Prdctvlag","C_Rspnbllag","E_Assertlag","E_EnerLevlag","E_Scbltylag","N_Anxtylag","N_Deprlag","N_EmoVollag","O_AesSenslag","O_CrtvImaglag","O_IntCurlag","A_Cmpn","A_Rspct","A_Trust","C_Org","C_Prdctv","C_Rspnbl","E_Assert","E_EnerLev","E_Scblty","N_Anxty","N_Depr","N_EmoVol","O_AesSens","O_CrtvImag","O_IntCur"
"cumsumT",0.973,0.0334,4e-04,0.199,0,0.1192,0.0561,0.2609,0.0457,0.0456,-4e-04,-0.2409,-0.1086,0.0924,0.2106,0.2311,0,0,0,0,0,0,0,0,0,0,0,0,0,0,0
"A_Cmpnlag",0.0334,0.971,0.2527,0.177,0.0337,-0.0247,0.1824,0.1888,0.2315,0.2872,-0.218,-0.2907,-0.1296,0.0412,0.0619,0.0589,0,0,0,0,0,0,0,0,0,0,0,0,0,0,0
"A_Rspctlag",4e-04,0.2527,0.9995,0.2323,0.2281,0.158,0.2416,0.0035,0.178,0.1103,-0.1302,-0.1682,-0.1801,0.0545,0.2054,0.1292,0,0,0,0,0,0,0,0,0,0,0,0,0,0,0
"A_Trustlag",0.199,0.177,0.2323,1,-0.0304,-0.01,0.2078,0.1994,0.2228,0.1801,-0.1544,-0.3175,-0.3183,0.1025,0.1093,0.192,0,0,0,0,0,0,0,0,0,0,0,0,0,0,0
"C_Orglag",0,0.0337,0.2281,-0.0304,0.9911,0.1824,0.1681,0.0702,0.176,0.1408,-0.1117,-0.0348,-0.0893,0.0225,0.0971,0.0695,0,0,0,0,0,0,0,0,0,0,0,0,0,0,0
"C_Prdctvlag",0.1192,-0.0247,0.158,-0.01,0.1824,0.9894,0.2925,0.0958,0.1382,0.21,-0.1315,-0.1357,-3e-04,-0.1552,0.2801,0.2243,0,0,0,0,0,0,0,0,0,0,0,0,0,0,0
"C_Rspnbllag",0.0561,0.1824,0.2416,0.2078,0.1681,0.2925,0.9978,-0.0599,0.159,0.1176,-0.1033,-0.0668,-0.1569,-0.0974,0.1529,0.0792,0,0,0,0,0,0,0,0,0,0,0,0,0,0,0
"E_Assertlag",0.2609,0.1888,0.0035,0.1994,0.0702,0.0958,-0.0599,0.9936,0.2929,0.2784,-0.3051,-0.2688,0.0023,0.0394,0.1881,0.1405,0,0,0,0,0,0,0,0,0,0,0,0,0,0,0
"E_EnerLevlag",0.0457,0.2315,0.178,0.2228,0.176,0.1382,0.159,0.2929,0.9723,0.3946,-0.3594,-0.2833,-0.258,0.1424,0.11,0.1757,0,0,0,0,0,0,0,0,0,0,0,0,0,0,0
"E_Scbltylag",0.0456,0.2872,0.1103,0.1801,0.1408,0.21,0.1176,0.2784,0.3946,0.9475,-0.3146,-0.2917,-0.1079,0.1856,0.1976,0.2366,0,0,0,0,0,0,0,0,0,0,0,0,0,0,0
"N_Anxtylag",-4e-04,-0.218,-0.1302,-0.1544,-0.1117,-0.1315,-0.1033,-0.3051,-0.3594,-0.3146,0.9967,0.5133,0.2281,-0.0917,-0.1602,-0.0172,0,0,0,0,0,0,0,0,0,0,0,0,0,0,0
"N_Deprlag",-0.2409,-0.2907,-0.1682,-0.3175,-0.0348,-0.1357,-0.0668,-0.2688,-0.2833,-0.2917,0.5133,0.9951,0.3626,-0.0796,-0.1502,-0.1539,0,0,0,0,0,0,0,0,0,0,0,0,0,0,0
"N_EmoVollag",-0.1086,-0.1296,-0.1801,-0.3183,-0.0893,-3e-04,-0.1569,0.0023,-0.258,-0.1079,0.2281,0.3626,0.997,-0.1902,-0.0869,-0.1393,0,0,0,0,0,0,0,0,0,0,0,0,0,0,0
"O_AesSenslag",0.0924,0.0412,0.0545,0.1025,0.0225,-0.1552,-0.0974,0.0394,0.1424,0.1856,-0.0917,-0.0796,-0.1902,0.9809,0.0652,0.313,0,0,0,0,0,0,0,0,0,0,0,0,0,0,0
"O_CrtvImaglag",0.2106,0.0619,0.2054,0.1093,0.0971,0.2801,0.1529,0.1881,0.11,0.1976,-0.1602,-0.1502,-0.0869,0.0652,0.9976,0.3577,0,0,0,0,0,0,0,0,0,0,0,0,0,0,0
"O_IntCurlag",0.2311,0.0589,0.1292,0.192,0.0695,0.2243,0.0792,0.1405,0.1757,0.2366,-0.0172,-0.1539,-0.1393,0.313,0.3577,0.9944,0,0,0,0,0,0,0,0,0,0,0,0,0,0,0
"A_Cmpn",0,0,0,0,0,0,0,0,0,0,0,0,0,0,0,0,0.8022,0,0,0,0,0,0,0,0,0,0,0,0,0,0
"A_Rspct",0,0,0,0,0,0,0,0,0,0,0,0,0,0,0,0,0,0.8594,0,0,0,0,0,0,0,0,0,0,0,0,0
"A_Trust",0,0,0,0,0,0,0,0,0,0,0,0,0,0,0,0,0,0,0.8119,0,0,0,0,0,0,0,0,0,0,0,0
"C_Org",0,0,0,0,0,0,0,0,0,0,0,0,0,0,0,0,0,0,0,0.9765,0,0,0,0,0,0,0,0,0,0,0
"C_Prdctv",0,0,0,0,0,0,0,0,0,0,0,0,0,0,0,0,0,0,0,0,0.895,0,0,0,0,0,0,0,0,0,0
"C_Rspnbl",0,0,0,0,0,0,0,0,0,0,0,0,0,0,0,0,0,0,0,0,0,0.7027,0,0,0,0,0,0,0,0,0
"E_Assert",0,0,0,0,0,0,0,0,0,0,0,0,0,0,0,0,0,0,0,0,0,0,1.0143,0,0,0,0,0,0,0,0
"E_EnerLev",0,0,0,0,0,0,0,0,0,0,0,0,0,0,0,0,0,0,0,0,0,0,0,0.8272,0,0,0,0,0,0,0
"E_Scblty",0,0,0,0,0,0,0,0,0,0,0,0,0,0,0,0,0,0,0,0,0,0,0,0,0.7973,0,0,0,0,0,0
"N_Anxty",0,0,0,0,0,0,0,0,0,0,0,0,0,0,0,0,0,0,0,0,0,0,0,0,0,1.5902,0,0,0,0,0
"N_Depr",0,0,0,0,0,0,0,0,0,0,0,0,0,0,0,0,0,0,0,0,0,0,0,0,0,0,0.6332,0,0,0,0
"N_EmoVol",0,0,0,0,0,0,0,0,0,0,0,0,0,0,0,0,0,0,0,0,0,0,0,0,0,0,0,0.8169,0,0,0
"O_AesSens",0,0,0,0,0,0,0,0,0,0,0,0,0,0,0,0,0,0,0,0,0,0,0,0,0,0,0,0,0.8576,0,0
"O_CrtvImag",0,0,0,0,0,0,0,0,0,0,0,0,0,0,0,0,0,0,0,0,0,0,0,0,0,0,0,0,0,0.8351,0
"O_IntCur",0,0,0,0,0,0,0,0,0,0,0,0,0,0,0,0,0,0,0,0,0,0,0,0,0,0,0,0,0,0,0.8728
